3946.57643,0.00271
3945.61220,0.00224
3944.64798,0.00163
3943.68375,0.00094
3942.71953,0.00033
3941.75530,-0.00002
3940.79107,0.00001
3939.82685,0.00044
3938.86262,0.00121
3937.89840,0.00207
3936.93417,0.00265
3935.96994,0.00269
3935.00572,0.00227
3934.04149,0.00177
3933.07727,0.00153
3932.11304,0.00160
3931.14882,0.00164
3930.18459,0.00135
3929.22036,0.00067
3928.25614,-0.00012
3927.29191,-0.00065
3926.32769,-0.00074
3925.36346,-0.00051
3924.39923,-0.00031
3923.43501,-0.00045
3922.47078,-0.00091
3921.50656,-0.00135
3920.54233,-0.00141
3919.57811,-0.00111
3918.61388,-0.00082
3917.64965,-0.00084
3916.68543,-0.00103
3915.72120,-0.00102
3914.75698,-0.00070
3913.79275,-0.00045
3912.82852,-0.00066
3911.86430,-0.00125
3910.90007,-0.00162
3909.93585,-0.00124
3908.97162,-0.00019
3908.00739,0.00092
3907.04317,0.00157
3906.07894,0.00173
3905.11472,0.00174
3904.15049,0.00185
3903.18627,0.00193
3902.22204,0.00171
3901.25781,0.00106
3900.29359,0.00017
3899.32936,-0.00059
3898.36514,-0.00092
3897.40091,-0.00077
3896.43668,-0.00032
3895.47246,0.00020
3894.50823,0.00060
3893.54401,0.00082
3892.57978,0.00082
3891.61556,0.00054
3890.65133,-0.00004
3889.68710,-0.00078
3888.72288,-0.00134
3887.75865,-0.00138
3886.79443,-0.00083
3885.83020,0.00004
3884.86597,0.00080
3883.90175,0.00115
3882.93752,0.00115
3881.97330,0.00103
3881.00907,0.00098
3880.04485,0.00097
3879.08062,0.00086
3878.11639,0.00059
3877.15217,0.00026
3876.18794,0.00003
3875.22372,-0.00003
3874.25949,-0.00005
3873.29526,-0.00018
3872.33104,-0.00041
3871.36681,-0.00061
3870.40259,-0.00063
3869.43836,-0.00052
3868.47413,-0.00049
3867.50991,-0.00071
3866.54568,-0.00113
3865.58146,-0.00152
3864.61723,-0.00164
3863.65301,-0.00148
3862.68878,-0.00122
3861.72455,-0.00111
3860.76033,-0.00129
3859.79610,-0.00166
3858.83188,-0.00197
3857.86765,-0.00197
3856.90342,-0.00162
3855.93920,-0.00114
3854.97497,-0.00084
3854.01075,-0.00093
3853.04652,-0.00132
3852.08230,-0.00173
3851.11807,-0.00194
3850.15384,-0.00197
3849.18962,-0.00199
3848.22539,-0.00215
3847.26117,-0.00235
3846.29694,-0.00238
3845.33271,-0.00206
3844.36849,-0.00144
3843.40426,-0.00073
3842.44004,-0.00017
3841.47581,0.00021
3840.51159,0.00046
3839.54736,0.00061
3838.58313,0.00058
3837.61891,0.00030
3836.65468,-0.00014
3835.69046,-0.00056
3834.72623,-0.00081
3833.76200,-0.00092
3832.79778,-0.00094
3831.83355,-0.00087
3830.86933,-0.00068
3829.90510,-0.00039
3828.94087,-0.00017
3827.97665,-0.00017
3827.01242,-0.00043
3826.04820,-0.00085
3825.08397,-0.00127
3824.11975,-0.00149
3823.15552,-0.00137
3822.19129,-0.00098
3821.22707,-0.00059
3820.26284,-0.00057
3819.29862,-0.00107
3818.33439,-0.00179
3817.37016,-0.00227
3816.40594,-0.00227
3815.44171,-0.00194
3814.47749,-0.00157
3813.51326,-0.00127
3812.54904,-0.00101
3811.58481,-0.00083
3810.62058,-0.00092
3809.65636,-0.00139
3808.69213,-0.00195
3807.72791,-0.00210
3806.76368,-0.00161
3805.79945,-0.00075
3804.83523,-0.00002
3803.87100,0.00030
3802.90678,0.00035
3801.94255,0.00040
3800.97832,0.00052
3800.01410,0.00059
3799.04987,0.00048
3798.08565,0.00022
3797.12142,-0.00005
3796.15720,-0.00024
3795.19297,-0.00034
3794.22874,-0.00034
3793.26452,-0.00023
3792.30029,0.00006
3791.33607,0.00055
3790.37184,0.00113
3789.40761,0.00159
3788.44339,0.00167
3787.47916,0.00126
3786.51494,0.00051
3785.55071,-0.00025
3784.58649,-0.00071
3783.62226,-0.00079
3782.65803,-0.00060
3781.69381,-0.00027
3780.72958,0.00012
3779.76536,0.00051
3778.80113,0.00080
3777.83690,0.00092
3776.87268,0.00088
3775.90845,0.00080
3774.94423,0.00080
3773.98000,0.00084
3773.01578,0.00083
3772.05155,0.00063
3771.08732,0.00019
3770.12310,-0.00041
3769.15887,-0.00096
3768.19465,-0.00120
3767.23042,-0.00099
3766.26619,-0.00046
3765.30197,0.00011
3764.33774,0.00045
3763.37352,0.00051
3762.40929,0.00040
3761.44506,0.00018
3760.48084,-0.00013
3759.51661,-0.00050
3758.55239,-0.00076
3757.58816,-0.00077
3756.62394,-0.00053
3755.65971,-0.00020
3754.69548,0.00005
3753.73126,0.00023
3752.76703,0.00043
3751.80281,0.00069
3750.83858,0.00091
3749.87435,0.00101
3748.91013,0.00096
3747.94590,0.00082
3746.98168,0.00064
3746.01745,0.00042
3745.05323,0.00016
3744.08900,-0.00006
3743.12477,-0.00020
3742.16055,-0.00028
3741.19632,-0.00029
3740.23210,-0.00023
3739.26787,-0.00010
3738.30364,0.00000
3737.33942,-0.00003
3736.37519,-0.00020
3735.41097,-0.00037
3734.44674,-0.00035
3733.48251,-0.00018
3732.51829,-0.00005
3731.55406,-0.00013
3730.58984,-0.00037
3729.62561,-0.00057
3728.66139,-0.00054
3727.69716,-0.00029
3726.73293,0.00006
3725.76871,0.00035
3724.80448,0.00053
3723.84026,0.00059
3722.87603,0.00058
3721.91180,0.00054
3720.94758,0.00049
3719.98335,0.00040
3719.01913,0.00023
3718.05490,-0.00003
3717.09068,-0.00030
3716.12645,-0.00042
3715.16222,-0.00033
3714.19800,-0.00005
3713.23377,0.00028
3712.26955,0.00054
3711.30532,0.00064
3710.34109,0.00057
3709.37687,0.00038
3708.41264,0.00016
3707.44842,-0.00001
3706.48419,-0.00008
3705.51997,-0.00006
3704.55574,0.00001
3703.59151,0.00009
3702.62729,0.00010
3701.66306,-0.00004
3700.69884,-0.00039
3699.73461,-0.00087
3698.77038,-0.00131
3697.80616,-0.00153
3696.84193,-0.00146
3695.87771,-0.00115
3694.91348,-0.00069
3693.94925,-0.00020
3692.98503,0.00020
3692.02080,0.00042
3691.05658,0.00049
3690.09235,0.00056
3689.12813,0.00082
3688.16390,0.00121
3687.19967,0.00151
3686.23545,0.00153
3685.27122,0.00137
3684.30700,0.00126
3683.34277,0.00132
3682.37854,0.00142
3681.41432,0.00133
3680.45009,0.00102
3679.48587,0.00070
3678.52164,0.00058
3677.55742,0.00065
3676.59319,0.00081
3675.62896,0.00100
3674.66474,0.00130
3673.70051,0.00167
3672.73629,0.00189
3671.77206,0.00169
3670.80783,0.00112
3669.84361,0.00054
3668.87938,0.00035
3667.91516,0.00057
3666.95093,0.00095
3665.98671,0.00118
3665.02248,0.00126
3664.05825,0.00131
3663.09403,0.00140
3662.12980,0.00148
3661.16558,0.00148
3660.20135,0.00158
3659.23712,0.00199
3658.27290,0.00276
3657.30867,0.00357
3656.34445,0.00398
3655.38022,0.00377
3654.41599,0.00316
3653.45177,0.00258
3652.48754,0.00231
3651.52332,0.00240
3650.55909,0.00271
3649.59487,0.00312
3648.63064,0.00348
3647.66641,0.00361
3646.70219,0.00332
3645.73796,0.00266
3644.77374,0.00200
3643.80951,0.00178
3642.84528,0.00213
3641.88106,0.00276
3640.91683,0.00321
3639.95261,0.00324
3638.98838,0.00300
3638.02416,0.00277
3637.05993,0.00270
3636.09570,0.00275
3635.13148,0.00279
3634.16725,0.00279
3633.20303,0.00281
3632.23880,0.00297
3631.27457,0.00332
3630.31035,0.00389
3629.34612,0.00456
3628.38190,0.00508
3627.41767,0.00522
3626.45344,0.00498
3625.48922,0.00459
3624.52499,0.00430
3623.56077,0.00419
3622.59654,0.00417
3621.63232,0.00415
3620.66809,0.00418
3619.70386,0.00432
3618.73964,0.00453
3617.77541,0.00465
3616.81119,0.00460
3615.84696,0.00448
3614.88273,0.00446
3613.91851,0.00458
3612.95428,0.00470
3611.99006,0.00471
3611.02583,0.00462
3610.06161,0.00455
3609.09738,0.00448
3608.13315,0.00422
3607.16893,0.00361
3606.20470,0.00282
3605.24048,0.00230
3604.27625,0.00242
3603.31202,0.00316
3602.34780,0.00408
3601.38357,0.00473
3600.41935,0.00495
3599.45512,0.00495
3598.49090,0.00492
3597.52667,0.00485
3596.56244,0.00460
3595.59822,0.00420
3594.63399,0.00400
3593.66977,0.00430
3592.70554,0.00500
3591.74131,0.00564
3590.77709,0.00578
3589.81286,0.00543
3588.84864,0.00498
3587.88441,0.00477
3586.92018,0.00484
3585.95596,0.00497
3584.99173,0.00496
3584.02751,0.00481
3583.06328,0.00461
3582.09906,0.00444
3581.13483,0.00434
3580.17060,0.00437
3579.20638,0.00461
3578.24215,0.00502
3577.27793,0.00547
3576.31370,0.00578
3575.34947,0.00587
3574.38525,0.00574
3573.42102,0.00547
3572.45680,0.00516
3571.49257,0.00489
3570.52835,0.00466
3569.56412,0.00437
3568.59989,0.00392
3567.63567,0.00335
3566.67144,0.00298
3565.70722,0.00317
3564.74299,0.00403
3563.77876,0.00523
3562.81454,0.00627
3561.85031,0.00675
3560.88609,0.00666
3559.92186,0.00622
3558.95764,0.00570
3557.99341,0.00525
3557.02918,0.00494
3556.06496,0.00478
3555.10073,0.00475
3554.13651,0.00477
3553.17228,0.00476
3552.20805,0.00472
3551.24383,0.00475
3550.27960,0.00497
3549.31538,0.00538
3548.35115,0.00579
3547.38692,0.00596
3546.42270,0.00577
3545.45847,0.00527
3544.49425,0.00468
3543.53002,0.00425
3542.56580,0.00410
3541.60157,0.00427
3540.63734,0.00467
3539.67312,0.00519
3538.70889,0.00571
3537.74467,0.00615
3536.78044,0.00653
3535.81621,0.00690
3534.85199,0.00729
3533.88776,0.00758
3532.92354,0.00758
3531.95931,0.00722
3530.99509,0.00668
3530.03086,0.00625
3529.06663,0.00606
3528.10241,0.00598
3527.13818,0.00583
3526.17396,0.00561
3525.20973,0.00550
3524.24550,0.00559
3523.28128,0.00564
3522.31705,0.00539
3521.35283,0.00483
3520.38860,0.00439
3519.42437,0.00446
3518.46015,0.00507
3517.49592,0.00584
3516.53170,0.00633
3515.56747,0.00644
3514.60325,0.00638
3513.63902,0.00641
3512.67479,0.00662
3511.71057,0.00691
3510.74634,0.00714
3509.78212,0.00715
3508.81789,0.00685
3507.85366,0.00626
3506.88944,0.00561
3505.92521,0.00519
3504.96099,0.00515
3503.99676,0.00532
3503.03254,0.00542
3502.06831,0.00534
3501.10408,0.00521
3500.13986,0.00528
3499.17563,0.00562
3498.21141,0.00610
3497.24718,0.00652
3496.28295,0.00671
3495.31873,0.00659
3494.35450,0.00618
3493.39028,0.00566
3492.42605,0.00538
3491.46183,0.00558
3490.49760,0.00623
3489.53337,0.00698
3488.56915,0.00747
3487.60492,0.00754
3486.64070,0.00728
3485.67647,0.00686
3484.71224,0.00642
3483.74802,0.00604
3482.78379,0.00582
3481.81957,0.00578
3480.85534,0.00582
3479.89111,0.00576
3478.92689,0.00555
3477.96266,0.00529
3476.99844,0.00515
3476.03421,0.00517
3475.06999,0.00525
3474.10576,0.00530
3473.14153,0.00534
3472.17731,0.00553
3471.21308,0.00603
3470.24886,0.00682
3469.28463,0.00771
3468.32040,0.00839
3467.35618,0.00852
3466.39195,0.00800
3465.42773,0.00704
3464.46350,0.00613
3463.49928,0.00573
3462.53505,0.00601
3461.57082,0.00670
3460.60660,0.00738
3459.64237,0.00778
3458.67815,0.00796
3457.71392,0.00822
3456.74969,0.00877
3455.78547,0.00951
3454.82124,0.01006
3453.85702,0.00998
3452.89279,0.00915
3451.92856,0.00790
3450.96434,0.00684
3450.00011,0.00644
3449.03589,0.00677
3448.07166,0.00745
3447.10744,0.00788
3446.14321,0.00768
3445.17898,0.00689
3444.21476,0.00603
3443.25053,0.00569
3442.28631,0.00608
3441.32208,0.00688
3440.35785,0.00751
3439.39363,0.00761
3438.42940,0.00730
3437.46518,0.00696
3436.50095,0.00683
3435.53673,0.00688
3434.57250,0.00700
3433.60827,0.00719
3432.64405,0.00754
3431.67982,0.00807
3430.71560,0.00860
3429.75137,0.00888
3428.78714,0.00872
3427.82292,0.00813
3426.85869,0.00731
3425.89447,0.00653
3424.93024,0.00606
3423.96602,0.00599
3423.00179,0.00612
3422.03756,0.00620
3421.07334,0.00608
3420.10911,0.00590
3419.14489,0.00580
3418.18066,0.00581
3417.21643,0.00586
3416.25221,0.00599
3415.28798,0.00635
3414.32376,0.00692
3413.35953,0.00740
3412.39530,0.00742
3411.43108,0.00700
3410.46685,0.00660
3409.50263,0.00665
3408.53840,0.00711
3407.57418,0.00760
3406.60995,0.00789
3405.64572,0.00815
3404.68150,0.00860
3403.71727,0.00915
3402.75305,0.00937
3401.78882,0.00902
3400.82459,0.00829
3399.86037,0.00767
3398.89614,0.00746
3397.93192,0.00759
3396.96769,0.00783
3396.00347,0.00808
3395.03924,0.00838
3394.07501,0.00873
3393.11079,0.00900
3392.14656,0.00906
3391.18234,0.00893
3390.21811,0.00869
3389.25388,0.00845
3388.28966,0.00821
3387.32543,0.00797
3386.36121,0.00774
3385.39698,0.00760
3384.43276,0.00760
3383.46853,0.00769
3382.50430,0.00775
3381.54008,0.00762
3380.57585,0.00731
3379.61163,0.00698
3378.64740,0.00686
3377.68317,0.00705
3376.71895,0.00741
3375.75472,0.00769
3374.79050,0.00774
3373.82627,0.00756
3372.86204,0.00727
3371.89782,0.00701
3370.93359,0.00690
3369.96937,0.00692
3369.00514,0.00692
3368.04092,0.00665
3367.07669,0.00607
3366.11246,0.00545
3365.14824,0.00523
3364.18401,0.00566
3363.21979,0.00658
3362.25556,0.00750
3361.29133,0.00805
3360.32711,0.00815
3359.36288,0.00790
3358.39866,0.00743
3357.43443,0.00684
3356.47021,0.00628
3355.50598,0.00595
3354.54175,0.00599
3353.57753,0.00639
3352.61330,0.00702
3351.64908,0.00773
3350.68485,0.00838
3349.72062,0.00873
3348.75640,0.00863
3347.79217,0.00818
3346.82795,0.00770
3345.86372,0.00751
3344.89949,0.00757
3343.93527,0.00760
3342.97104,0.00742
3342.00682,0.00721
3341.04259,0.00721
3340.07837,0.00741
3339.11414,0.00752
3338.14991,0.00733
3337.18569,0.00698
3336.22146,0.00684
3335.25724,0.00713
3334.29301,0.00766
3333.32878,0.00814
3332.36456,0.00838
3331.40033,0.00842
3330.43611,0.00831
3329.47188,0.00812
3328.50766,0.00787
3327.54343,0.00769
3326.57920,0.00766
3325.61498,0.00771
3324.65075,0.00768
3323.68653,0.00747
3322.72230,0.00717
3321.75807,0.00689
3320.79385,0.00664
3319.82962,0.00639
3318.86540,0.00617
3317.90117,0.00612
3316.93695,0.00636
3315.97272,0.00683
3315.00849,0.00735
3314.04427,0.00772
3313.08004,0.00788
3312.11582,0.00785
3311.15159,0.00764
3310.18736,0.00731
3309.22314,0.00703
3308.25891,0.00699
3307.29469,0.00728
3306.33046,0.00780
3305.36623,0.00833
3304.40201,0.00870
3303.43778,0.00883
3302.47356,0.00869
3301.50933,0.00836
3300.54511,0.00789
3299.58088,0.00739
3298.61665,0.00698
3297.65243,0.00673
3296.68820,0.00671
3295.72398,0.00694
3294.75975,0.00734
3293.79552,0.00773
3292.83130,0.00789
3291.86707,0.00771
3290.90285,0.00734
3289.93862,0.00700
3288.97440,0.00682
3288.01017,0.00676
3287.04594,0.00665
3286.08172,0.00644
3285.11749,0.00625
3284.15327,0.00626
3283.18904,0.00650
3282.22481,0.00683
3281.26059,0.00710
3280.29636,0.00724
3279.33214,0.00731
3278.36791,0.00736
3277.40369,0.00734
3276.43946,0.00714
3275.47523,0.00669
3274.51101,0.00611
3273.54678,0.00559
3272.58256,0.00527
3271.61833,0.00512
3270.65410,0.00505
3269.68988,0.00511
3268.72565,0.00544
3267.76143,0.00608
3266.79720,0.00678
3265.83297,0.00717
3264.86875,0.00706
3263.90452,0.00661
3262.94030,0.00622
3261.97607,0.00614
3261.01185,0.00632
3260.04762,0.00653
3259.08339,0.00658
3258.11917,0.00644
3257.15494,0.00617
3256.19072,0.00585
3255.22649,0.00562
3254.26226,0.00560
3253.29804,0.00589
3252.33381,0.00637
3251.36959,0.00683
3250.40536,0.00709
3249.44114,0.00713
3248.47691,0.00709
3247.51268,0.00714
3246.54846,0.00727
3245.58423,0.00730
3244.62001,0.00695
3243.65578,0.00612
3242.69155,0.00509
3241.72733,0.00433
3240.76310,0.00423
3239.79888,0.00475
3238.83465,0.00548
3237.87042,0.00601
3236.90620,0.00626
3235.94197,0.00642
3234.97775,0.00667
3234.01352,0.00690
3233.04930,0.00687
3232.08507,0.00648
3231.12084,0.00595
3230.15662,0.00561
3229.19239,0.00564
3228.22817,0.00593
3227.26394,0.00615
3226.29971,0.00601
3225.33549,0.00545
3224.37126,0.00472
3223.40704,0.00419
3222.44281,0.00413
3221.47859,0.00446
3220.51436,0.00490
3219.55013,0.00521
3218.58591,0.00545
3217.62168,0.00579
3216.65746,0.00632
3215.69323,0.00686
3214.72900,0.00713
3213.76478,0.00700
3212.80055,0.00651
3211.83633,0.00583
3210.87210,0.00513
3209.90788,0.00463
3208.94365,0.00454
3207.97942,0.00493
3207.01520,0.00556
3206.05097,0.00602
3205.08675,0.00602
3204.12252,0.00564
3203.15829,0.00522
3202.19407,0.00500
3201.22984,0.00494
3200.26562,0.00486
3199.30139,0.00471
3198.33716,0.00471
3197.37294,0.00506
3196.40871,0.00570
3195.44449,0.00630
3194.48026,0.00654
3193.51604,0.00643
3192.55181,0.00627
3191.58758,0.00630
3190.62336,0.00652
3189.65913,0.00666
3188.69491,0.00656
3187.73068,0.00628
3186.76645,0.00604
3185.80223,0.00588
3184.83800,0.00568
3183.87378,0.00526
3182.90955,0.00466
3181.94533,0.00409
3180.98110,0.00374
3180.01687,0.00361
3179.05265,0.00358
3178.08842,0.00356
3177.12420,0.00359
3176.15997,0.00375
3175.19574,0.00404
3174.23152,0.00444
3173.26729,0.00490
3172.30307,0.00541
3171.33884,0.00588
3170.37461,0.00617
3169.41039,0.00612
3168.44616,0.00571
3167.48194,0.00509
3166.51771,0.00447
3165.55349,0.00404
3164.58926,0.00387
3163.62503,0.00388
3162.66081,0.00395
3161.69658,0.00402
3160.73236,0.00416
3159.76813,0.00447
3158.80390,0.00494
3157.83968,0.00540
3156.87545,0.00565
3155.91123,0.00563
3154.94700,0.00544
3153.98278,0.00526
3153.01855,0.00519
3152.05432,0.00517
3151.09010,0.00512
3150.12587,0.00498
3149.16165,0.00479
3148.19742,0.00464
3147.23319,0.00459
3146.26897,0.00464
3145.30474,0.00471
3144.34052,0.00469
3143.37629,0.00451
3142.41207,0.00422
3141.44784,0.00393
3140.48361,0.00374
3139.51939,0.00372
3138.55516,0.00382
3137.59094,0.00397
3136.62671,0.00409
3135.66248,0.00410
3134.69826,0.00401
3133.73403,0.00397
3132.76981,0.00413
3131.80558,0.00452
3130.84135,0.00496
3129.87713,0.00525
3128.91290,0.00524
3127.94868,0.00499
3126.98445,0.00459
3126.02023,0.00416
3125.05600,0.00382
3124.09177,0.00368
3123.12755,0.00380
3122.16332,0.00408
3121.19910,0.00430
3120.23487,0.00434
3119.27064,0.00422
3118.30642,0.00405
3117.34219,0.00388
3116.37797,0.00371
3115.41374,0.00358
3114.44952,0.00356
3113.48529,0.00363
3112.52106,0.00360
3111.55684,0.00331
3110.59261,0.00287
3109.62839,0.00262
3108.66416,0.00277
3107.69993,0.00314
3106.73571,0.00336
3105.77148,0.00324
3104.80726,0.00298
3103.84303,0.00295
3102.87881,0.00322
3101.91458,0.00353
3100.95035,0.00354
3099.98613,0.00322
3099.02190,0.00282
3098.05768,0.00260
3097.09345,0.00259
3096.12922,0.00268
3095.16500,0.00275
3094.20077,0.00283
3093.23655,0.00300
3092.27232,0.00328
3091.30809,0.00358
3090.34387,0.00376
3089.37964,0.00373
3088.41542,0.00355
3087.45119,0.00336
3086.48697,0.00327
3085.52274,0.00326
3084.55851,0.00324
3083.59429,0.00319
3082.63006,0.00317
3081.66584,0.00323
3080.70161,0.00330
3079.73738,0.00317
3078.77316,0.00273
3077.80893,0.00212
3076.84471,0.00156
3075.88048,0.00123
3074.91626,0.00116
3073.95203,0.00132
3072.98780,0.00173
3072.02358,0.00232
3071.05935,0.00294
3070.09513,0.00332
3069.13090,0.00334
3068.16667,0.00309
3067.20245,0.00277
3066.23822,0.00250
3065.27400,0.00234
3064.30977,0.00234
3063.34554,0.00253
3062.38132,0.00283
3061.41709,0.00309
3060.45287,0.00318
3059.48864,0.00319
3058.52442,0.00329
3057.56019,0.00351
3056.59596,0.00366
3055.63174,0.00351
3054.66751,0.00306
3053.70329,0.00252
3052.73906,0.00208
3051.77483,0.00182
3050.81061,0.00179
3049.84638,0.00204
3048.88216,0.00254
3047.91793,0.00306
3046.95371,0.00323
3045.98948,0.00286
3045.02525,0.00222
3044.06103,0.00182
3043.09680,0.00196
3042.13258,0.00248
3041.16835,0.00290
3040.20412,0.00286
3039.23990,0.00236
3038.27567,0.00177
3037.31145,0.00147
3036.34722,0.00168
3035.38300,0.00228
3034.41877,0.00292
3033.45454,0.00324
3032.49032,0.00312
3031.52609,0.00276
3030.56187,0.00245
3029.59764,0.00238
3028.63341,0.00250
3027.66919,0.00269
3026.70496,0.00287
3025.74074,0.00303
3024.77651,0.00309
3023.81228,0.00292
3022.84806,0.00249
3021.88383,0.00199
3020.91961,0.00173
3019.95538,0.00183
3018.99116,0.00214
3018.02693,0.00235
3017.06270,0.00226
3016.09848,0.00194
3015.13425,0.00158
3014.17003,0.00131
3013.20580,0.00115
3012.24157,0.00109
3011.27735,0.00111
3010.31312,0.00123
3009.34890,0.00138
3008.38467,0.00145
3007.42045,0.00139
3006.45622,0.00128
3005.49199,0.00129
3004.52777,0.00150
3003.56354,0.00182
3002.59932,0.00202
3001.63509,0.00201
3000.67086,0.00183
2999.70664,0.00165
2998.74241,0.00153
2997.77819,0.00145
2996.81396,0.00129
2995.84974,0.00107
2994.88551,0.00083
2993.92128,0.00069
2992.95706,0.00070
2991.99283,0.00090
2991.02861,0.00130
2990.06438,0.00177
2989.10015,0.00208
2988.13593,0.00204
2987.17170,0.00167
2986.20748,0.00126
2985.24325,0.00108
2984.27902,0.00114
2983.31480,0.00127
2982.35057,0.00130
2981.38635,0.00129
2980.42212,0.00146
2979.45790,0.00182
2978.49367,0.00210
2977.52944,0.00197
2976.56522,0.00136
2975.60099,0.00063
2974.63677,0.00026
2973.67254,0.00049
2972.70831,0.00111
2971.74409,0.00165
2970.77986,0.00183
2969.81564,0.00170
2968.85141,0.00154
2967.88719,0.00153
2966.92296,0.00159
2965.95873,0.00157
2964.99451,0.00149
2964.03028,0.00155
2963.06606,0.00192
2962.10183,0.00253
2961.13760,0.00311
2960.17338,0.00340
2959.20915,0.00337
2958.24493,0.00311
2957.28070,0.00273
2956.31647,0.00227
2955.35225,0.00181
2954.38802,0.00146
2953.42380,0.00134
2952.45957,0.00146
2951.49535,0.00171
2950.53112,0.00199
2949.56689,0.00223
2948.60267,0.00236
2947.63844,0.00234
2946.67422,0.00215
2945.70999,0.00188
2944.74576,0.00165
2943.78154,0.00151
2942.81731,0.00140
2941.85309,0.00133
2940.88886,0.00134
2939.92464,0.00151
2938.96041,0.00178
2937.99618,0.00199
2937.03196,0.00201
2936.06773,0.00190
2935.10351,0.00179
2934.13928,0.00176
2933.17505,0.00178
2932.21083,0.00179
2931.24660,0.00178
2930.28238,0.00184
2929.31815,0.00205
2928.35393,0.00238
2927.38970,0.00273
2926.42547,0.00296
2925.46125,0.00299
2924.49702,0.00284
2923.53280,0.00258
2922.56857,0.00231
2921.60434,0.00211
2920.64012,0.00202
2919.67589,0.00204
2918.71167,0.00216
2917.74744,0.00231
2916.78321,0.00239
2915.81899,0.00231
2914.85476,0.00209
2913.89054,0.00182
2912.92631,0.00160
2911.96209,0.00149
2910.99786,0.00154
2910.03363,0.00182
2909.06941,0.00232
2908.10518,0.00292
2907.14096,0.00332
2906.17673,0.00327
2905.21250,0.00273
2904.24828,0.00195
2903.28405,0.00127
2902.31983,0.00093
2901.35560,0.00096
2900.39138,0.00117
2899.42715,0.00136
2898.46292,0.00139
2897.49870,0.00132
2896.53447,0.00134
2895.57025,0.00164
2894.60602,0.00219
2893.64179,0.00273
2892.67757,0.00299
2891.71334,0.00288
2890.74912,0.00253
2889.78489,0.00214
2888.82066,0.00176
2887.85644,0.00139
2886.89221,0.00108
2885.92799,0.00102
2884.96376,0.00130
2883.99954,0.00178
2883.03531,0.00215
2882.07108,0.00219
2881.10686,0.00195
2880.14263,0.00168
2879.17841,0.00156
2878.21418,0.00162
2877.24995,0.00184
2876.28573,0.00216
2875.32150,0.00252
2874.35728,0.00279
2873.39305,0.00278
2872.42883,0.00242
2871.46460,0.00186
2870.50037,0.00136
2869.53615,0.00114
2868.57192,0.00123
2867.60770,0.00149
2866.64347,0.00180
2865.67924,0.00209
2864.71502,0.00235
2863.75079,0.00250
2862.78657,0.00244
2861.82234,0.00209
2860.85812,0.00155
2859.89389,0.00106
2858.92966,0.00084
2857.96544,0.00094
2857.00121,0.00118
2856.03699,0.00136
2855.07276,0.00136
2854.10853,0.00123
2853.14431,0.00106
2852.18008,0.00090
2851.21586,0.00074
2850.25163,0.00059
2849.28740,0.00054
2848.32318,0.00066
2847.35895,0.00094
2846.39473,0.00129
2845.43050,0.00159
2844.46628,0.00171
2843.50205,0.00159
2842.53782,0.00127
2841.57360,0.00090
2840.60937,0.00067
2839.64515,0.00070
2838.68092,0.00090
2837.71669,0.00112
2836.75247,0.00122
2835.78824,0.00122
2834.82402,0.00120
2833.85979,0.00115
2832.89557,0.00103
2831.93134,0.00082
2830.96711,0.00058
2830.00289,0.00043
2829.03866,0.00045
2828.07444,0.00063
2827.11021,0.00096
2826.14598,0.00142
2825.18176,0.00187
2824.21753,0.00209
2823.25331,0.00195
2822.28908,0.00151
2821.32486,0.00104
2820.36063,0.00079
2819.39640,0.00084
2818.43218,0.00108
2817.46795,0.00133
2816.50373,0.00148
2815.53950,0.00150
2814.57527,0.00142
2813.61105,0.00131
2812.64682,0.00126
2811.68260,0.00125
2810.71837,0.00123
2809.75414,0.00114
2808.78992,0.00102
2807.82569,0.00096
2806.86147,0.00100
2805.89724,0.00105
2804.93302,0.00098
2803.96879,0.00075
2803.00456,0.00045
2802.04034,0.00018
2801.07611,-0.00003
2800.11189,-0.00015
2799.14766,-0.00013
2798.18343,0.00012
2797.21921,0.00053
2796.25498,0.00093
2795.29076,0.00112
2794.32653,0.00106
2793.36231,0.00086
2792.39808,0.00066
2791.43385,0.00054
2790.46963,0.00054
2789.50540,0.00069
2788.54118,0.00100
2787.57695,0.00140
2786.61272,0.00169
2785.64850,0.00169
2784.68427,0.00138
2783.72005,0.00088
2782.75582,0.00039
2781.79159,0.00008
2780.82737,-0.00001
2779.86314,0.00004
2778.89892,0.00006
2777.93469,-0.00007
2776.97047,-0.00035
2776.00624,-0.00066
2775.04201,-0.00083
2774.07779,-0.00082
2773.11356,-0.00065
2772.14934,-0.00038
2771.18511,-0.00006
2770.22088,0.00023
2769.25666,0.00042
2768.29243,0.00050
2767.32821,0.00058
2766.36398,0.00080
2765.39976,0.00115
2764.43553,0.00143
2763.47130,0.00138
2762.50708,0.00095
2761.54285,0.00036
2760.57863,-0.00008
2759.61440,-0.00020
2758.65017,-0.00010
2757.68595,0.00004
2756.72172,0.00010
2755.75750,0.00009
2754.79327,0.00011
2753.82905,0.00016
2752.86482,0.00017
2751.90059,0.00013
2750.93637,0.00015
2749.97214,0.00038
2749.00792,0.00081
2748.04369,0.00123
2747.07946,0.00136
2746.11524,0.00113
2745.15101,0.00075
2744.18679,0.00049
2743.22256,0.00043
2742.25833,0.00044
2741.29411,0.00040
2740.32988,0.00037
2739.36566,0.00051
2738.40143,0.00081
2737.43721,0.00110
2736.47298,0.00119
2735.50875,0.00105
2734.54453,0.00088
2733.58030,0.00084
2732.61608,0.00095
2731.65185,0.00112
2730.68762,0.00127
2729.72340,0.00136
2728.75917,0.00135
2727.79495,0.00121
2726.83072,0.00098
2725.86650,0.00075
2724.90227,0.00061
2723.93804,0.00053
2722.97382,0.00042
2722.00959,0.00026
2721.04537,0.00011
2720.08114,0.00009
2719.11691,0.00021
2718.15269,0.00041
2717.18846,0.00062
2716.22424,0.00085
2715.26001,0.00108
2714.29579,0.00128
2713.33156,0.00135
2712.36733,0.00129
2711.40311,0.00115
2710.43888,0.00100
2709.47466,0.00082
2708.51043,0.00054
2707.54620,0.00021
2706.58198,-0.00002
2705.61775,0.00001
2704.65353,0.00031
2703.68930,0.00071
2702.72507,0.00099
2701.76085,0.00100
2700.79662,0.00079
2699.83240,0.00050
2698.86817,0.00030
2697.90395,0.00025
2696.93972,0.00034
2695.97549,0.00047
2695.01127,0.00050
2694.04704,0.00037
2693.08282,0.00012
2692.11859,-0.00010
2691.15436,-0.00016
2690.19014,-0.00001
2689.22591,0.00024
2688.26169,0.00048
2687.29746,0.00062
2686.33324,0.00065
2685.36901,0.00059
2684.40478,0.00054
2683.44056,0.00055
2682.47633,0.00070
2681.51211,0.00094
2680.54788,0.00116
2679.58365,0.00126
2678.61943,0.00126
2677.65520,0.00129
2676.69098,0.00141
2675.72675,0.00157
2674.76252,0.00162
2673.79830,0.00149
2672.83407,0.00125
2671.86985,0.00102
2670.90562,0.00084
2669.94140,0.00067
2668.97717,0.00043
2668.01294,0.00014
2667.04872,-0.00016
2666.08449,-0.00043
2665.12027,-0.00064
2664.15604,-0.00074
2663.19181,-0.00061
2662.22759,-0.00021
2661.26336,0.00037
2660.29914,0.00090
2659.33491,0.00117
2658.37069,0.00114
2657.40646,0.00093
2656.44223,0.00076
2655.47801,0.00079
2654.51378,0.00097
2653.54956,0.00115
2652.58533,0.00120
2651.62110,0.00115
2650.65688,0.00114
2649.69265,0.00123
2648.72843,0.00133
2647.76420,0.00126
2646.79998,0.00096
2645.83575,0.00060
2644.87152,0.00038
2643.90730,0.00040
2642.94307,0.00054
2641.97885,0.00064
2641.01462,0.00061
2640.05039,0.00053
2639.08617,0.00049
2638.12194,0.00054
2637.15772,0.00066
2636.19349,0.00078
2635.22926,0.00083
2634.26504,0.00076
2633.30081,0.00055
2632.33659,0.00028
2631.37236,0.00012
2630.40814,0.00021
2629.44391,0.00059
2628.47968,0.00113
2627.51546,0.00159
2626.55123,0.00182
2625.58701,0.00180
2624.62278,0.00168
2623.65855,0.00162
2622.69433,0.00170
2621.73010,0.00186
2620.76588,0.00193
2619.80165,0.00176
2618.83743,0.00132
2617.87320,0.00074
2616.90897,0.00025
2615.94475,0.00002
2614.98052,0.00007
2614.01630,0.00030
2613.05207,0.00056
2612.08784,0.00078
2611.12362,0.00099
2610.15939,0.00120
2609.19517,0.00132
2608.23094,0.00129
2607.26672,0.00118
2606.30249,0.00115
2605.33826,0.00131
2604.37404,0.00153
2603.40981,0.00153
2602.44559,0.00120
2601.48136,0.00074
2600.51713,0.00049
2599.55291,0.00061
2598.58868,0.00088
2597.62446,0.00096
2596.66023,0.00070
2595.69600,0.00029
2594.73178,0.00003
2593.76755,0.00006
2592.80333,0.00028
2591.83910,0.00050
2590.87488,0.00060
2589.91065,0.00057
2588.94642,0.00050
2587.98220,0.00046
2587.01797,0.00050
2586.05375,0.00059
2585.08952,0.00065
2584.12529,0.00056
2583.16107,0.00033
2582.19684,0.00007
2581.23262,-0.00002
2580.26839,0.00020
2579.30417,0.00066
2578.33994,0.00114
2577.37571,0.00138
2576.41149,0.00126
2575.44726,0.00090
2574.48304,0.00058
2573.51881,0.00055
2572.55458,0.00083
2571.59036,0.00127
2570.62613,0.00165
2569.66191,0.00184
2568.69768,0.00184
2567.73345,0.00166
2566.76923,0.00137
2565.80500,0.00105
2564.84078,0.00084
2563.87655,0.00079
2562.91233,0.00085
2561.94810,0.00088
2560.98387,0.00077
2560.01965,0.00058
2559.05542,0.00047
2558.09120,0.00050
2557.12697,0.00063
2556.16274,0.00071
2555.19852,0.00063
2554.23429,0.00040
2553.27007,0.00014
2552.30584,-0.00005
2551.34162,-0.00010
2550.37739,-0.00003
2549.41316,0.00014
2548.44894,0.00041
2547.48471,0.00077
2546.52049,0.00112
2545.55626,0.00127
2544.59203,0.00112
2543.62781,0.00078
2542.66358,0.00051
2541.69936,0.00054
2540.73513,0.00086
2539.77091,0.00125
2538.80668,0.00151
2537.84245,0.00160
2536.87823,0.00161
2535.91400,0.00159
2534.94978,0.00149
2533.98555,0.00128
2533.02132,0.00095
2532.05710,0.00054
2531.09287,0.00007
2530.12865,-0.00038
2529.16442,-0.00070
2528.20019,-0.00071
2527.23597,-0.00037
2526.27174,0.00018
2525.30752,0.00066
2524.34329,0.00085
2523.37907,0.00076
2522.41484,0.00057
2521.45061,0.00049
2520.48639,0.00056
2519.52216,0.00069
2518.55794,0.00078
2517.59371,0.00078
2516.62948,0.00077
2515.66526,0.00081
2514.70103,0.00089
2513.73681,0.00088
2512.77258,0.00069
2511.80836,0.00034
2510.84413,-0.00006
2509.87990,-0.00033
2508.91568,-0.00037
2507.95145,-0.00018
2506.98723,0.00020
2506.02300,0.00062
2505.05877,0.00091
2504.09455,0.00096
2503.13032,0.00082
2502.16610,0.00066
2501.20187,0.00066
2500.23764,0.00080
2499.27342,0.00099
2498.30919,0.00111
2497.34497,0.00117
2496.38074,0.00121
2495.41652,0.00121
2494.45229,0.00113
2493.48806,0.00092
2492.52384,0.00067
2491.55961,0.00050
2490.59539,0.00047
2489.63116,0.00057
2488.66693,0.00073
2487.70271,0.00091
2486.73848,0.00111
2485.77426,0.00130
2484.81003,0.00146
2483.84581,0.00152
2482.88158,0.00142
2481.91735,0.00114
2480.95313,0.00079
2479.98890,0.00051
2479.02468,0.00046
2478.06045,0.00059
2477.09622,0.00073
2476.13200,0.00071
2475.16777,0.00051
2474.20355,0.00029
2473.23932,0.00017
2472.27510,0.00015
2471.31087,0.00015
2470.34664,0.00013
2469.38242,0.00011
2468.41819,0.00009
2467.45397,-0.00000
2466.48974,-0.00020
2465.52551,-0.00047
2464.56129,-0.00064
2463.59706,-0.00063
2462.63284,-0.00046
2461.66861,-0.00025
2460.70438,-0.00009
2459.74016,0.00001
2458.77593,0.00010
2457.81171,0.00019
2456.84748,0.00031
2455.88326,0.00048
2454.91903,0.00073
2453.95480,0.00105
2452.99058,0.00136
2452.02635,0.00155
2451.06213,0.00155
2450.09790,0.00139
2449.13367,0.00116
2448.16945,0.00093
2447.20522,0.00073
2446.24100,0.00055
2445.27677,0.00045
2444.31255,0.00046
2443.34832,0.00058
2442.38409,0.00073
2441.41987,0.00084
2440.45564,0.00090
2439.49142,0.00096
2438.52719,0.00102
2437.56296,0.00100
2436.59874,0.00085
2435.63451,0.00063
2434.67029,0.00050
2433.70606,0.00056
2432.74184,0.00072
2431.77761,0.00083
2430.81338,0.00081
2429.84916,0.00076
2428.88493,0.00077
2427.92071,0.00086
2426.95648,0.00091
2425.99225,0.00087
2425.02803,0.00076
2424.06380,0.00063
2423.09958,0.00050
2422.13535,0.00037
2421.17112,0.00030
2420.20690,0.00040
2419.24267,0.00066
2418.27845,0.00095
2417.31422,0.00113
2416.35000,0.00120
2415.38577,0.00128
2414.42154,0.00137
2413.45732,0.00138
2412.49309,0.00120
2411.52887,0.00088
2410.56464,0.00059
2409.60041,0.00045
2408.63619,0.00042
2407.67196,0.00041
2406.70774,0.00044
2405.74351,0.00056
2404.77929,0.00072
2403.81506,0.00078
2402.85083,0.00067
2401.88661,0.00050
2400.92238,0.00045
2399.95816,0.00060
2398.99393,0.00086
2398.02970,0.00107
2397.06548,0.00118
2396.10125,0.00118
2395.13703,0.00106
2394.17280,0.00083
2393.20857,0.00055
2392.24435,0.00040
2391.28012,0.00047
2390.31590,0.00075
2389.35167,0.00110
2388.38745,0.00144
2387.42322,0.00173
2386.45899,0.00191
2385.49477,0.00189
2384.53054,0.00161
2383.56632,0.00121
2382.60209,0.00087
2381.63786,0.00068
2380.67364,0.00057
2379.70941,0.00049
2378.74519,0.00051
2377.78096,0.00071
2376.81674,0.00103
2375.85251,0.00127
2374.88828,0.00127
2373.92406,0.00107
2372.95983,0.00081
2371.99561,0.00061
2371.03138,0.00047
2370.06715,0.00040
2369.10293,0.00042
2368.13870,0.00052
2367.17448,0.00057
2366.21025,0.00043
2365.24603,0.00020
2364.28180,0.00013
2363.31757,0.00039
2362.35335,0.00086
2361.38912,0.00123
2360.42490,0.00123
2359.46067,0.00085
2358.49644,0.00032
2357.53222,-0.00009
2356.56799,-0.00013
2355.60377,0.00025
2354.63954,0.00085
2353.67531,0.00135
2352.71109,0.00152
2351.74686,0.00146
2350.78264,0.00141
2349.81841,0.00146
2348.85419,0.00151
2347.88996,0.00141
2346.92573,0.00119
2345.96151,0.00106
2344.99728,0.00115
2344.03306,0.00140
2343.06883,0.00161
2342.10460,0.00169
2341.14038,0.00169
2340.17615,0.00165
2339.21193,0.00158
2338.24770,0.00149
2337.28348,0.00144
2336.31925,0.00146
2335.35502,0.00148
2334.39080,0.00139
2333.42657,0.00123
2332.46235,0.00116
2331.49812,0.00125
2330.53389,0.00140
2329.56967,0.00148
2328.60544,0.00141
2327.64122,0.00124
2326.67699,0.00105
2325.71277,0.00087
2324.74854,0.00077
2323.78431,0.00086
2322.82009,0.00110
2321.85586,0.00132
2320.89164,0.00130
2319.92741,0.00108
2318.96318,0.00086
2317.99896,0.00081
2317.03473,0.00090
2316.07051,0.00101
2315.10628,0.00117
2314.14205,0.00145
2313.17783,0.00177
2312.21360,0.00189
2311.24938,0.00163
2310.28515,0.00117
2309.32093,0.00088
2308.35670,0.00098
2307.39247,0.00131
2306.42825,0.00156
2305.46402,0.00154
2304.49980,0.00134
2303.53557,0.00111
2302.57134,0.00091
2301.60712,0.00074
2300.64289,0.00061
2299.67867,0.00059
2298.71444,0.00070
2297.75022,0.00091
2296.78599,0.00116
2295.82176,0.00136
2294.85754,0.00144
2293.89331,0.00136
2292.92909,0.00120
2291.96486,0.00110
2291.00063,0.00113
2290.03641,0.00122
2289.07218,0.00126
2288.10796,0.00117
2287.14373,0.00099
2286.17950,0.00076
2285.21528,0.00052
2284.25105,0.00033
2283.28683,0.00030
2282.32260,0.00047
2281.35838,0.00070
2280.39415,0.00078
2279.42992,0.00066
2278.46570,0.00049
2277.50147,0.00047
2276.53725,0.00060
2275.57302,0.00078
2274.60879,0.00092
2273.64457,0.00110
2272.68034,0.00136
2271.71612,0.00159
2270.75189,0.00161
2269.78767,0.00139
2268.82344,0.00105
2267.85921,0.00076
2266.89499,0.00056
2265.93076,0.00043
2264.96654,0.00035
2264.00231,0.00037
2263.03808,0.00051
2262.07386,0.00075
2261.10963,0.00104
2260.14541,0.00133
2259.18118,0.00153
2258.21696,0.00145
2257.25273,0.00107
2256.28850,0.00059
2255.32428,0.00035
2254.36005,0.00051
2253.39583,0.00092
2252.43160,0.00127
2251.46737,0.00134
2250.50315,0.00105
2249.53892,0.00043
2248.57470,-0.00041
2247.61047,-0.00118
2246.64624,-0.00147
2245.68202,-0.00112
2244.71779,-0.00038
2243.75357,0.00026
2242.78934,0.00049
2241.82512,0.00051
2240.86089,0.00064
2239.89666,0.00098
2238.93244,0.00126
2237.96821,0.00122
2237.00399,0.00086
2236.03976,0.00046
2235.07553,0.00027
2234.11131,0.00033
2233.14708,0.00051
2232.18286,0.00069
2231.21863,0.00083
2230.25441,0.00094
2229.29018,0.00106
2228.32595,0.00120
2227.36173,0.00132
2226.39750,0.00137
2225.43328,0.00131
2224.46905,0.00113
2223.50482,0.00087
2222.54060,0.00060
2221.57637,0.00033
2220.61215,0.00014
2219.64792,0.00011
2218.68369,0.00027
2217.71947,0.00052
2216.75524,0.00069
2215.79102,0.00067
2214.82679,0.00053
2213.86257,0.00045
2212.89834,0.00055
2211.93411,0.00079
2210.96989,0.00107
2210.00566,0.00127
2209.04144,0.00135
2208.07721,0.00131
2207.11298,0.00121
2206.14876,0.00113
2205.18453,0.00113
2204.22031,0.00123
2203.25608,0.00136
2202.29186,0.00150
2201.32763,0.00157
2200.36340,0.00155
2199.39918,0.00143
2198.43495,0.00125
2197.47073,0.00114
2196.50650,0.00116
2195.54227,0.00130
2194.57805,0.00144
2193.61382,0.00149
2192.64960,0.00144
2191.68537,0.00134
2190.72115,0.00119
2189.75692,0.00102
2188.79269,0.00089
2187.82847,0.00091
2186.86424,0.00109
2185.90002,0.00130
2184.93579,0.00133
2183.97156,0.00113
2183.00734,0.00083
2182.04311,0.00062
2181.07889,0.00059
2180.11466,0.00065
2179.15043,0.00070
2178.18621,0.00074
2177.22198,0.00084
2176.25776,0.00105
2175.29353,0.00131
2174.32931,0.00151
2173.36508,0.00156
2172.40085,0.00146
2171.43663,0.00129
2170.47240,0.00110
2169.50818,0.00092
2168.54395,0.00076
2167.57972,0.00068
2166.61550,0.00074
2165.65127,0.00094
2164.68705,0.00122
2163.72282,0.00147
2162.75860,0.00165
2161.79437,0.00179
2160.83014,0.00192
2159.86592,0.00201
2158.90169,0.00198
2157.93747,0.00181
2156.97324,0.00153
2156.00901,0.00121
2155.04479,0.00086
2154.08056,0.00055
2153.11634,0.00040
2152.15211,0.00057
2151.18789,0.00103
2150.22366,0.00154
2149.25943,0.00181
2148.29521,0.00171
2147.33098,0.00138
2146.36676,0.00107
2145.40253,0.00091
2144.43830,0.00089
2143.47408,0.00093
2142.50985,0.00100
2141.54563,0.00110
2140.58140,0.00122
2139.61717,0.00135
2138.65295,0.00146
2137.68872,0.00159
2136.72450,0.00177
2135.76027,0.00204
2134.79605,0.00240
2133.83182,0.00278
2132.86759,0.00306
2131.90337,0.00313
2130.93914,0.00306
2129.97492,0.00309
2129.01069,0.00345
2128.04646,0.00412
2127.08224,0.00485
2126.11801,0.00533
2125.15379,0.00550
2124.18956,0.00555
2123.22534,0.00567
2122.26111,0.00591
2121.29688,0.00612
2120.33266,0.00615
2119.36843,0.00599
2118.40421,0.00574
2117.43998,0.00555
2116.47575,0.00553
2115.51153,0.00568
2114.54730,0.00590
2113.58308,0.00605
2112.61885,0.00599
2111.65462,0.00568
2110.69040,0.00522
2109.72617,0.00478
2108.76195,0.00454
2107.79772,0.00454
2106.83350,0.00469
2105.86927,0.00482
2104.90504,0.00478
2103.94082,0.00451
2102.97659,0.00411
2102.01237,0.00373
2101.04814,0.00352
2100.08391,0.00350
2099.11969,0.00360
2098.15546,0.00367
2097.19124,0.00361
2096.22701,0.00343
2095.26279,0.00322
2094.29856,0.00308
2093.33433,0.00303
2092.37011,0.00300
2091.40588,0.00293
2090.44166,0.00282
2089.47743,0.00268
2088.51320,0.00246
2087.54898,0.00211
2086.58475,0.00165
2085.62053,0.00125
2084.65630,0.00108
2083.69208,0.00114
2082.72785,0.00124
2081.76362,0.00123
2080.79940,0.00117
2079.83517,0.00118
2078.87095,0.00127
2077.90672,0.00130
2076.94249,0.00114
2075.97827,0.00087
2075.01404,0.00071
2074.04982,0.00077
2073.08559,0.00094
2072.12136,0.00107
2071.15714,0.00106
2070.19291,0.00096
2069.22869,0.00084
2068.26446,0.00069
2067.30024,0.00052
2066.33601,0.00043
2065.37178,0.00050
2064.40756,0.00074
2063.44333,0.00099
2062.47911,0.00113
2061.51488,0.00114
2060.55065,0.00110
2059.58643,0.00109
2058.62220,0.00109
2057.65798,0.00106
2056.69375,0.00095
2055.72953,0.00081
2054.76530,0.00075
2053.80107,0.00086
2052.83685,0.00112
2051.87262,0.00137
2050.90840,0.00145
2049.94417,0.00133
2048.97994,0.00119
2048.01572,0.00117
2047.05149,0.00126
2046.08727,0.00132
2045.12304,0.00121
2044.15882,0.00098
2043.19459,0.00077
2042.23036,0.00064
2041.26614,0.00057
2040.30191,0.00052
2039.33769,0.00055
2038.37346,0.00073
2037.40923,0.00096
2036.44501,0.00113
2035.48078,0.00115
2034.51656,0.00111
2033.55233,0.00111
2032.58810,0.00113
2031.62388,0.00108
2030.65965,0.00092
2029.69543,0.00071
2028.73120,0.00051
2027.76698,0.00033
2026.80275,0.00015
2025.83852,0.00004
2024.87430,0.00010
2023.91007,0.00034
2022.94585,0.00062
2021.98162,0.00080
2021.01739,0.00083
2020.05317,0.00076
2019.08894,0.00068
2018.12472,0.00063
2017.16049,0.00063
2016.19627,0.00071
2015.23204,0.00088
2014.26781,0.00109
2013.30359,0.00121
2012.33936,0.00117
2011.37514,0.00098
2010.41091,0.00071
2009.44668,0.00045
2008.48246,0.00026
2007.51823,0.00021
2006.55401,0.00028
2005.58978,0.00039
2004.62555,0.00045
2003.66133,0.00044
2002.69710,0.00045
2001.73288,0.00056
2000.76865,0.00072
1999.80443,0.00084
1998.84020,0.00085
1997.87597,0.00077
1996.91175,0.00071
1995.94752,0.00072
1994.98330,0.00075
1994.01907,0.00074
1993.05484,0.00062
1992.09062,0.00037
1991.12639,0.00005
1990.16217,-0.00025
1989.19794,-0.00037
1988.23372,-0.00027
1987.26949,-0.00000
1986.30526,0.00028
1985.34104,0.00048
1984.37681,0.00058
1983.41259,0.00059
1982.44836,0.00057
1981.48413,0.00055
1980.51991,0.00054
1979.55568,0.00057
1978.59146,0.00060
1977.62723,0.00063
1976.66301,0.00062
1975.69878,0.00061
1974.73455,0.00059
1973.77033,0.00052
1972.80610,0.00037
1971.84188,0.00017
1970.87765,0.00005
1969.91342,0.00010
1968.94920,0.00027
1967.98497,0.00042
1967.02075,0.00046
1966.05652,0.00040
1965.09229,0.00034
1964.12807,0.00036
1963.16384,0.00046
1962.19962,0.00058
1961.23539,0.00064
1960.27117,0.00063
1959.30694,0.00060
1958.34271,0.00060
1957.37849,0.00066
1956.41426,0.00075
1955.45004,0.00080
1954.48581,0.00084
1953.52158,0.00092
1952.55736,0.00101
1951.59313,0.00103
1950.62891,0.00090
1949.66468,0.00069
1948.70046,0.00055
1947.73623,0.00053
1946.77200,0.00054
1945.80778,0.00042
1944.84355,0.00016
1943.87933,-0.00004
1942.91510,0.00001
1941.95087,0.00029
1940.98665,0.00060
1940.02242,0.00074
1939.05820,0.00065
1938.09397,0.00048
1937.12974,0.00038
1936.16552,0.00048
1935.20129,0.00073
1934.23707,0.00101
1933.27284,0.00114
1932.30862,0.00105
1931.34439,0.00085
1930.38016,0.00069
1929.41594,0.00072
1928.45171,0.00090
1927.48749,0.00109
1926.52326,0.00119
1925.55903,0.00112
1924.59481,0.00083
1923.63058,0.00033
1922.66636,-0.00024
1921.70213,-0.00064
1920.73791,-0.00069
1919.77368,-0.00043
1918.80945,-0.00008
1917.84523,0.00019
1916.88100,0.00037
1915.91678,0.00048
1914.95255,0.00050
1913.98832,0.00035
1913.02410,0.00008
1912.05987,-0.00010
1911.09565,-0.00007
1910.13142,0.00011
1909.16720,0.00023
1908.20297,0.00020
1907.23874,0.00010
1906.27452,0.00011
1905.31029,0.00023
1904.34607,0.00037
1903.38184,0.00048
1902.41761,0.00058
1901.45339,0.00071
1900.48916,0.00081
1899.52494,0.00081
1898.56071,0.00068
1897.59648,0.00048
1896.63226,0.00028
1895.66803,0.00018
1894.70381,0.00025
1893.73958,0.00056
1892.77536,0.00105
1891.81113,0.00150
1890.84690,0.00168
1889.88268,0.00153
1888.91845,0.00122
1887.95423,0.00097
1886.99000,0.00091
1886.02577,0.00097
1885.06155,0.00105
1884.09732,0.00106
1883.13310,0.00100
1882.16887,0.00090
1881.20465,0.00080
1880.24042,0.00074
1879.27619,0.00072
1878.31197,0.00072
1877.34774,0.00068
1876.38352,0.00059
1875.41929,0.00045
1874.45506,0.00028
1873.49084,0.00009
1872.52661,-0.00003
1871.56239,-0.00002
1870.59816,0.00011
1869.63394,0.00022
1868.66971,0.00018
1867.70548,0.00000
1866.74126,-0.00015
1865.77703,-0.00016
1864.81281,-0.00007
1863.84858,0.00001
1862.88435,0.00007
1861.92013,0.00021
1860.95590,0.00045
1859.99168,0.00065
1859.02745,0.00064
1858.06322,0.00041
1857.09900,0.00020
1856.13477,0.00018
1855.17055,0.00032
1854.20632,0.00043
1853.24210,0.00041
1852.27787,0.00031
1851.31364,0.00025
1850.34942,0.00023
1849.38519,0.00022
1848.42097,0.00019
1847.45674,0.00018
1846.49251,0.00017
1845.52829,0.00011
1844.56406,-0.00000
1843.59984,-0.00008
1842.63561,-0.00002
1841.67139,0.00019
1840.70716,0.00043
1839.74293,0.00058
1838.77871,0.00064
1837.81448,0.00068
1836.85026,0.00076
1835.88603,0.00087
1834.92180,0.00101
1833.95758,0.00115
1832.99335,0.00128
1832.02913,0.00133
1831.06490,0.00123
1830.10067,0.00100
1829.13645,0.00069
1828.17222,0.00040
1827.20800,0.00023
1826.24377,0.00023
1825.27955,0.00040
1824.31532,0.00064
1823.35109,0.00082
1822.38687,0.00088
1821.42264,0.00085
1820.45842,0.00085
1819.49419,0.00089
1818.52996,0.00091
1817.56574,0.00085
1816.60151,0.00073
1815.63729,0.00064
1814.67306,0.00065
1813.70884,0.00069
1812.74461,0.00070
1811.78038,0.00067
1810.81616,0.00066
1809.85193,0.00070
1808.88771,0.00078
1807.92348,0.00086
1806.95925,0.00092
1805.99503,0.00092
1805.03080,0.00087
1804.06658,0.00078
1803.10235,0.00073
1802.13813,0.00082
1801.17390,0.00104
1800.20967,0.00130
1799.24545,0.00140
1798.28122,0.00126
1797.31700,0.00093
1796.35277,0.00058
1795.38854,0.00039
1794.42432,0.00048
1793.46009,0.00078
1792.49587,0.00113
1791.53164,0.00132
1790.56741,0.00124
1789.60319,0.00094
1788.63896,0.00063
1787.67474,0.00048
1786.71051,0.00055
1785.74629,0.00078
1784.78206,0.00104
1783.81783,0.00116
1782.85361,0.00105
1781.88938,0.00078
1780.92516,0.00051
1779.96093,0.00042
1778.99670,0.00052
1778.03248,0.00070
1777.06825,0.00084
1776.10403,0.00094
1775.13980,0.00110
1774.17558,0.00137
1773.21135,0.00165
1772.24712,0.00181
1771.28290,0.00179
1770.31867,0.00168
1769.35445,0.00156
1768.39022,0.00146
1767.42599,0.00135
1766.46177,0.00124
1765.49754,0.00114
1764.53332,0.00103
1763.56909,0.00092
1762.60487,0.00080
1761.64064,0.00077
1760.67641,0.00089
1759.71219,0.00113
1758.74796,0.00133
1757.78374,0.00136
1756.81951,0.00122
1755.85528,0.00104
1754.89106,0.00098
1753.92683,0.00107
1752.96261,0.00123
1751.99838,0.00130
1751.03415,0.00124
1750.06993,0.00112
1749.10570,0.00112
1748.14148,0.00129
1747.17725,0.00160
1746.21303,0.00192
1745.24880,0.00217
1744.28457,0.00236
1743.32035,0.00246
1742.35612,0.00242
1741.39190,0.00216
1740.42767,0.00177
1739.46344,0.00145
1738.49922,0.00138
1737.53499,0.00159
1736.57077,0.00195
1735.60654,0.00230
1734.64232,0.00255
1733.67809,0.00265
1732.71386,0.00257
1731.74964,0.00235
1730.78541,0.00211
1729.82119,0.00201
1728.85696,0.00203
1727.89273,0.00203
1726.92851,0.00189
1725.96428,0.00159
1725.00006,0.00132
1724.03583,0.00123
1723.07160,0.00139
1722.10738,0.00173
1721.14315,0.00217
1720.17893,0.00265
1719.21470,0.00307
1718.25048,0.00335
1717.28625,0.00342
1716.32202,0.00329
1715.35780,0.00308
1714.39357,0.00283
1713.42935,0.00260
1712.46512,0.00239
1711.50089,0.00218
1710.53667,0.00200
1709.57244,0.00186
1708.60822,0.00183
1707.64399,0.00196
1706.67977,0.00223
1705.71554,0.00255
1704.75131,0.00278
1703.78709,0.00289
1702.82286,0.00292
1701.85864,0.00297
1700.89441,0.00304
1699.93018,0.00312
1698.96596,0.00321
1698.00173,0.00331
1697.03751,0.00340
1696.07328,0.00338
1695.10906,0.00317
1694.14483,0.00281
1693.18060,0.00249
1692.21638,0.00240
1691.25215,0.00262
1690.28793,0.00312
1689.32370,0.00369
1688.35947,0.00412
1687.39525,0.00427
1686.43102,0.00420
1685.46680,0.00410
1684.50257,0.00415
1683.53834,0.00432
1682.57412,0.00438
1681.60989,0.00418
1680.64567,0.00378
1679.68144,0.00342
1678.71722,0.00331
1677.75299,0.00348
1676.78876,0.00376
1675.82454,0.00395
1674.86031,0.00393
1673.89609,0.00375
1672.93186,0.00353
1671.96763,0.00339
1671.00341,0.00343
1670.03918,0.00365
1669.07496,0.00397
1668.11073,0.00426
1667.14651,0.00443
1666.18228,0.00443
1665.21805,0.00429
1664.25383,0.00409
1663.28960,0.00392
1662.32538,0.00387
1661.36115,0.00397
1660.39692,0.00415
1659.43270,0.00431
1658.46847,0.00439
1657.50425,0.00439
1656.54002,0.00428
1655.57579,0.00404
1654.61157,0.00368
1653.64734,0.00333
1652.68312,0.00322
1651.71889,0.00340
1650.75467,0.00374
1649.79044,0.00404
1648.82621,0.00420
1647.86199,0.00426
1646.89776,0.00431
1645.93354,0.00431
1644.96931,0.00421
1644.00508,0.00398
1643.04086,0.00377
1642.07663,0.00370
1641.11241,0.00381
1640.14818,0.00396
1639.18396,0.00402
1638.21973,0.00399
1637.25550,0.00398
1636.29128,0.00405
1635.32705,0.00413
1634.36283,0.00409
1633.39860,0.00385
1632.43437,0.00351
1631.47015,0.00322
1630.50592,0.00305
1629.54170,0.00297
1628.57747,0.00290
1627.61325,0.00287
1626.64902,0.00292
1625.68479,0.00312
1624.72057,0.00342
1623.75634,0.00371
1622.79212,0.00386
1621.82789,0.00381
1620.86366,0.00357
1619.89944,0.00322
1618.93521,0.00286
1617.97099,0.00258
1617.00676,0.00243
1616.04253,0.00242
1615.07831,0.00254
1614.11408,0.00275
1613.14986,0.00295
1612.18563,0.00305
1611.22141,0.00298
1610.25718,0.00278
1609.29295,0.00253
1608.32873,0.00230
1607.36450,0.00205
1606.40028,0.00177
1605.43605,0.00156
1604.47182,0.00156
1603.50760,0.00180
1602.54337,0.00215
1601.57915,0.00241
1600.61492,0.00247
1599.65070,0.00240
1598.68647,0.00231
1597.72224,0.00228
1596.75802,0.00228
1595.79379,0.00227
1594.82957,0.00228
1593.86534,0.00233
1592.90111,0.00242
1591.93689,0.00251
1590.97266,0.00250
1590.00844,0.00232
1589.04421,0.00195
1588.07999,0.00151
1587.11576,0.00122
1586.15153,0.00127
1585.18731,0.00159
1584.22308,0.00194
1583.25886,0.00207
1582.29463,0.00196
1581.33040,0.00178
1580.36618,0.00169
1579.40195,0.00170
1578.43773,0.00168
1577.47350,0.00156
1576.50927,0.00134
1575.54505,0.00108
1574.58082,0.00084
1573.61660,0.00070
1572.65237,0.00073
1571.68815,0.00096
1570.72392,0.00129
1569.75969,0.00151
1568.79547,0.00150
1567.83124,0.00132
1566.86702,0.00115
1565.90279,0.00114
1564.93856,0.00129
1563.97434,0.00149
1563.01011,0.00162
1562.04589,0.00160
1561.08166,0.00145
1560.11744,0.00126
1559.15321,0.00117
1558.18898,0.00122
1557.22476,0.00129
1556.26053,0.00123
1555.29631,0.00102
1554.33208,0.00081
1553.36785,0.00081
1552.40363,0.00108
1551.43940,0.00146
1550.47518,0.00173
1549.51095,0.00179
1548.54672,0.00168
1547.58250,0.00158
1546.61827,0.00156
1545.65405,0.00161
1544.68982,0.00162
1543.72560,0.00153
1542.76137,0.00135
1541.79714,0.00117
1540.83292,0.00105
1539.86869,0.00098
1538.90447,0.00090
1537.94024,0.00084
1536.97601,0.00090
1536.01179,0.00113
1535.04756,0.00146
1534.08334,0.00172
1533.11911,0.00175
1532.15489,0.00155
1531.19066,0.00125
1530.22643,0.00104
1529.26221,0.00100
1528.29798,0.00113
1527.33376,0.00133
1526.36953,0.00148
1525.40530,0.00148
1524.44108,0.00134
1523.47685,0.00115
1522.51263,0.00107
1521.54840,0.00115
1520.58418,0.00131
1519.61995,0.00137
1518.65572,0.00124
1517.69150,0.00097
1516.72727,0.00072
1515.76305,0.00063
1514.79882,0.00076
1513.83459,0.00101
1512.87037,0.00125
1511.90614,0.00138
1510.94192,0.00138
1509.97769,0.00136
1509.01346,0.00139
1508.04924,0.00147
1507.08501,0.00149
1506.12079,0.00135
1505.15656,0.00109
1504.19234,0.00084
1503.22811,0.00069
1502.26388,0.00066
1501.29966,0.00071
1500.33543,0.00079
1499.37121,0.00092
1498.40698,0.00113
1497.44275,0.00141
1496.47853,0.00166
1495.51430,0.00176
1494.55008,0.00165
1493.58585,0.00135
1492.62163,0.00099
1491.65740,0.00075
1490.69317,0.00080
1489.72895,0.00116
1488.76472,0.00167
1487.80050,0.00205
1486.83627,0.00208
1485.87204,0.00170
1484.90782,0.00107
1483.94359,0.00043
1482.97937,0.00000
1482.01514,-0.00005
1481.05092,0.00026
1480.08669,0.00078
1479.12246,0.00124
1478.15824,0.00140
1477.19401,0.00123
1476.22979,0.00095
1475.26556,0.00080
1474.30133,0.00084
1473.33711,0.00091
1472.37288,0.00087
1471.40866,0.00075
1470.44443,0.00073
1469.48020,0.00085
1468.51598,0.00097
1467.55175,0.00096
1466.58753,0.00085
1465.62330,0.00082
1464.65908,0.00095
1463.69485,0.00115
1462.73062,0.00131
1461.76640,0.00154
1460.80217,0.00191
1459.83795,0.00226
1458.87372,0.00214
1457.90949,0.00129
1456.94527,-0.00004
1455.98104,-0.00124
1455.01682,-0.00189
1454.05259,-0.00198
1453.08837,-0.00169
1452.12414,-0.00108
1451.15991,-0.00018
1450.19569,0.00069
1449.23146,0.00106
1448.26724,0.00074
1447.30301,0.00004
1446.33878,-0.00049
1445.37456,-0.00053
1444.41033,-0.00017
1443.44611,0.00035
1442.48188,0.00078
1441.51765,0.00091
1440.55343,0.00057
1439.58920,-0.00015
1438.62498,-0.00082
1437.66075,-0.00102
1436.69653,-0.00072
1435.73230,-0.00030
1434.76807,-0.00005
1433.80385,0.00023
1432.83962,0.00094
1431.87540,0.00203
1430.91117,0.00288
1429.94694,0.00288
1428.98272,0.00212
1428.01849,0.00132
1427.05427,0.00117
1426.09004,0.00170
1425.12582,0.00234
1424.16159,0.00262
1423.19736,0.00250
1422.23314,0.00231
1421.26891,0.00231
1420.30469,0.00242
1419.34046,0.00237
1418.37623,0.00196
1417.41201,0.00126
1416.44778,0.00052
1415.48356,-0.00002
1414.51933,-0.00023
1413.55511,-0.00018
1412.59088,0.00003
1411.62665,0.00031
1410.66243,0.00065
1409.69820,0.00110
1408.73398,0.00163
1407.76975,0.00212
1406.80552,0.00243
1405.84130,0.00245
1404.87707,0.00220
1403.91285,0.00178
1402.94862,0.00127
1401.98439,0.00078
1401.02017,0.00048
1400.05594,0.00050
1399.09172,0.00077
1398.12749,0.00099
1397.16327,0.00080
1396.19904,0.00014
1395.23481,-0.00067
1394.27059,-0.00115
1393.30636,-0.00116
1392.34214,-0.00094
1391.37791,-0.00085
1390.41368,-0.00096
1389.44946,-0.00105
1388.48523,-0.00092
1387.52101,-0.00059
1386.55678,-0.00022
1385.59256,0.00012
1384.62833,0.00043
1383.66410,0.00066
1382.69988,0.00068
1381.73565,0.00047
1380.77143,0.00024
1379.80720,0.00030
1378.84297,0.00071
1377.87875,0.00122
1376.91452,0.00155
1375.95030,0.00164
1374.98607,0.00165
1374.02184,0.00173
1373.05762,0.00187
1372.09339,0.00196
1371.12917,0.00196
1370.16494,0.00192
1369.20072,0.00186
1368.23649,0.00177
1367.27226,0.00162
1366.30804,0.00139
1365.34381,0.00107
1364.37959,0.00070
1363.41536,0.00039
1362.45113,0.00031
1361.48691,0.00045
1360.52268,0.00068
1359.55846,0.00082
1358.59423,0.00085
1357.63001,0.00088
1356.66578,0.00092
1355.70155,0.00090
1354.73733,0.00076
1353.77310,0.00057
1352.80888,0.00048
1351.84465,0.00052
1350.88042,0.00058
1349.91620,0.00062
1348.95197,0.00076
1347.98775,0.00105
1347.02352,0.00137
1346.05930,0.00147
1345.09507,0.00131
1344.13084,0.00107
1343.16662,0.00086
1342.20239,0.00058
1341.23817,0.00010
1340.27394,-0.00044
1339.30971,-0.00068
1338.34549,-0.00042
1337.38126,0.00006
1336.41704,0.00021
1335.45281,-0.00018
1334.48858,-0.00085
1333.52436,-0.00130
1332.56013,-0.00124
1331.59591,-0.00078
1330.63168,-0.00016
1329.66746,0.00037
1328.70323,0.00068
1327.73900,0.00073
1326.77478,0.00061
1325.81055,0.00055
1324.84633,0.00073
1323.88210,0.00116
1322.91787,0.00161
1321.95365,0.00179
1320.98942,0.00152
1320.02520,0.00083
1319.06097,-0.00001
1318.09675,-0.00059
1317.13252,-0.00056
1316.16829,0.00007
1315.20407,0.00093
1314.23984,0.00157
1313.27562,0.00174
1312.31139,0.00150
1311.34716,0.00103
1310.38294,0.00048
1309.41871,0.00003
1308.45449,-0.00007
1307.49026,0.00027
1306.52604,0.00078
1305.56181,0.00104
1304.59758,0.00088
1303.63336,0.00056
1302.66913,0.00044
1301.70491,0.00059
1300.74068,0.00077
1299.77645,0.00080
1298.81223,0.00066
1297.84800,0.00030
1296.88378,-0.00047
1295.91955,-0.00162
1294.95532,-0.00267
1293.99110,-0.00294
1293.02687,-0.00216
1292.06265,-0.00073
1291.09842,0.00067
1290.13420,0.00171
1289.16997,0.00244
1288.20574,0.00289
1287.24152,0.00290
1286.27729,0.00243
1285.31307,0.00183
1284.34884,0.00155
1283.38461,0.00170
1282.42039,0.00188
1281.45616,0.00172
1280.49194,0.00126
1279.52771,0.00085
1278.56349,0.00071
1277.59926,0.00072
1276.63503,0.00067
1275.67081,0.00058
1274.70658,0.00059
1273.74236,0.00073
1272.77813,0.00087
1271.81390,0.00085
1270.84968,0.00069
1269.88545,0.00054
1268.92123,0.00050
1267.95700,0.00058
1266.99277,0.00067
1266.02855,0.00061
1265.06432,0.00027
1264.10010,-0.00028
1263.13587,-0.00079
1262.17165,-0.00091
1261.20742,-0.00056
1260.24319,0.00003
1259.27897,0.00054
1258.31474,0.00083
1257.35052,0.00097
1256.38629,0.00112
1255.42206,0.00128
1254.45784,0.00146
1253.49361,0.00172
1252.52939,0.00209
1251.56516,0.00240
1250.60094,0.00228
1249.63671,0.00148
1248.67248,0.00020
1247.70826,-0.00099
1246.74403,-0.00157
1245.77981,-0.00137
1244.81558,-0.00066
1243.85135,0.00014
1242.88713,0.00076
1241.92290,0.00115
1240.95868,0.00140
1239.99445,0.00152
1239.03023,0.00143
1238.06600,0.00102
1237.10177,0.00034
1236.13755,-0.00033
1235.17332,-0.00065
1234.20910,-0.00047
1233.24487,0.00008
1232.28064,0.00077
1231.31642,0.00141
1230.35219,0.00195
1229.38797,0.00228
1228.42374,0.00226
1227.45951,0.00174
1226.49529,0.00083
1225.53106,-0.00017
1224.56684,-0.00092
1223.60261,-0.00123
1222.63839,-0.00105
1221.67416,-0.00041
1220.70993,0.00061
1219.74571,0.00175
1218.78148,0.00270
1217.81726,0.00316
1216.85303,0.00303
1215.88880,0.00235
1214.92458,0.00131
1213.96035,0.00015
1212.99613,-0.00074
1212.03190,-0.00108
1211.06768,-0.00086
1210.10345,-0.00049
1209.13922,-0.00043
1208.17500,-0.00084
1207.21077,-0.00146
1206.24655,-0.00188
1205.28232,-0.00196
1204.31809,-0.00187
1203.35387,-0.00178
1202.38964,-0.00165
1201.42542,-0.00134
1200.46119,-0.00090
1199.49697,-0.00059
1198.53274,-0.00053
1197.56851,-0.00052
1196.60429,-0.00027
1195.64006,0.00022
1194.67584,0.00050
1193.71161,0.00012
1192.74738,-0.00089
1191.78316,-0.00195
1190.81893,-0.00246
1189.85471,-0.00217
1188.89048,-0.00124
1187.92625,-0.00002
1186.96203,0.00114
1185.99780,0.00192
1185.03358,0.00219
1184.06935,0.00210
1183.10513,0.00209
1182.14090,0.00249
1181.17667,0.00311
1180.21245,0.00344
1179.24822,0.00318
1178.28400,0.00262
1177.31977,0.00234
1176.35554,0.00254
1175.39132,0.00288
1174.42709,0.00279
1173.46287,0.00205
1172.49864,0.00088
1171.53442,-0.00035
1170.57019,-0.00134
1169.60596,-0.00196
1168.64174,-0.00215
1167.67751,-0.00198
1166.71329,-0.00165
1165.74906,-0.00131
1164.78483,-0.00088
1163.82061,-0.00015
1162.85638,0.00093
1161.89216,0.00208
1160.92793,0.00291
1159.96370,0.00316
1158.99948,0.00283
1158.03525,0.00204
1157.07103,0.00098
1156.10680,0.00002
1155.14258,-0.00036
1154.17835,-0.00004
1153.21412,0.00053
1152.24990,0.00071
1151.28567,0.00042
1150.32145,0.00036
1149.35722,0.00136
1148.39299,0.00333
1147.42877,0.00517
1146.46454,0.00562
1145.50032,0.00433
1144.53609,0.00190
1143.57187,-0.00077
1142.60764,-0.00314
1141.64341,-0.00508
1140.67919,-0.00639
1139.71496,-0.00683
1138.75074,-0.00636
1137.78651,-0.00534
1136.82228,-0.00423
1135.85806,-0.00324
1134.89383,-0.00227
1133.92961,-0.00117
1132.96538,0.00018
1132.00116,0.00185
1131.03693,0.00378
1130.07270,0.00541
1129.10848,0.00575
1128.14425,0.00399
1127.18003,0.00039
1126.21580,-0.00357
1125.25157,-0.00612
1124.28735,-0.00635
1123.32312,-0.00481
1122.35890,-0.00298
1121.39467,-0.00220
1120.43044,-0.00291
1119.46622,-0.00448
1118.50199,-0.00570
1117.53777,-0.00566
1116.57354,-0.00427
1115.60932,-0.00235
1114.64509,-0.00091
1113.68086,-0.00042
1112.71664,-0.00059
1111.75241,-0.00087
1110.78819,-0.00089
1109.82396,-0.00056
1108.85973,0.00026
1107.89551,0.00164
1106.93128,0.00318
1105.96706,0.00390
1105.00283,0.00307
1104.03861,0.00112
1103.07438,-0.00036
1102.11015,-0.00006
1101.14593,0.00185
1100.18170,0.00378
1099.21748,0.00424
1098.25325,0.00309
1097.28902,0.00135
1096.32480,0.00011
1095.36057,-0.00038
1094.39635,-0.00051
1093.43212,-0.00054
1092.46790,-0.00035
1091.50367,0.00026
1090.53944,0.00116
1089.57522,0.00190
1088.61099,0.00208
1087.64677,0.00173
1086.68254,0.00116
1085.71831,0.00080
1084.75409,0.00090
1083.78986,0.00162
1082.82564,0.00294
1081.86141,0.00461
1080.89718,0.00598
1079.93296,0.00621
1078.96873,0.00486
1078.00451,0.00241
1077.04028,0.00021
1076.07606,-0.00052
1075.11183,0.00040
1074.14760,0.00203
1073.18338,0.00322
1072.21915,0.00353
1071.25493,0.00323
1070.29070,0.00262
1069.32647,0.00159
1068.36225,-0.00005
1067.39802,-0.00190
1066.43380,-0.00296
1065.46957,-0.00242
1064.50535,-0.00040
1063.54112,0.00212
1062.57689,0.00399
1061.61267,0.00463
1060.64844,0.00413
1059.68422,0.00300
1058.71999,0.00187
1057.75576,0.00125
1056.79154,0.00134
1055.82731,0.00185
1054.86309,0.00221
1053.89886,0.00209
1052.93463,0.00165
1051.97041,0.00131
1051.00618,0.00133
1050.04196,0.00152
1049.07773,0.00155
1048.11351,0.00133
1047.14928,0.00104
1046.18505,0.00096
1045.22083,0.00126
1044.25660,0.00202
1043.29238,0.00324
1042.32815,0.00467
1041.36392,0.00576
1040.39970,0.00589
1039.43547,0.00497
1038.47125,0.00360
1037.50702,0.00264
1036.54280,0.00240
1035.57857,0.00245
1034.61434,0.00213
1033.65012,0.00133
1032.68589,0.00064
1031.72167,0.00071
1030.75744,0.00154
1029.79321,0.00252
1028.82899,0.00301
1027.86476,0.00286
1026.90054,0.00235
1025.93631,0.00182
1024.97209,0.00141
1024.00786,0.00114
1023.04363,0.00110
1022.07941,0.00133
1021.11518,0.00172
1020.15096,0.00200
1019.18673,0.00198
1018.22250,0.00163
1017.25828,0.00103
1016.29405,0.00025
1015.32983,-0.00062
1014.36560,-0.00136
1013.40137,-0.00185
1012.43715,-0.00218
1011.47292,-0.00257
1010.50870,-0.00300
1009.54447,-0.00314
1008.58025,-0.00274
1007.61602,-0.00217
1006.65179,-0.00212
1005.68757,-0.00282
1004.72334,-0.00354
1003.75912,-0.00322
1002.79489,-0.00163
1001.83066,0.00018
1000.86644,0.00079
999.90221,-0.00022
998.93799,-0.00192
997.97376,-0.00296
997.00954,-0.00278
996.04531,-0.00178
995.08108,-0.00074
994.11686,-0.00009
993.15263,0.00007
992.18841,-0.00027
991.22418,-0.00108
990.25995,-0.00197
989.29573,-0.00215
988.33150,-0.00095
987.36728,0.00138
986.40305,0.00356
985.43882,0.00426
984.47460,0.00326
983.51037,0.00168
982.54615,0.00083
981.58192,0.00102
980.61770,0.00147
979.65347,0.00152
978.68924,0.00155
977.72502,0.00241
976.76079,0.00416
975.79657,0.00574
974.83234,0.00615
973.86811,0.00585
972.90389,0.00627
971.93966,0.00797
970.97544,0.00943
970.01121,0.00850
969.04699,0.00474
968.08276,0.00009
967.11853,-0.00278
966.15431,-0.00261
965.19008,-0.00004
964.22586,0.00346
963.26163,0.00663
962.29740,0.00848
961.33318,0.00824
960.36895,0.00588
959.40473,0.00261
958.44050,0.00020
957.47628,-0.00061
956.51205,-0.00068
955.54782,-0.00124
954.58360,-0.00231
953.61937,-0.00268
952.65515,-0.00152
951.69092,0.00049
950.72669,0.00188
949.76247,0.00202
948.79824,0.00167
947.83402,0.00188
946.86979,0.00284
945.90556,0.00392
944.94134,0.00451
943.97711,0.00455
943.01289,0.00435
942.04866,0.00422
941.08444,0.00446
940.12021,0.00526
939.15598,0.00639
938.19176,0.00687
937.22753,0.00551
936.26331,0.00209
935.29908,-0.00203
934.33485,-0.00471
933.37063,-0.00449
932.40640,-0.00158
931.44218,0.00254
930.47795,0.00611
929.51373,0.00786
928.54950,0.00734
927.58527,0.00513
926.62105,0.00265
925.65682,0.00145
924.69260,0.00216
923.72837,0.00414
922.76414,0.00587
921.79992,0.00602
920.83569,0.00427
919.87147,0.00130
918.90724,-0.00164
917.94302,-0.00347
916.97879,-0.00376
916.01456,-0.00288
915.05034,-0.00195
914.08611,-0.00214
913.12189,-0.00394
912.15766,-0.00676
911.19343,-0.00931
910.22921,-0.01050
909.26498,-0.01002
908.30076,-0.00816
907.33653,-0.00538
906.37230,-0.00222
905.40808,0.00052
904.44385,0.00184
903.47963,0.00107
902.51540,-0.00157
901.55118,-0.00484
900.58695,-0.00734
899.62272,-0.00825
898.65850,-0.00757
897.69427,-0.00566
896.73005,-0.00295
895.76582,-0.00007
894.80159,0.00196
893.83737,0.00236
892.87314,0.00129
891.90892,-0.00003
890.94469,-0.00045
889.98047,-0.00011
889.01624,-0.00032
888.05201,-0.00215
887.08779,-0.00530
886.12356,-0.00842
885.15934,-0.01044
884.19511,-0.01118
883.23088,-0.01074
882.26666,-0.00893
881.30243,-0.00586
880.33821,-0.00268
879.37398,-0.00089
878.40975,-0.00072
877.44553,-0.00054
876.48130,0.00119
875.51708,0.00384
874.55285,0.00503
873.58863,0.00338
872.62440,0.00025
871.66017,-0.00180
870.69595,-0.00186
869.73172,-0.00133
868.76750,-0.00172
867.80327,-0.00261
866.83904,-0.00255
865.87482,-0.00141
864.91059,-0.00094
863.94637,-0.00267
862.98214,-0.00597
862.01792,-0.00863
861.05369,-0.00923
860.08946,-0.00831
859.12524,-0.00713
858.16101,-0.00609
857.19679,-0.00501
856.23256,-0.00416
855.26833,-0.00429
854.30411,-0.00537
853.33988,-0.00605
852.37566,-0.00492
851.41143,-0.00211
850.44721,0.00054
849.48298,0.00130
848.51875,0.00013
847.55453,-0.00139
846.59030,-0.00163
845.62608,-0.00020
844.66185,0.00211
843.69762,0.00415
842.73340,0.00503
841.76917,0.00433
840.80495,0.00214
839.84072,-0.00095
838.87649,-0.00392
837.91227,-0.00574
836.94804,-0.00592
835.98382,-0.00506
835.01959,-0.00451
834.05537,-0.00510
833.09114,-0.00609
832.12691,-0.00571
831.16269,-0.00294
830.19846,0.00107
829.23424,0.00393
828.27001,0.00429
827.30578,0.00309
826.34156,0.00205
825.37733,0.00119
824.41311,-0.00099
823.44888,-0.00490
822.48466,-0.00814
821.52043,-0.00736
820.55620,-0.00198
819.59198,0.00450
818.62775,0.00751
817.66353,0.00542
816.69930,0.00052
815.73507,-0.00337
814.77085,-0.00390
813.80662,-0.00125
812.84240,0.00269
811.87817,0.00578
810.91395,0.00659
809.94972,0.00508
808.98549,0.00243
808.02127,0.00013
807.05704,-0.00133
806.09282,-0.00251
805.12859,-0.00365
804.16436,-0.00365
803.20014,-0.00105
802.23591,0.00393
801.27169,0.00891
800.30746,0.01113
799.34323,0.00974
798.37901,0.00623
797.41478,0.00293
796.45056,0.00128
795.48633,0.00134
794.52211,0.00220
793.55788,0.00256
792.59365,0.00138
791.62943,-0.00141
790.66520,-0.00451
789.70098,-0.00607
788.73675,-0.00520
787.77252,-0.00291
786.80830,-0.00118
785.84407,-0.00117
784.87985,-0.00245
783.91562,-0.00366
782.95140,-0.00386
781.98717,-0.00314
781.02294,-0.00216
780.05872,-0.00146
779.09449,-0.00116
778.13027,-0.00094
777.16604,-0.00027
776.20181,0.00109
775.23759,0.00268
774.27336,0.00345
773.30914,0.00255
772.34491,0.00028
771.38068,-0.00183
770.41646,-0.00193
769.45223,0.00071
768.48801,0.00483
767.52378,0.00771
766.55956,0.00700
765.59533,0.00250
764.63110,-0.00349
763.66688,-0.00762
762.70265,-0.00774
761.73843,-0.00434
760.77420,0.00000
759.80997,0.00253
758.84575,0.00199
757.88152,-0.00091
756.91730,-0.00412
755.95307,-0.00538
754.98885,-0.00352
754.02462,0.00069
753.06039,0.00481
752.09617,0.00636
751.13194,0.00475
750.16772,0.00164
749.20349,-0.00078
748.23926,-0.00165
747.27504,-0.00173
746.31081,-0.00202
745.34659,-0.00249
744.38236,-0.00247
743.41814,-0.00180
742.45391,-0.00115
741.48968,-0.00129
740.52546,-0.00214
739.56123,-0.00284
738.59701,-0.00259
737.63278,-0.00126
736.66855,0.00056
735.70433,0.00190
734.74010,0.00194
733.77588,0.00065
732.81165,-0.00103
731.84742,-0.00178
730.88320,-0.00098
729.91897,0.00083
728.95475,0.00255
727.99052,0.00336
727.02630,0.00286
726.06207,0.00086
725.09784,-0.00255
724.13362,-0.00628
723.16939,-0.00816
722.20517,-0.00641
721.24094,-0.00167
720.27671,0.00307
719.31249,0.00485
718.34826,0.00323
717.38404,0.00014
716.41981,-0.00212
715.45559,-0.00279
714.49136,-0.00254
713.52713,-0.00223
712.56291,-0.00199
711.59868,-0.00148
710.63446,-0.00056
709.67023,0.00040
708.70600,0.00077
707.74178,0.00014
706.77755,-0.00124
705.81333,-0.00255
704.84910,-0.00283
703.88487,-0.00175
702.92065,0.00024
701.95642,0.00230
700.99220,0.00396
700.02797,0.00532
699.06375,0.00679
698.09952,0.00866
697.13529,0.01093
696.17107,0.01323
695.20684,0.01469
694.24262,0.01412
693.27839,0.01085
692.31416,0.00557
691.34994,0.00025
690.38571,-0.00299
689.42149,-0.00314
688.45726,-0.00066
687.49304,0.00306
686.52881,0.00633
685.56458,0.00775
684.60036,0.00675
683.63613,0.00406
682.67191,0.00143
681.70768,0.00054
680.74345,0.00161
679.77923,0.00333
678.81500,0.00421
677.85078,0.00409
676.88655,0.00394
675.92233,0.00441
674.95810,0.00494
673.99387,0.00448
673.02965,0.00273
672.06542,0.00045
671.10120,-0.00139
670.13697,-0.00239
669.17274,-0.00278
668.20852,-0.00297
667.24429,-0.00348
666.28007,-0.00481
665.31584,-0.00700
664.35161,-0.00911
663.38739,-0.00962
662.42316,-0.00767
661.45894,-0.00416
660.49471,-0.00129
659.53049,-0.00041
658.56626,-0.00078
657.60203,-0.00044
656.63781,0.00145
655.67358,0.00339
654.70936,0.00289
653.74513,-0.00081
652.78090,-0.00561
651.81668,-0.00825
650.85245,-0.00724
649.88823,-0.00374
648.92400,-0.00007
647.95978,0.00247
646.99555,0.00405
646.03132,0.00500
645.06710,0.00484
644.10287,0.00292
643.13865,-0.00028
642.17442,-0.00306
641.21019,-0.00383
640.24597,-0.00249
639.28174,-0.00040
638.31752,0.00086
637.35329,0.00071
636.38907,-0.00041
635.42484,-0.00152
634.46061,-0.00164
633.49639,-0.00039
632.53216,0.00169
631.56794,0.00368
630.60371,0.00518
629.63948,0.00657
628.67526,0.00800
627.71103,0.00862
626.74681,0.00745
625.78258,0.00518
624.81835,0.00415
623.85413,0.00590
622.88990,0.00918
621.92568,0.01099
620.96145,0.00940
619.99723,0.00482
619.03300,-0.00115
618.06877,-0.00707
617.10455,-0.01124
616.14032,-0.01127
615.17610,-0.00609
614.21187,0.00138
613.24764,0.00536
612.28342,0.00261
611.31919,-0.00356
610.35497,-0.00662
609.39074,-0.00437
608.42652,-0.00143
607.46229,-0.00325
606.49806,-0.00887
605.53384,-0.01244
604.56961,-0.01056
603.60539,-0.00563
602.64116,-0.00186
601.67693,-0.00011
600.71271,0.00174
599.74848,0.00382
598.78426,0.00327
597.82003,-0.00117
596.85580,-0.00617
595.89158,-0.00751
594.92735,-0.00590
593.96313,-0.00684
592.99890,-0.01328
592.03468,-0.02047
591.07045,-0.02010
590.10622,-0.00889
589.14200,0.00857
588.17777,0.02426
587.21355,0.03223
586.24932,0.03089
585.28509,0.02267
584.32087,0.01235
583.35664,0.00439
582.39242,0.00048
581.42819,-0.00178
580.46397,-0.00599
579.49974,-0.01235
578.53551,-0.01628
577.57129,-0.01296
576.60706,-0.00214
575.64284,0.01042
574.67861,0.01751
573.71438,0.01692
572.75016,0.01276
571.78593,0.01072
570.82171,0.01394
569.85748,0.02240
568.89326,0.03367
567.92903,0.04351
566.96480,0.04684
566.00058,0.04062
565.03635,0.02708
564.07213,0.01430
563.10790,0.01018
562.14367,0.01694
561.17945,0.03035
560.21522,0.04195
559.25100,0.04348
558.28677,0.03363
557.32254,0.01944
556.35832,0.00930
555.39409,0.00512
554.42987,0.00225
553.46564,-0.00449
552.50142,-0.01432
551.53719,-0.02239
550.57296,-0.02674
549.60874,-0.02413
548.64451,-0.00769
547.68029,0.02953
546.71606,0.08079
545.75183,0.11582
544.78761,0.09552
543.82338,0.02692
542.85916,-0.02736
541.89493,-0.02965
540.93071,-0.00727
539.96648,-0.00301
539.00225,-0.03184
538.03803,-0.05321
537.07380,-0.02312
536.10958,0.05221
535.14535,0.13060
534.18112,0.18109
533.21690,0.19610
532.25267,0.18899
531.28845,0.17723
530.32422,0.16499
529.36000,0.15610
528.39577,0.14591
527.43154,0.13636
526.46732,0.06020
525.50309,-0.08069
524.53887,-0.20517
523.57464,-0.24165
522.61041,-0.16582
521.64619,-0.01342
520.68196,0.16977
519.71774,0.38376
518.75351,0.62335
517.78928,0.77723
516.82506,0.60889
515.86083,0.38144
514.89661,0.31564
513.93238,0.34993
512.96816,0.37355
512.00393,0.31712
511.03970,0.21426
510.07548,0.12993
509.11125,0.09302
508.14703,0.11113
507.18280,0.18469
506.21857,0.29415
505.25435,0.40271
504.29012,0.45461
503.32590,0.41041
502.36167,0.28419
501.39745,0.15637
500.43322,0.10301
499.46899,0.14250
498.50477,0.23235
497.54054,0.23034
496.57632,0.13086
495.61209,0.01559
494.64786,-0.06398
493.68364,-0.09261
492.71941,-0.06070
491.75519,0.03686
490.79096,0.15826
489.82673,0.23844
488.86251,0.26276
487.89828,0.23446
486.93406,0.21280
485.96983,0.23448
485.00561,0.25424
484.04138,0.11387
483.07715,-0.07191
482.11293,-0.17541
481.14870,-0.15771
480.18448,-0.07135
479.22025,0.05050
478.25602,0.16127
477.29180,0.23516
476.32757,0.27593
475.36335,0.28550
474.39912,0.24114
473.43490,0.11979
472.47067,-0.01210
471.50644,-0.09386
470.54222,-0.10035
469.57799,-0.03878
468.61377,0.07055
467.64954,0.16390
466.68531,0.18466
465.72109,0.15215
464.75686,0.11187
463.79264,0.10583
462.82841,0.15333
461.86419,0.24873
460.89996,0.35330
459.93573,0.37781
458.97151,0.26780
458.00728,0.13631
457.04306,0.10868
456.07883,0.18065
455.11460,0.32641
454.15038,0.55999
453.18615,0.85374
452.22193,0.79560
451.25770,0.54315
450.29347,0.44234
449.32925,0.37838
448.36502,0.28309
447.40080,0.15602
446.43657,0.02584
445.47235,-0.02573
444.50812,0.17498
443.54389,0.90783
442.57967,6.00000
441.61544,6.00000
440.65122,0.82893
439.68699,0.23480
438.72276,-0.06549
437.75854,-0.15081
436.79431,-0.06977
435.83009,0.11076
434.86586,0.32639
433.90164,0.43981
432.93741,0.38380
431.97318,0.24145
431.00896,0.06601
430.04473,-0.13064
429.08051,-0.35636
428.11628,-0.57863
427.15205,-0.60373
426.18783,-0.22085
425.22360,0.33353
424.25938,0.78051
423.29515,0.93342
422.33092,0.58892
421.36670,0.32377
420.40247,0.19689
419.43825,0.17633
418.47402,0.19132
417.50980,0.21148
416.54557,0.27753
415.58134,0.59895
414.61712,1.14105
413.65289,0.92788
412.68867,0.45551
411.72444,0.22879
410.76021,-0.02484
409.79599,-0.17882
408.83176,-0.14898
407.86754,-0.02206
406.90331,0.00575
405.93909,-0.07339
404.97486,-0.12699
404.01063,-0.13202
403.04641,-0.10729
402.08218,-0.09563
401.11796,-0.11814
400.15373,-0.13962
399.18950,-0.08824
398.22528,0.00743
397.26105,0.06470
396.29683,0.08304
395.33260,0.07831
394.36838,0.09167
393.40415,0.14775
392.43992,0.21877
391.47570,0.25870
390.51147,0.29883
389.54725,0.31889
388.58302,0.26243
387.61879,0.13421
386.65457,-0.00151
385.69034,-0.09594
384.72612,-0.07837
383.76189,0.00520
382.79766,0.03634
381.83344,0.01884
380.86921,0.01405
379.90499,0.05636
378.94076,0.17124
377.97654,0.35899
377.01231,0.73013
376.04808,0.65744
375.08386,0.32564
374.11963,0.16017
373.15541,0.14086
372.19118,0.24701
371.22695,0.58327
370.26273,0.90609
369.29850,0.75148
368.33428,0.55252
367.37005,0.44286
366.40583,0.43012
365.44160,0.51995
364.47737,0.39844
363.51315,-0.03570
362.54892,-0.25862
361.58470,-0.34137
360.62047,-0.26425
359.65624,-0.10745
358.69202,-0.01381
357.72779,-0.01359
356.76357,-0.04369
355.79934,-0.08016
354.83512,-0.11467
353.87089,-0.12544
352.90666,-0.05797
351.94244,0.10971
350.97821,0.30076
350.01399,0.43241
349.04976,0.48494
