3946.57643,0.00073
3945.61220,0.00028
3944.64798,-0.00007
3943.68375,-0.00025
3942.71953,-0.00017
3941.75530,0.00021
3940.79107,0.00088
3939.82685,0.00175
3938.86262,0.00265
3937.89840,0.00334
3936.93417,0.00351
3935.96994,0.00295
3935.00572,0.00176
3934.04149,0.00033
3933.07727,-0.00086
3932.11304,-0.00146
3931.14882,-0.00144
3930.18459,-0.00101
3929.22036,-0.00047
3928.25614,-0.00005
3927.29191,0.00013
3926.32769,0.00006
3925.36346,-0.00022
3924.39923,-0.00071
3923.43501,-0.00130
3922.47078,-0.00171
3921.50656,-0.00162
3920.54233,-0.00101
3919.57811,-0.00030
3918.61388,-0.00005
3917.64965,-0.00045
3916.68543,-0.00112
3915.72120,-0.00156
3914.75698,-0.00159
3913.79275,-0.00148
3912.82852,-0.00152
3911.86430,-0.00171
3910.90007,-0.00175
3909.93585,-0.00143
3908.97162,-0.00080
3908.00739,-0.00005
3907.04317,0.00069
3906.07894,0.00137
3905.11472,0.00194
3904.15049,0.00234
3903.18627,0.00249
3902.22204,0.00229
3901.25781,0.00168
3900.29359,0.00076
3899.32936,-0.00013
3898.36514,-0.00058
3897.40091,-0.00037
3896.43668,0.00035
3895.47246,0.00122
3894.50823,0.00198
3893.54401,0.00245
3892.57978,0.00248
3891.61556,0.00184
3890.65133,0.00052
3889.68710,-0.00108
3888.72288,-0.00220
3887.75865,-0.00225
3886.79443,-0.00120
3885.83020,0.00038
3884.86597,0.00172
3883.90175,0.00233
3882.93752,0.00213
3881.97330,0.00139
3881.00907,0.00045
3880.04485,-0.00040
3879.08062,-0.00107
3878.11639,-0.00153
3877.15217,-0.00176
3876.18794,-0.00167
3875.22372,-0.00128
3874.25949,-0.00083
3873.29526,-0.00067
3872.33104,-0.00093
3871.36681,-0.00140
3870.40259,-0.00170
3869.43836,-0.00164
3868.47413,-0.00138
3867.50991,-0.00117
3866.54568,-0.00110
3865.58146,-0.00103
3864.61723,-0.00090
3863.65301,-0.00080
3862.68878,-0.00090
3861.72455,-0.00125
3860.76033,-0.00172
3859.79610,-0.00216
3858.83188,-0.00241
3857.86765,-0.00238
3856.90342,-0.00201
3855.93920,-0.00136
3854.97497,-0.00072
3854.01075,-0.00040
3853.04652,-0.00053
3852.08230,-0.00092
3851.11807,-0.00129
3850.15384,-0.00155
3849.18962,-0.00179
3848.22539,-0.00207
3847.26117,-0.00219
3846.29694,-0.00186
3845.33271,-0.00105
3844.36849,-0.00009
3843.40426,0.00055
3842.44004,0.00067
3841.47581,0.00049
3840.51159,0.00036
3839.54736,0.00040
3838.58313,0.00043
3837.61891,0.00022
3836.65468,-0.00023
3835.69046,-0.00068
3834.72623,-0.00088
3833.76200,-0.00075
3832.79778,-0.00037
3831.83355,0.00014
3830.86933,0.00062
3829.90510,0.00097
3828.94087,0.00109
3827.97665,0.00096
3827.01242,0.00067
3826.04820,0.00035
3825.08397,0.00011
3824.11975,0.00005
3823.15552,0.00017
3822.19129,0.00036
3821.22707,0.00033
3820.26284,-0.00019
3819.29862,-0.00115
3818.33439,-0.00212
3817.37016,-0.00256
3816.40594,-0.00225
3815.44171,-0.00146
3814.47749,-0.00072
3813.51326,-0.00036
3812.54904,-0.00034
3811.58481,-0.00043
3810.62058,-0.00051
3809.65636,-0.00063
3808.69213,-0.00085
3807.72791,-0.00100
3806.76368,-0.00088
3805.79945,-0.00040
3804.83523,0.00026
3803.87100,0.00076
3802.90678,0.00090
3801.94255,0.00073
3800.97832,0.00047
3800.01410,0.00034
3799.04987,0.00030
3798.08565,0.00023
3797.12142,0.00001
3796.15720,-0.00027
3795.19297,-0.00042
3794.22874,-0.00030
3793.26452,0.00004
3792.30029,0.00043
3791.33607,0.00070
3790.37184,0.00076
3789.40761,0.00060
3788.44339,0.00028
3787.47916,-0.00011
3786.51494,-0.00051
3785.55071,-0.00085
3784.58649,-0.00112
3783.62226,-0.00126
3782.65803,-0.00115
3781.69381,-0.00069
3780.72958,0.00005
3779.76536,0.00078
3778.80113,0.00116
3777.83690,0.00112
3776.87268,0.00086
3775.90845,0.00072
3774.94423,0.00085
3773.98000,0.00112
3773.01578,0.00122
3772.05155,0.00090
3771.08732,0.00018
3770.12310,-0.00071
3769.15887,-0.00145
3768.19465,-0.00179
3767.23042,-0.00172
3766.26619,-0.00134
3765.30197,-0.00075
3764.33774,-0.00002
3763.37352,0.00079
3762.40929,0.00152
3761.44506,0.00192
3760.48084,0.00185
3759.51661,0.00132
3758.55239,0.00057
3757.58816,-0.00018
3756.62394,-0.00075
3755.65971,-0.00107
3754.69548,-0.00106
3753.73126,-0.00070
3752.76703,-0.00010
3751.80281,0.00049
3750.83858,0.00078
3749.87435,0.00067
3748.91013,0.00031
3747.94590,0.00000
3746.98168,-0.00005
3746.01745,0.00014
3745.05323,0.00044
3744.08900,0.00072
3743.12477,0.00096
3742.16055,0.00119
3741.19632,0.00141
3740.23210,0.00153
3739.26787,0.00150
3738.30364,0.00129
3737.33942,0.00097
3736.37519,0.00058
3735.41097,0.00017
3734.44674,-0.00016
3733.48251,-0.00032
3732.51829,-0.00024
3731.55406,-0.00003
3730.58984,0.00016
3729.62561,0.00025
3728.66139,0.00031
3727.69716,0.00040
3726.73293,0.00053
3725.76871,0.00058
3724.80448,0.00053
3723.84026,0.00046
3722.87603,0.00046
3721.91180,0.00051
3720.94758,0.00049
3719.98335,0.00033
3719.01913,0.00009
3718.05490,-0.00009
3717.09068,-0.00015
3716.12645,-0.00009
3715.16222,0.00003
3714.19800,0.00018
3713.23377,0.00033
3712.26955,0.00046
3711.30532,0.00055
3710.34109,0.00066
3709.37687,0.00080
3708.41264,0.00085
3707.44842,0.00070
3706.48419,0.00040
3705.51997,0.00016
3704.55574,0.00024
3703.59151,0.00064
3702.62729,0.00112
3701.66306,0.00137
3700.69884,0.00131
3699.73461,0.00104
3698.77038,0.00073
3697.80616,0.00045
3696.84193,0.00026
3695.87771,0.00023
3694.91348,0.00039
3693.94925,0.00063
3692.98503,0.00073
3692.02080,0.00052
3691.05658,0.00009
3690.09235,-0.00024
3689.12813,-0.00019
3688.16390,0.00022
3687.19967,0.00073
3686.23545,0.00102
3685.27122,0.00101
3684.30700,0.00086
3683.34277,0.00079
3682.37854,0.00084
3681.41432,0.00096
3680.45009,0.00107
3679.48587,0.00121
3678.52164,0.00143
3677.55742,0.00167
3676.59319,0.00181
3675.62896,0.00182
3674.66474,0.00185
3673.70051,0.00213
3672.73629,0.00267
3671.77206,0.00321
3670.80783,0.00348
3669.84361,0.00337
3668.87938,0.00305
3667.91516,0.00272
3666.95093,0.00240
3665.98671,0.00202
3665.02248,0.00162
3664.05825,0.00140
3663.09403,0.00155
3662.12980,0.00200
3661.16558,0.00252
3660.20135,0.00292
3659.23712,0.00320
3658.27290,0.00348
3657.30867,0.00376
3656.34445,0.00388
3655.38022,0.00371
3654.41599,0.00334
3653.45177,0.00302
3652.48754,0.00294
3651.52332,0.00303
3650.55909,0.00307
3649.59487,0.00294
3648.63064,0.00273
3647.66641,0.00265
3646.70219,0.00272
3645.73796,0.00281
3644.77374,0.00279
3643.80951,0.00277
3642.84528,0.00291
3641.88106,0.00327
3640.91683,0.00364
3639.95261,0.00380
3638.98838,0.00370
3638.02416,0.00360
3637.05993,0.00374
3636.09570,0.00418
3635.13148,0.00466
3634.16725,0.00486
3633.20303,0.00462
3632.23880,0.00413
3631.27457,0.00379
3630.31035,0.00390
3629.34612,0.00445
3628.38190,0.00502
3627.41767,0.00518
3626.45344,0.00478
3625.48922,0.00412
3624.52499,0.00361
3623.56077,0.00352
3622.59654,0.00381
3621.63232,0.00432
3620.66809,0.00484
3619.70386,0.00520
3618.73964,0.00526
3617.77541,0.00498
3616.81119,0.00452
3615.84696,0.00416
3614.88273,0.00403
3613.91851,0.00400
3612.95428,0.00386
3611.99006,0.00358
3611.02583,0.00337
3610.06161,0.00343
3609.09738,0.00368
3608.13315,0.00385
3607.16893,0.00378
3606.20470,0.00362
3605.24048,0.00361
3604.27625,0.00389
3603.31202,0.00438
3602.34780,0.00489
3601.38357,0.00531
3600.41935,0.00562
3599.45512,0.00576
3598.49090,0.00564
3597.52667,0.00523
3596.56244,0.00462
3595.59822,0.00405
3594.63399,0.00380
3593.66977,0.00399
3592.70554,0.00449
3591.74131,0.00495
3590.77709,0.00512
3589.81286,0.00499
3588.84864,0.00484
3587.88441,0.00494
3586.92018,0.00527
3585.95596,0.00553
3584.99173,0.00540
3584.02751,0.00488
3583.06328,0.00426
3582.09906,0.00387
3581.13483,0.00387
3580.17060,0.00412
3579.20638,0.00437
3578.24215,0.00443
3577.27793,0.00428
3576.31370,0.00409
3575.34947,0.00403
3574.38525,0.00418
3573.42102,0.00437
3572.45680,0.00439
3571.49257,0.00418
3570.52835,0.00386
3569.56412,0.00364
3568.59989,0.00356
3567.63567,0.00358
3566.67144,0.00367
3565.70722,0.00386
3564.74299,0.00421
3563.77876,0.00467
3562.81454,0.00512
3561.85031,0.00548
3560.88609,0.00577
3559.92186,0.00595
3558.95764,0.00595
3557.99341,0.00572
3557.02918,0.00538
3556.06496,0.00515
3555.10073,0.00512
3554.13651,0.00521
3553.17228,0.00525
3552.20805,0.00522
3551.24383,0.00524
3550.27960,0.00535
3549.31538,0.00542
3548.35115,0.00534
3547.38692,0.00517
3546.42270,0.00513
3545.45847,0.00532
3544.49425,0.00558
3543.53002,0.00566
3542.56580,0.00544
3541.60157,0.00504
3540.63734,0.00467
3539.67312,0.00444
3538.70889,0.00436
3537.74467,0.00448
3536.78044,0.00485
3535.81621,0.00548
3534.85199,0.00620
3533.88776,0.00677
3532.92354,0.00701
3531.95931,0.00694
3530.99509,0.00669
3530.03086,0.00642
3529.06663,0.00622
3528.10241,0.00606
3527.13818,0.00582
3526.17396,0.00545
3525.20973,0.00507
3524.24550,0.00491
3523.28128,0.00514
3522.31705,0.00568
3521.35283,0.00626
3520.38860,0.00660
3519.42437,0.00665
3518.46015,0.00649
3517.49592,0.00620
3516.53170,0.00581
3515.56747,0.00539
3514.60325,0.00516
3513.63902,0.00535
3512.67479,0.00597
3511.71057,0.00672
3510.74634,0.00722
3509.78212,0.00725
3508.81789,0.00687
3507.85366,0.00631
3506.88944,0.00575
3505.92521,0.00534
3504.96099,0.00512
3503.99676,0.00501
3503.03254,0.00490
3502.06831,0.00476
3501.10408,0.00477
3500.13986,0.00518
3499.17563,0.00604
3498.21141,0.00704
3497.24718,0.00769
3496.28295,0.00766
3495.31873,0.00701
3494.35450,0.00609
3493.39028,0.00530
3492.42605,0.00491
3491.46183,0.00503
3490.49760,0.00563
3489.53337,0.00642
3488.56915,0.00699
3487.60492,0.00701
3486.64070,0.00650
3485.67647,0.00582
3484.71224,0.00535
3483.74802,0.00523
3482.78379,0.00532
3481.81957,0.00544
3480.85534,0.00550
3479.89111,0.00551
3478.92689,0.00550
3477.96266,0.00552
3476.99844,0.00563
3476.03421,0.00590
3475.06999,0.00626
3474.10576,0.00652
3473.14153,0.00658
3472.17731,0.00660
3471.21308,0.00689
3470.24886,0.00766
3469.28463,0.00871
3468.32040,0.00960
3467.35618,0.00990
3466.39195,0.00950
3465.42773,0.00864
3464.46350,0.00776
3463.49928,0.00723
3462.53505,0.00720
3461.57082,0.00751
3460.60660,0.00789
3459.64237,0.00812
3458.67815,0.00817
3457.71392,0.00818
3456.74969,0.00823
3455.78547,0.00822
3454.82124,0.00795
3453.85702,0.00729
3452.89279,0.00635
3451.92856,0.00548
3450.96434,0.00505
3450.00011,0.00528
3449.03589,0.00603
3448.07166,0.00688
3447.10744,0.00731
3446.14321,0.00714
3445.17898,0.00662
3444.21476,0.00625
3443.25053,0.00634
3442.28631,0.00675
3441.32208,0.00705
3440.35785,0.00689
3439.39363,0.00628
3438.42940,0.00556
3437.46518,0.00509
3436.50095,0.00505
3435.53673,0.00543
3434.57250,0.00608
3433.60827,0.00683
3432.64405,0.00748
3431.67982,0.00793
3430.71560,0.00817
3429.75137,0.00825
3428.78714,0.00820
3427.82292,0.00808
3426.85869,0.00794
3425.89447,0.00783
3424.93024,0.00770
3423.96602,0.00740
3423.00179,0.00685
3422.03756,0.00623
3421.07334,0.00586
3420.10911,0.00594
3419.14489,0.00625
3418.18066,0.00640
3417.21643,0.00616
3416.25221,0.00569
3415.28798,0.00539
3414.32376,0.00552
3413.35953,0.00601
3412.39530,0.00659
3411.43108,0.00710
3410.46685,0.00751
3409.50263,0.00788
3408.53840,0.00823
3407.57418,0.00855
3406.60995,0.00883
3405.64572,0.00907
3404.68150,0.00921
3403.71727,0.00919
3402.75305,0.00896
3401.78882,0.00857
3400.82459,0.00814
3399.86037,0.00784
3398.89614,0.00778
3397.93192,0.00799
3396.96769,0.00829
3396.00347,0.00846
3395.03924,0.00836
3394.07501,0.00806
3393.11079,0.00779
3392.14656,0.00769
3391.18234,0.00774
3390.21811,0.00783
3389.25388,0.00787
3388.28966,0.00786
3387.32543,0.00777
3386.36121,0.00754
3385.39698,0.00710
3384.43276,0.00652
3383.46853,0.00598
3382.50430,0.00564
3381.54008,0.00556
3380.57585,0.00574
3379.61163,0.00614
3378.64740,0.00668
3377.68317,0.00712
3376.71895,0.00720
3375.75472,0.00683
3374.79050,0.00622
3373.82627,0.00577
3372.86204,0.00575
3371.89782,0.00612
3370.93359,0.00662
3369.96937,0.00695
3369.00514,0.00691
3368.04092,0.00646
3367.07669,0.00573
3366.11246,0.00502
3365.14824,0.00470
3364.18401,0.00496
3363.21979,0.00565
3362.25556,0.00635
3361.29133,0.00672
3360.32711,0.00666
3359.36288,0.00631
3358.39866,0.00579
3357.43443,0.00522
3356.47021,0.00476
3355.50598,0.00465
3354.54175,0.00501
3353.57753,0.00573
3352.61330,0.00646
3351.64908,0.00695
3350.68485,0.00714
3349.72062,0.00713
3348.75640,0.00701
3347.79217,0.00680
3346.82795,0.00660
3345.86372,0.00652
3344.89949,0.00658
3343.93527,0.00671
3342.97104,0.00678
3342.00682,0.00685
3341.04259,0.00704
3340.07837,0.00729
3339.11414,0.00734
3338.14991,0.00699
3337.18569,0.00644
3336.22146,0.00615
3335.25724,0.00641
3334.29301,0.00702
3333.32878,0.00754
3332.36456,0.00771
3331.40033,0.00770
3330.43611,0.00775
3329.47188,0.00790
3328.50766,0.00797
3327.54343,0.00782
3326.57920,0.00753
3325.61498,0.00729
3324.65075,0.00719
3323.68653,0.00715
3322.72230,0.00709
3321.75807,0.00697
3320.79385,0.00673
3319.82962,0.00633
3318.86540,0.00586
3317.90117,0.00557
3316.93695,0.00573
3315.97272,0.00633
3315.00849,0.00707
3314.04427,0.00753
3313.08004,0.00750
3312.11582,0.00713
3311.15159,0.00669
3310.18736,0.00639
3309.22314,0.00627
3308.25891,0.00628
3307.29469,0.00644
3306.33046,0.00680
3305.36623,0.00737
3304.40201,0.00795
3303.43778,0.00829
3302.47356,0.00818
3301.50933,0.00773
3300.54511,0.00721
3299.58088,0.00683
3298.61665,0.00649
3297.65243,0.00601
3296.68820,0.00539
3295.72398,0.00493
3294.75975,0.00497
3293.79552,0.00552
3292.83130,0.00623
3291.86707,0.00673
3290.90285,0.00691
3289.93862,0.00695
3288.97440,0.00698
3288.01017,0.00695
3287.04594,0.00673
3286.08172,0.00634
3285.11749,0.00594
3284.15327,0.00573
3283.18904,0.00572
3282.22481,0.00582
3281.26059,0.00590
3280.29636,0.00592
3279.33214,0.00591
3278.36791,0.00593
3277.40369,0.00599
3276.43946,0.00611
3275.47523,0.00628
3274.51101,0.00650
3273.54678,0.00678
3272.58256,0.00705
3271.61833,0.00716
3270.65410,0.00700
3269.68988,0.00664
3268.72565,0.00634
3267.76143,0.00639
3266.79720,0.00681
3265.83297,0.00732
3264.86875,0.00763
3263.90452,0.00758
3262.94030,0.00722
3261.97607,0.00669
3261.01185,0.00613
3260.04762,0.00569
3259.08339,0.00554
3258.11917,0.00572
3257.15494,0.00603
3256.19072,0.00619
3255.22649,0.00606
3254.26226,0.00582
3253.29804,0.00577
3252.33381,0.00605
3251.36959,0.00653
3250.40536,0.00690
3249.44114,0.00696
3248.47691,0.00670
3247.51268,0.00625
3246.54846,0.00574
3245.58423,0.00524
3244.62001,0.00479
3243.65578,0.00449
3242.69155,0.00449
3241.72733,0.00485
3240.76310,0.00538
3239.79888,0.00573
3238.83465,0.00564
3237.87042,0.00525
3236.90620,0.00497
3235.94197,0.00513
3234.97775,0.00561
3234.01352,0.00600
3233.04930,0.00600
3232.08507,0.00566
3231.12084,0.00532
3230.15662,0.00519
3229.19239,0.00525
3228.22817,0.00532
3227.26394,0.00529
3226.29971,0.00517
3225.33549,0.00503
3224.37126,0.00491
3223.40704,0.00479
3222.44281,0.00462
3221.47859,0.00429
3220.51436,0.00378
3219.55013,0.00324
3218.58591,0.00296
3217.62168,0.00318
3216.65746,0.00386
3215.69323,0.00471
3214.72900,0.00540
3213.76478,0.00572
3212.80055,0.00569
3211.83633,0.00545
3210.87210,0.00516
3209.90788,0.00499
3208.94365,0.00499
3207.97942,0.00510
3207.01520,0.00518
3206.05097,0.00515
3205.08675,0.00502
3204.12252,0.00486
3203.15829,0.00467
3202.19407,0.00445
3201.22984,0.00424
3200.26562,0.00416
3199.30139,0.00430
3198.33716,0.00460
3197.37294,0.00489
3196.40871,0.00502
3195.44449,0.00500
3194.48026,0.00496
3193.51604,0.00507
3192.55181,0.00544
3191.58758,0.00602
3190.62336,0.00660
3189.65913,0.00690
3188.69491,0.00677
3187.73068,0.00635
3186.76645,0.00595
3185.80223,0.00577
3184.83800,0.00571
3183.87378,0.00546
3182.90955,0.00488
3181.94533,0.00412
3180.98110,0.00349
3180.01687,0.00320
3179.05265,0.00326
3178.08842,0.00354
3177.12420,0.00385
3176.15997,0.00407
3175.19574,0.00417
3174.23152,0.00425
3173.26729,0.00452
3172.30307,0.00502
3171.33884,0.00558
3170.37461,0.00585
3169.41039,0.00564
3168.44616,0.00506
3167.48194,0.00445
3166.51771,0.00411
3165.55349,0.00409
3164.58926,0.00428
3163.62503,0.00448
3162.66081,0.00461
3161.69658,0.00469
3160.73236,0.00476
3159.76813,0.00485
3158.80390,0.00489
3157.83968,0.00477
3156.87545,0.00447
3155.91123,0.00416
3154.94700,0.00408
3153.98278,0.00435
3153.01855,0.00483
3152.05432,0.00527
3151.09010,0.00546
3150.12587,0.00533
3149.16165,0.00496
3148.19742,0.00445
3147.23319,0.00394
3146.26897,0.00359
3145.30474,0.00350
3144.34052,0.00356
3143.37629,0.00358
3142.41207,0.00346
3141.44784,0.00330
3140.48361,0.00328
3139.51939,0.00344
3138.55516,0.00365
3137.59094,0.00374
3136.62671,0.00369
3135.66248,0.00360
3134.69826,0.00358
3133.73403,0.00365
3132.76981,0.00377
3131.80558,0.00393
3130.84135,0.00411
3129.87713,0.00427
3128.91290,0.00435
3127.94868,0.00427
3126.98445,0.00403
3126.02023,0.00369
3125.05600,0.00335
3124.09177,0.00316
3123.12755,0.00318
3122.16332,0.00337
3121.19910,0.00358
3120.23487,0.00371
3119.27064,0.00368
3118.30642,0.00348
3117.34219,0.00312
3116.37797,0.00270
3115.41374,0.00242
3114.44952,0.00250
3113.48529,0.00292
3112.52106,0.00343
3111.55684,0.00368
3110.59261,0.00356
3109.62839,0.00324
3108.66416,0.00297
3107.69993,0.00277
3106.73571,0.00253
3105.77148,0.00221
3104.80726,0.00200
3103.84303,0.00208
3102.87881,0.00238
3101.91458,0.00262
3100.95035,0.00261
3099.98613,0.00246
3099.02190,0.00235
3098.05768,0.00236
3097.09345,0.00238
3096.12922,0.00235
3095.16500,0.00238
3094.20077,0.00266
3093.23655,0.00322
3092.27232,0.00384
3091.30809,0.00432
3090.34387,0.00457
3089.37964,0.00466
3088.41542,0.00465
3087.45119,0.00454
3086.48697,0.00435
3085.52274,0.00415
3084.55851,0.00394
3083.59429,0.00366
3082.63006,0.00330
3081.66584,0.00294
3080.70161,0.00273
3079.73738,0.00267
3078.77316,0.00258
3077.80893,0.00227
3076.84471,0.00181
3075.88048,0.00144
3074.91626,0.00139
3073.95203,0.00165
3072.98780,0.00206
3072.02358,0.00247
3071.05935,0.00286
3070.09513,0.00324
3069.13090,0.00355
3068.16667,0.00366
3067.20245,0.00348
3066.23822,0.00307
3065.27400,0.00262
3064.30977,0.00234
3063.34554,0.00232
3062.38132,0.00250
3061.41709,0.00275
3060.45287,0.00296
3059.48864,0.00319
3058.52442,0.00352
3057.56019,0.00390
3056.59596,0.00411
3055.63174,0.00393
3054.66751,0.00341
3053.70329,0.00280
3052.73906,0.00235
3051.77483,0.00211
3050.81061,0.00202
3049.84638,0.00210
3048.88216,0.00245
3047.91793,0.00301
3046.95371,0.00347
3045.98948,0.00349
3045.02525,0.00309
3044.06103,0.00261
3043.09680,0.00240
3042.13258,0.00247
3041.16835,0.00252
3040.20412,0.00233
3039.23990,0.00197
3038.27567,0.00169
3037.31145,0.00167
3036.34722,0.00194
3035.38300,0.00240
3034.41877,0.00285
3033.45454,0.00306
3032.49032,0.00287
3031.52609,0.00239
3030.56187,0.00197
3029.59764,0.00191
3028.63341,0.00221
3027.66919,0.00260
3026.70496,0.00284
3025.74074,0.00294
3024.77651,0.00298
3023.81228,0.00291
3022.84806,0.00263
3021.88383,0.00219
3020.91961,0.00185
3019.95538,0.00183
3018.99116,0.00208
3018.02693,0.00227
3017.06270,0.00219
3016.09848,0.00189
3015.13425,0.00157
3014.17003,0.00128
3013.20580,0.00102
3012.24157,0.00082
3011.27735,0.00086
3010.31312,0.00125
3009.34890,0.00184
3008.38467,0.00230
3007.42045,0.00242
3006.45622,0.00224
3005.49199,0.00203
3004.52777,0.00200
3003.56354,0.00218
3002.59932,0.00244
3001.63509,0.00263
3000.67086,0.00269
2999.70664,0.00266
2998.74241,0.00263
2997.77819,0.00260
2996.81396,0.00248
2995.84974,0.00215
2994.88551,0.00167
2993.92128,0.00122
2992.95706,0.00106
2991.99283,0.00125
2991.02861,0.00169
2990.06438,0.00220
2989.10015,0.00261
2988.13593,0.00287
2987.17170,0.00293
2986.20748,0.00281
2985.24325,0.00255
2984.27902,0.00224
2983.31480,0.00194
2982.35057,0.00167
2981.38635,0.00145
2980.42212,0.00132
2979.45790,0.00134
2978.49367,0.00146
2977.52944,0.00159
2976.56522,0.00165
2975.60099,0.00168
2974.63677,0.00178
2973.67254,0.00197
2972.70831,0.00216
2971.74409,0.00223
2970.77986,0.00215
2969.81564,0.00203
2968.85141,0.00198
2967.88719,0.00205
2966.92296,0.00216
2965.95873,0.00226
2964.99451,0.00234
2964.03028,0.00248
2963.06606,0.00271
2962.10183,0.00295
2961.13760,0.00305
2960.17338,0.00293
2959.20915,0.00263
2958.24493,0.00232
2957.28070,0.00213
2956.31647,0.00207
2955.35225,0.00206
2954.38802,0.00203
2953.42380,0.00200
2952.45957,0.00205
2951.49535,0.00219
2950.53112,0.00236
2949.56689,0.00242
2948.60267,0.00228
2947.63844,0.00192
2946.67422,0.00149
2945.70999,0.00119
2944.74576,0.00115
2943.78154,0.00134
2942.81731,0.00157
2941.85309,0.00165
2940.88886,0.00161
2939.92464,0.00159
2938.96041,0.00173
2937.99618,0.00202
2937.03196,0.00233
2936.06773,0.00255
2935.10351,0.00270
2934.13928,0.00279
2933.17505,0.00277
2932.21083,0.00254
2931.24660,0.00215
2930.28238,0.00174
2929.31815,0.00147
2928.35393,0.00141
2927.38970,0.00150
2926.42547,0.00164
2925.46125,0.00176
2924.49702,0.00181
2923.53280,0.00177
2922.56857,0.00168
2921.60434,0.00163
2920.64012,0.00171
2919.67589,0.00189
2918.71167,0.00207
2917.74744,0.00212
2916.78321,0.00200
2915.81899,0.00174
2914.85476,0.00144
2913.89054,0.00120
2912.92631,0.00116
2911.96209,0.00140
2910.99786,0.00185
2910.03363,0.00236
2909.06941,0.00275
2908.10518,0.00298
2907.14096,0.00310
2906.17673,0.00311
2905.21250,0.00300
2904.24828,0.00277
2903.28405,0.00253
2902.31983,0.00241
2901.35560,0.00237
2900.39138,0.00222
2899.42715,0.00183
2898.46292,0.00129
2897.49870,0.00094
2896.53447,0.00103
2895.57025,0.00152
2894.60602,0.00211
2893.64179,0.00249
2892.67757,0.00261
2891.71334,0.00262
2890.74912,0.00263
2889.78489,0.00262
2888.82066,0.00248
2887.85644,0.00219
2886.89221,0.00186
2885.92799,0.00160
2884.96376,0.00149
2883.99954,0.00152
2883.03531,0.00169
2882.07108,0.00196
2881.10686,0.00222
2880.14263,0.00233
2879.17841,0.00220
2878.21418,0.00199
2877.24995,0.00200
2876.28573,0.00239
2875.32150,0.00301
2874.35728,0.00344
2873.39305,0.00338
2872.42883,0.00283
2871.46460,0.00209
2870.50037,0.00150
2869.53615,0.00120
2868.57192,0.00117
2867.60770,0.00131
2866.64347,0.00157
2865.67924,0.00189
2864.71502,0.00223
2863.75079,0.00248
2862.78657,0.00253
2861.82234,0.00229
2860.85812,0.00180
2859.89389,0.00123
2858.92966,0.00082
2857.96544,0.00071
2857.00121,0.00088
2856.03699,0.00114
2855.07276,0.00129
2854.10853,0.00127
2853.14431,0.00119
2852.18008,0.00118
2851.21586,0.00129
2850.25163,0.00152
2849.28740,0.00179
2848.32318,0.00206
2847.35895,0.00227
2846.39473,0.00241
2845.43050,0.00244
2844.46628,0.00234
2843.50205,0.00215
2842.53782,0.00192
2841.57360,0.00176
2840.60937,0.00175
2839.64515,0.00190
2838.68092,0.00210
2837.71669,0.00226
2836.75247,0.00233
2835.78824,0.00233
2834.82402,0.00225
2833.85979,0.00202
2832.89557,0.00163
2831.93134,0.00118
2830.96711,0.00084
2830.00289,0.00073
2829.03866,0.00078
2828.07444,0.00089
2827.11021,0.00098
2826.14598,0.00110
2825.18176,0.00130
2824.21753,0.00156
2823.25331,0.00175
2822.28908,0.00178
2821.32486,0.00162
2820.36063,0.00134
2819.39640,0.00111
2818.43218,0.00107
2817.46795,0.00129
2816.50373,0.00166
2815.53950,0.00195
2814.57527,0.00200
2813.61105,0.00181
2812.64682,0.00152
2811.68260,0.00130
2810.71837,0.00117
2809.75414,0.00111
2808.78992,0.00110
2807.82569,0.00120
2806.86147,0.00140
2805.89724,0.00162
2804.93302,0.00172
2803.96879,0.00161
2803.00456,0.00128
2802.04034,0.00081
2801.07611,0.00035
2800.11189,0.00014
2799.14766,0.00029
2798.18343,0.00074
2797.21921,0.00121
2796.25498,0.00145
2795.29076,0.00143
2794.32653,0.00135
2793.36231,0.00137
2792.39808,0.00145
2791.43385,0.00150
2790.46963,0.00149
2789.50540,0.00154
2788.54118,0.00167
2787.57695,0.00174
2786.61272,0.00158
2785.64850,0.00118
2784.68427,0.00077
2783.72005,0.00059
2782.75582,0.00069
2781.79159,0.00098
2780.82737,0.00130
2779.86314,0.00153
2778.89892,0.00152
2777.93469,0.00121
2776.97047,0.00068
2776.00624,0.00019
2775.04201,-0.00003
2774.07779,0.00003
2773.11356,0.00021
2772.14934,0.00033
2771.18511,0.00039
2770.22088,0.00050
2769.25666,0.00066
2768.29243,0.00081
2767.32821,0.00094
2766.36398,0.00112
2765.39976,0.00138
2764.43553,0.00159
2763.47130,0.00153
2762.50708,0.00110
2761.54285,0.00055
2760.57863,0.00026
2759.61440,0.00052
2758.65017,0.00118
2757.68595,0.00184
2756.72172,0.00211
2755.75750,0.00189
2754.79327,0.00138
2753.82905,0.00088
2752.86482,0.00058
2751.90059,0.00051
2750.93637,0.00071
2749.97214,0.00115
2749.00792,0.00174
2748.04369,0.00224
2747.07946,0.00238
2746.11524,0.00208
2745.15101,0.00161
2744.18679,0.00125
2743.22256,0.00111
2742.25833,0.00107
2741.29411,0.00099
2740.32988,0.00093
2739.36566,0.00103
2738.40143,0.00128
2737.43721,0.00145
2736.47298,0.00140
2735.50875,0.00120
2734.54453,0.00112
2733.58030,0.00128
2732.61608,0.00159
2731.65185,0.00186
2730.68762,0.00202
2729.72340,0.00209
2728.75917,0.00206
2727.79495,0.00186
2726.83072,0.00151
2725.86650,0.00116
2724.90227,0.00097
2723.93804,0.00092
2722.97382,0.00086
2722.00959,0.00071
2721.04537,0.00055
2720.08114,0.00052
2719.11691,0.00064
2718.15269,0.00082
2717.18846,0.00094
2716.22424,0.00101
2715.26001,0.00102
2714.29579,0.00100
2713.33156,0.00094
2712.36733,0.00090
2711.40311,0.00095
2710.43888,0.00110
2709.47466,0.00121
2708.51043,0.00114
2707.54620,0.00086
2706.58198,0.00051
2705.61775,0.00033
2704.65353,0.00046
2703.68930,0.00084
2702.72507,0.00132
2701.76085,0.00166
2700.79662,0.00172
2699.83240,0.00148
2698.86817,0.00105
2697.90395,0.00058
2696.93972,0.00025
2695.97549,0.00016
2695.01127,0.00028
2694.04704,0.00051
2693.08282,0.00072
2692.11859,0.00082
2691.15436,0.00087
2690.19014,0.00098
2689.22591,0.00120
2688.26169,0.00147
2687.29746,0.00164
2686.33324,0.00167
2685.36901,0.00157
2684.40478,0.00144
2683.44056,0.00132
2682.47633,0.00123
2681.51211,0.00117
2680.54788,0.00119
2679.58365,0.00131
2678.61943,0.00151
2677.65520,0.00173
2676.69098,0.00190
2675.72675,0.00194
2674.76252,0.00178
2673.79830,0.00141
2672.83407,0.00092
2671.86985,0.00050
2670.90562,0.00030
2669.94140,0.00034
2668.97717,0.00051
2668.01294,0.00066
2667.04872,0.00074
2666.08449,0.00075
2665.12027,0.00073
2664.15604,0.00073
2663.19181,0.00081
2662.22759,0.00106
2661.26336,0.00146
2660.29914,0.00187
2659.33491,0.00207
2658.37069,0.00192
2657.40646,0.00151
2656.44223,0.00106
2655.47801,0.00080
2654.51378,0.00075
2653.54956,0.00080
2652.58533,0.00085
2651.62110,0.00089
2650.65688,0.00099
2649.69265,0.00113
2648.72843,0.00123
2647.76420,0.00122
2646.79998,0.00114
2645.83575,0.00112
2644.87152,0.00117
2643.90730,0.00121
2642.94307,0.00111
2641.97885,0.00087
2641.01462,0.00065
2640.05039,0.00063
2639.08617,0.00085
2638.12194,0.00121
2637.15772,0.00160
2636.19349,0.00191
2635.22926,0.00213
2634.26504,0.00221
2633.30081,0.00214
2632.33659,0.00191
2631.37236,0.00156
2630.40814,0.00117
2629.44391,0.00089
2628.47968,0.00086
2627.51546,0.00112
2626.55123,0.00156
2625.58701,0.00196
2624.62278,0.00218
2623.65855,0.00222
2622.69433,0.00223
2621.73010,0.00226
2620.76588,0.00224
2619.80165,0.00209
2618.83743,0.00182
2617.87320,0.00155
2616.90897,0.00138
2615.94475,0.00129
2614.98052,0.00120
2614.01630,0.00109
2613.05207,0.00099
2612.08784,0.00098
2611.12362,0.00107
2610.15939,0.00121
2609.19517,0.00133
2608.23094,0.00137
2607.26672,0.00137
2606.30249,0.00143
2605.33826,0.00162
2604.37404,0.00189
2603.40981,0.00205
2602.44559,0.00195
2601.48136,0.00163
2600.51713,0.00133
2599.55291,0.00129
2598.58868,0.00151
2597.62446,0.00179
2596.66023,0.00192
2595.69600,0.00189
2594.73178,0.00181
2593.76755,0.00178
2592.80333,0.00181
2591.83910,0.00182
2590.87488,0.00173
2589.91065,0.00153
2588.94642,0.00132
2587.98220,0.00121
2587.01797,0.00130
2586.05375,0.00159
2585.08952,0.00193
2584.12529,0.00213
2583.16107,0.00208
2582.19684,0.00184
2581.23262,0.00155
2580.26839,0.00133
2579.30417,0.00122
2578.33994,0.00120
2577.37571,0.00119
2576.41149,0.00113
2575.44726,0.00102
2574.48304,0.00092
2573.51881,0.00091
2572.55458,0.00102
2571.59036,0.00120
2570.62613,0.00139
2569.66191,0.00154
2568.69768,0.00167
2567.73345,0.00177
2566.76923,0.00180
2565.80500,0.00173
2564.84078,0.00159
2563.87655,0.00141
2562.91233,0.00121
2561.94810,0.00100
2560.98387,0.00076
2560.01965,0.00056
2559.05542,0.00048
2558.09120,0.00056
2557.12697,0.00078
2556.16274,0.00105
2555.19852,0.00126
2554.23429,0.00130
2553.27007,0.00117
2552.30584,0.00094
2551.34162,0.00074
2550.37739,0.00065
2549.41316,0.00066
2548.44894,0.00071
2547.48471,0.00081
2546.52049,0.00099
2545.55626,0.00128
2544.59203,0.00160
2543.62781,0.00184
2542.66358,0.00195
2541.69936,0.00194
2540.73513,0.00181
2539.77091,0.00159
2538.80668,0.00132
2537.84245,0.00111
2536.87823,0.00102
2535.91400,0.00099
2534.94978,0.00088
2533.98555,0.00065
2533.02132,0.00042
2532.05710,0.00035
2531.09287,0.00046
2530.12865,0.00063
2529.16442,0.00073
2528.20019,0.00074
2527.23597,0.00074
2526.27174,0.00077
2525.30752,0.00079
2524.34329,0.00077
2523.37907,0.00074
2522.41484,0.00082
2521.45061,0.00106
2520.48639,0.00142
2519.52216,0.00175
2518.55794,0.00197
2517.59371,0.00209
2516.62948,0.00225
2515.66526,0.00251
2514.70103,0.00276
2513.73681,0.00281
2512.77258,0.00255
2511.80836,0.00206
2510.84413,0.00159
2509.87990,0.00130
2508.91568,0.00119
2507.95145,0.00120
2506.98723,0.00127
2506.02300,0.00137
2505.05877,0.00141
2504.09455,0.00126
2503.13032,0.00090
2502.16610,0.00054
2501.20187,0.00044
2500.23764,0.00067
2499.27342,0.00108
2498.30919,0.00141
2497.34497,0.00158
2496.38074,0.00164
2495.41652,0.00163
2494.45229,0.00153
2493.48806,0.00133
2492.52384,0.00111
2491.55961,0.00094
2490.59539,0.00084
2489.63116,0.00076
2488.66693,0.00074
2487.70271,0.00084
2486.73848,0.00109
2485.77426,0.00136
2484.81003,0.00143
2483.84581,0.00125
2482.88158,0.00093
2481.91735,0.00067
2480.95313,0.00059
2479.98890,0.00068
2479.02468,0.00088
2478.06045,0.00107
2477.09622,0.00118
2476.13200,0.00118
2475.16777,0.00112
2474.20355,0.00111
2473.23932,0.00125
2472.27510,0.00148
2471.31087,0.00171
2470.34664,0.00183
2469.38242,0.00183
2468.41819,0.00177
2467.45397,0.00169
2466.48974,0.00161
2465.52551,0.00148
2464.56129,0.00128
2463.59706,0.00097
2462.63284,0.00063
2461.66861,0.00036
2460.70438,0.00028
2459.74016,0.00041
2458.77593,0.00067
2457.81171,0.00095
2456.84748,0.00124
2455.88326,0.00155
2454.91903,0.00185
2453.95480,0.00203
2452.99058,0.00200
2452.02635,0.00183
2451.06213,0.00165
2450.09790,0.00155
2449.13367,0.00152
2448.16945,0.00148
2447.20522,0.00141
2446.24100,0.00136
2445.27677,0.00137
2444.31255,0.00141
2443.34832,0.00138
2442.38409,0.00121
2441.41987,0.00093
2440.45564,0.00064
2439.49142,0.00044
2438.52719,0.00043
2437.56296,0.00057
2436.59874,0.00083
2435.63451,0.00112
2434.67029,0.00137
2433.70606,0.00151
2432.74184,0.00153
2431.77761,0.00147
2430.81338,0.00147
2429.84916,0.00159
2428.88493,0.00177
2427.92071,0.00179
2426.95648,0.00150
2425.99225,0.00099
2425.02803,0.00049
2424.06380,0.00018
2423.09958,0.00008
2422.13535,0.00012
2421.17112,0.00032
2420.20690,0.00071
2419.24267,0.00123
2418.27845,0.00166
2417.31422,0.00180
2416.35000,0.00166
2415.38577,0.00143
2414.42154,0.00129
2413.45732,0.00126
2412.49309,0.00127
2411.52887,0.00126
2410.56464,0.00126
2409.60041,0.00124
2408.63619,0.00119
2407.67196,0.00111
2406.70774,0.00109
2405.74351,0.00118
2404.77929,0.00133
2403.81506,0.00143
2402.85083,0.00144
2401.88661,0.00143
2400.92238,0.00147
2399.95816,0.00157
2398.99393,0.00166
2398.02970,0.00170
2397.06548,0.00171
2396.10125,0.00169
2395.13703,0.00160
2394.17280,0.00141
2393.20857,0.00116
2392.24435,0.00095
2391.28012,0.00084
2390.31590,0.00087
2389.35167,0.00099
2388.38745,0.00120
2387.42322,0.00145
2386.45899,0.00166
2385.49477,0.00178
2384.53054,0.00182
2383.56632,0.00189
2382.60209,0.00202
2381.63786,0.00214
2380.67364,0.00219
2379.70941,0.00218
2378.74519,0.00214
2377.78096,0.00207
2376.81674,0.00187
2375.85251,0.00148
2374.88828,0.00098
2373.92406,0.00058
2372.95983,0.00037
2371.99561,0.00034
2371.03138,0.00038
2370.06715,0.00046
2369.10293,0.00063
2368.13870,0.00085
2367.17448,0.00104
2366.21025,0.00107
2365.24603,0.00095
2364.28180,0.00079
2363.31757,0.00071
2362.35335,0.00075
2361.38912,0.00081
2360.42490,0.00073
2359.46067,0.00044
2358.49644,0.00005
2357.53222,-0.00024
2356.56799,-0.00020
2355.60377,0.00021
2354.63954,0.00081
2353.67531,0.00136
2352.71109,0.00165
2351.74686,0.00165
2350.78264,0.00140
2349.81841,0.00101
2348.85419,0.00061
2347.88996,0.00036
2346.92573,0.00034
2345.96151,0.00051
2344.99728,0.00076
2344.03306,0.00099
2343.06883,0.00118
2342.10460,0.00137
2341.14038,0.00149
2340.17615,0.00148
2339.21193,0.00137
2338.24770,0.00131
2337.28348,0.00142
2336.31925,0.00165
2335.35502,0.00181
2334.39080,0.00179
2333.42657,0.00166
2332.46235,0.00157
2331.49812,0.00161
2330.53389,0.00175
2329.56967,0.00185
2328.60544,0.00177
2327.64122,0.00145
2326.67699,0.00094
2325.71277,0.00051
2324.74854,0.00042
2323.78431,0.00083
2322.82009,0.00157
2321.85586,0.00231
2320.89164,0.00277
2319.92741,0.00290
2318.96318,0.00277
2317.99896,0.00246
2317.03473,0.00204
2316.07051,0.00161
2315.10628,0.00135
2314.14205,0.00134
2313.17783,0.00147
2312.21360,0.00151
2311.24938,0.00136
2310.28515,0.00110
2309.32093,0.00092
2308.35670,0.00098
2307.39247,0.00124
2306.42825,0.00158
2305.46402,0.00187
2304.49980,0.00201
2303.53557,0.00202
2302.57134,0.00198
2301.60712,0.00198
2300.64289,0.00207
2299.67867,0.00220
2298.71444,0.00232
2297.75022,0.00237
2296.78599,0.00233
2295.82176,0.00216
2294.85754,0.00189
2293.89331,0.00160
2292.92909,0.00137
2291.96486,0.00126
2291.00063,0.00122
2290.03641,0.00116
2289.07218,0.00108
2288.10796,0.00100
2287.14373,0.00094
2286.17950,0.00085
2285.21528,0.00073
2284.25105,0.00066
2283.28683,0.00076
2282.32260,0.00100
2281.35838,0.00119
2280.39415,0.00125
2279.42992,0.00124
2278.46570,0.00138
2277.50147,0.00171
2276.53725,0.00204
2275.57302,0.00217
2274.60879,0.00208
2273.64457,0.00192
2272.68034,0.00179
2271.71612,0.00168
2270.75189,0.00154
2269.78767,0.00144
2268.82344,0.00147
2267.85921,0.00159
2266.89499,0.00163
2265.93076,0.00149
2264.96654,0.00128
2264.00231,0.00120
2263.03808,0.00131
2262.07386,0.00145
2261.10963,0.00147
2260.14541,0.00140
2259.18118,0.00139
2258.21696,0.00148
2257.25273,0.00156
2256.28850,0.00150
2255.32428,0.00131
2254.36005,0.00117
2253.39583,0.00121
2252.43160,0.00143
2251.46737,0.00171
2250.50315,0.00200
2249.53892,0.00227
2248.57470,0.00249
2247.61047,0.00254
2246.64624,0.00230
2245.68202,0.00184
2244.71779,0.00133
2243.75357,0.00099
2242.78934,0.00089
2241.82512,0.00097
2240.86089,0.00111
2239.89666,0.00124
2238.93244,0.00131
2237.96821,0.00128
2237.00399,0.00116
2236.03976,0.00106
2235.07553,0.00112
2234.11131,0.00139
2233.14708,0.00175
2232.18286,0.00202
2231.21863,0.00205
2230.25441,0.00191
2229.29018,0.00175
2228.32595,0.00168
2227.36173,0.00169
2226.39750,0.00168
2225.43328,0.00157
2224.46905,0.00136
2223.50482,0.00113
2222.54060,0.00098
2221.57637,0.00101
2220.61215,0.00121
2219.64792,0.00148
2218.68369,0.00164
2217.71947,0.00157
2216.75524,0.00128
2215.79102,0.00090
2214.82679,0.00060
2213.86257,0.00052
2212.89834,0.00067
2211.93411,0.00098
2210.96989,0.00128
2210.00566,0.00142
2209.04144,0.00140
2208.07721,0.00136
2207.11298,0.00143
2206.14876,0.00164
2205.18453,0.00187
2204.22031,0.00203
2203.25608,0.00213
2202.29186,0.00226
2201.32763,0.00244
2200.36340,0.00254
2199.39918,0.00246
2198.43495,0.00216
2197.47073,0.00176
2196.50650,0.00142
2195.54227,0.00127
2194.57805,0.00138
2193.61382,0.00169
2192.64960,0.00200
2191.68537,0.00211
2190.72115,0.00192
2189.75692,0.00152
2188.79269,0.00114
2187.82847,0.00094
2186.86424,0.00091
2185.90002,0.00098
2184.93579,0.00112
2183.97156,0.00129
2183.00734,0.00147
2182.04311,0.00158
2181.07889,0.00157
2180.11466,0.00145
2179.15043,0.00134
2178.18621,0.00130
2177.22198,0.00138
2176.25776,0.00158
2175.29353,0.00187
2174.32931,0.00216
2173.36508,0.00238
2172.40085,0.00251
2171.43663,0.00260
2170.47240,0.00271
2169.50818,0.00278
2168.54395,0.00275
2167.57972,0.00257
2166.61550,0.00233
2165.65127,0.00213
2164.68705,0.00199
2163.72282,0.00188
2162.75860,0.00183
2161.79437,0.00187
2160.83014,0.00198
2159.86592,0.00204
2158.90169,0.00200
2157.93747,0.00191
2156.97324,0.00183
2156.00901,0.00175
2155.04479,0.00157
2154.08056,0.00130
2153.11634,0.00110
2152.15211,0.00117
2151.18789,0.00147
2150.22366,0.00179
2149.25943,0.00190
2148.29521,0.00179
2147.33098,0.00159
2146.36676,0.00139
2145.40253,0.00121
2144.43830,0.00103
2143.47408,0.00094
2142.50985,0.00101
2141.54563,0.00120
2140.58140,0.00140
2139.61717,0.00152
2138.65295,0.00159
2137.68872,0.00164
2136.72450,0.00168
2135.76027,0.00169
2134.79605,0.00173
2133.83182,0.00185
2132.86759,0.00203
2131.90337,0.00222
2130.93914,0.00237
2129.97492,0.00252
2129.01069,0.00269
2128.04646,0.00284
2127.08224,0.00284
2126.11801,0.00271
2125.15379,0.00262
2124.18956,0.00277
2123.22534,0.00318
2122.26111,0.00373
2121.29688,0.00421
2120.33266,0.00455
2119.36843,0.00483
2118.40421,0.00512
2117.43998,0.00550
2116.47575,0.00596
2115.51153,0.00644
2114.54730,0.00689
2113.58308,0.00727
2112.61885,0.00762
2111.65462,0.00792
2110.69040,0.00810
2109.72617,0.00810
2108.76195,0.00792
2107.79772,0.00773
2106.83350,0.00767
2105.86927,0.00772
2104.90504,0.00775
2103.94082,0.00765
2102.97659,0.00746
2102.01237,0.00729
2101.04814,0.00720
2100.08391,0.00715
2099.11969,0.00708
2098.15546,0.00698
2097.19124,0.00686
2096.22701,0.00674
2095.26279,0.00661
2094.29856,0.00645
2093.33433,0.00630
2092.37011,0.00613
2091.40588,0.00592
2090.44166,0.00568
2089.47743,0.00545
2088.51320,0.00520
2087.54898,0.00488
2086.58475,0.00441
2085.62053,0.00389
2084.65630,0.00349
2083.69208,0.00330
2082.72785,0.00323
2081.76362,0.00314
2080.79940,0.00302
2079.83517,0.00297
2078.87095,0.00303
2077.90672,0.00309
2076.94249,0.00299
2075.97827,0.00271
2075.01404,0.00240
2074.04982,0.00221
2073.08559,0.00213
2072.12136,0.00204
2071.15714,0.00191
2070.19291,0.00175
2069.22869,0.00163
2068.26446,0.00156
2067.30024,0.00158
2066.33601,0.00174
2065.37178,0.00204
2064.40756,0.00234
2063.44333,0.00243
2062.47911,0.00226
2061.51488,0.00194
2060.55065,0.00171
2059.58643,0.00169
2058.62220,0.00180
2057.65798,0.00187
2056.69375,0.00182
2055.72953,0.00167
2054.76530,0.00149
2053.80107,0.00133
2052.83685,0.00122
2051.87262,0.00114
2050.90840,0.00111
2049.94417,0.00113
2048.97994,0.00120
2048.01572,0.00126
2047.05149,0.00127
2046.08727,0.00122
2045.12304,0.00116
2044.15882,0.00116
2043.19459,0.00122
2042.23036,0.00130
2041.26614,0.00137
2040.30191,0.00147
2039.33769,0.00163
2038.37346,0.00180
2037.40923,0.00185
2036.44501,0.00171
2035.48078,0.00147
2034.51656,0.00127
2033.55233,0.00119
2032.58810,0.00118
2031.62388,0.00120
2030.65965,0.00126
2029.69543,0.00140
2028.73120,0.00150
2027.76698,0.00140
2026.80275,0.00108
2025.83852,0.00070
2024.87430,0.00048
2023.91007,0.00051
2022.94585,0.00070
2021.98162,0.00092
2021.01739,0.00112
2020.05317,0.00133
2019.08894,0.00155
2018.12472,0.00168
2017.16049,0.00170
2016.19627,0.00160
2015.23204,0.00146
2014.26781,0.00133
2013.30359,0.00123
2012.33936,0.00119
2011.37514,0.00119
2010.41091,0.00113
2009.44668,0.00091
2008.48246,0.00054
2007.51823,0.00017
2006.55401,-0.00003
2005.58978,0.00002
2004.62555,0.00026
2003.66133,0.00059
2002.69710,0.00094
2001.73288,0.00128
2000.76865,0.00156
1999.80443,0.00176
1998.84020,0.00186
1997.87597,0.00188
1996.91175,0.00181
1995.94752,0.00165
1994.98330,0.00142
1994.01907,0.00116
1993.05484,0.00092
1992.09062,0.00069
1991.12639,0.00050
1990.16217,0.00042
1989.19794,0.00053
1988.23372,0.00076
1987.26949,0.00094
1986.30526,0.00095
1985.34104,0.00085
1984.37681,0.00083
1983.41259,0.00097
1982.44836,0.00119
1981.48413,0.00138
1980.51991,0.00152
1979.55568,0.00162
1978.59146,0.00162
1977.62723,0.00146
1976.66301,0.00116
1975.69878,0.00093
1974.73455,0.00098
1973.77033,0.00123
1972.80610,0.00144
1971.84188,0.00139
1970.87765,0.00112
1969.91342,0.00085
1968.94920,0.00070
1967.98497,0.00066
1967.02075,0.00065
1966.05652,0.00066
1965.09229,0.00072
1964.12807,0.00089
1963.16384,0.00115
1962.19962,0.00145
1961.23539,0.00167
1960.27117,0.00171
1959.30694,0.00153
1958.34271,0.00118
1957.37849,0.00083
1956.41426,0.00067
1955.45004,0.00076
1954.48581,0.00105
1953.52158,0.00138
1952.55736,0.00162
1951.59313,0.00168
1950.62891,0.00159
1949.66468,0.00149
1948.70046,0.00149
1947.73623,0.00162
1946.77200,0.00170
1945.80778,0.00156
1944.84355,0.00119
1943.87933,0.00080
1942.91510,0.00064
1941.95087,0.00073
1940.98665,0.00091
1940.02242,0.00099
1939.05820,0.00096
1938.09397,0.00092
1937.12974,0.00099
1936.16552,0.00118
1935.20129,0.00144
1934.23707,0.00165
1933.27284,0.00167
1932.30862,0.00145
1931.34439,0.00114
1930.38016,0.00102
1929.41594,0.00127
1928.45171,0.00177
1927.48749,0.00216
1926.52326,0.00218
1925.55903,0.00182
1924.59481,0.00134
1923.63058,0.00096
1922.66636,0.00076
1921.70213,0.00067
1920.73791,0.00068
1919.77368,0.00081
1918.80945,0.00104
1917.84523,0.00125
1916.88100,0.00133
1915.91678,0.00124
1914.95255,0.00104
1913.98832,0.00085
1913.02410,0.00073
1912.05987,0.00071
1911.09565,0.00076
1910.13142,0.00086
1909.16720,0.00094
1908.20297,0.00097
1907.23874,0.00094
1906.27452,0.00087
1905.31029,0.00077
1904.34607,0.00072
1903.38184,0.00077
1902.41761,0.00094
1901.45339,0.00119
1900.48916,0.00142
1899.52494,0.00151
1898.56071,0.00142
1897.59648,0.00117
1896.63226,0.00086
1895.66803,0.00057
1894.70381,0.00041
1893.73958,0.00047
1892.77536,0.00073
1891.81113,0.00111
1890.84690,0.00147
1889.88268,0.00168
1888.91845,0.00172
1887.95423,0.00167
1886.99000,0.00160
1886.02577,0.00156
1885.06155,0.00152
1884.09732,0.00142
1883.13310,0.00121
1882.16887,0.00096
1881.20465,0.00077
1880.24042,0.00073
1879.27619,0.00084
1878.31197,0.00104
1877.34774,0.00122
1876.38352,0.00130
1875.41929,0.00123
1874.45506,0.00100
1873.49084,0.00068
1872.52661,0.00042
1871.56239,0.00033
1870.59816,0.00043
1869.63394,0.00064
1868.66971,0.00087
1867.70548,0.00107
1866.74126,0.00121
1865.77703,0.00127
1864.81281,0.00121
1863.84858,0.00109
1862.88435,0.00103
1861.92013,0.00113
1860.95590,0.00131
1859.99168,0.00140
1859.02745,0.00128
1858.06322,0.00101
1857.09900,0.00074
1856.13477,0.00059
1855.17055,0.00057
1854.20632,0.00061
1853.24210,0.00067
1852.27787,0.00070
1851.31364,0.00065
1850.34942,0.00051
1849.38519,0.00037
1848.42097,0.00035
1847.45674,0.00053
1846.49251,0.00082
1845.52829,0.00104
1844.56406,0.00105
1843.59984,0.00090
1842.63561,0.00077
1841.67139,0.00079
1840.70716,0.00097
1839.74293,0.00118
1838.77871,0.00127
1837.81448,0.00120
1836.85026,0.00105
1835.88603,0.00097
1834.92180,0.00103
1833.95758,0.00119
1832.99335,0.00134
1832.02913,0.00141
1831.06490,0.00143
1830.10067,0.00141
1829.13645,0.00135
1828.17222,0.00121
1827.20800,0.00102
1826.24377,0.00090
1825.27955,0.00090
1824.31532,0.00098
1823.35109,0.00100
1822.38687,0.00090
1821.42264,0.00079
1820.45842,0.00081
1819.49419,0.00098
1818.52996,0.00117
1817.56574,0.00124
1816.60151,0.00121
1815.63729,0.00121
1814.67306,0.00134
1813.70884,0.00155
1812.74461,0.00171
1811.78038,0.00171
1810.81616,0.00157
1809.85193,0.00140
1808.88771,0.00130
1807.92348,0.00129
1806.95925,0.00134
1805.99503,0.00136
1805.03080,0.00133
1804.06658,0.00134
1803.10235,0.00148
1802.13813,0.00179
1801.17390,0.00213
1800.20967,0.00229
1799.24545,0.00217
1798.28122,0.00182
1797.31700,0.00143
1796.35277,0.00118
1795.38854,0.00111
1794.42432,0.00117
1793.46009,0.00128
1792.49587,0.00138
1791.53164,0.00142
1790.56741,0.00137
1789.60319,0.00121
1788.63896,0.00100
1787.67474,0.00088
1786.71051,0.00097
1785.74629,0.00126
1784.78206,0.00162
1783.81783,0.00186
1782.85361,0.00188
1781.88938,0.00172
1780.92516,0.00154
1779.96093,0.00147
1778.99670,0.00152
1778.03248,0.00164
1777.06825,0.00177
1776.10403,0.00191
1775.13980,0.00207
1774.17558,0.00225
1773.21135,0.00240
1772.24712,0.00249
1771.28290,0.00250
1770.31867,0.00247
1769.35445,0.00245
1768.39022,0.00245
1767.42599,0.00243
1766.46177,0.00236
1765.49754,0.00226
1764.53332,0.00215
1763.56909,0.00210
1762.60487,0.00208
1761.64064,0.00206
1760.67641,0.00200
1759.71219,0.00189
1758.74796,0.00177
1757.78374,0.00168
1756.81951,0.00166
1755.85528,0.00172
1754.89106,0.00189
1753.92683,0.00214
1752.96261,0.00241
1751.99838,0.00262
1751.03415,0.00273
1750.06993,0.00277
1749.10570,0.00281
1748.14148,0.00288
1747.17725,0.00295
1746.21303,0.00299
1745.24880,0.00300
1744.28457,0.00302
1743.32035,0.00306
1742.35612,0.00305
1741.39190,0.00290
1740.42767,0.00261
1739.46344,0.00232
1738.49922,0.00219
1737.53499,0.00231
1736.57077,0.00263
1735.60654,0.00299
1734.64232,0.00323
1733.67809,0.00326
1732.71386,0.00317
1731.74964,0.00306
1730.78541,0.00306
1729.82119,0.00320
1728.85696,0.00342
1727.89273,0.00359
1726.92851,0.00359
1725.96428,0.00342
1725.00006,0.00315
1724.03583,0.00291
1723.07160,0.00280
1722.10738,0.00279
1721.14315,0.00287
1720.17893,0.00304
1719.21470,0.00331
1718.25048,0.00366
1717.28625,0.00392
1716.32202,0.00393
1715.35780,0.00368
1714.39357,0.00336
1713.42935,0.00320
1712.46512,0.00328
1711.50089,0.00346
1710.53667,0.00354
1709.57244,0.00346
1708.60822,0.00333
1707.64399,0.00335
1706.67977,0.00360
1705.71554,0.00398
1704.75131,0.00431
1703.78709,0.00446
1702.82286,0.00441
1701.85864,0.00423
1700.89441,0.00398
1699.93018,0.00374
1698.96596,0.00362
1698.00173,0.00369
1697.03751,0.00394
1696.07328,0.00424
1695.10906,0.00440
1694.14483,0.00431
1693.18060,0.00402
1692.21638,0.00372
1691.25215,0.00357
1690.28793,0.00362
1689.32370,0.00381
1688.35947,0.00400
1687.39525,0.00410
1686.43102,0.00412
1685.46680,0.00408
1684.50257,0.00402
1683.53834,0.00391
1682.57412,0.00369
1681.60989,0.00341
1680.64567,0.00316
1679.68144,0.00312
1678.71722,0.00334
1677.75299,0.00376
1676.78876,0.00418
1675.82454,0.00439
1674.86031,0.00430
1673.89609,0.00401
1672.93186,0.00368
1671.96763,0.00350
1671.00341,0.00351
1670.03918,0.00367
1669.07496,0.00387
1668.11073,0.00403
1667.14651,0.00409
1666.18228,0.00402
1665.21805,0.00385
1664.25383,0.00366
1663.28960,0.00354
1662.32538,0.00357
1661.36115,0.00379
1660.39692,0.00414
1659.43270,0.00450
1658.46847,0.00473
1657.50425,0.00473
1656.54002,0.00453
1655.57579,0.00423
1654.61157,0.00398
1653.64734,0.00386
1652.68312,0.00385
1651.71889,0.00386
1650.75467,0.00382
1649.79044,0.00375
1648.82621,0.00377
1647.86199,0.00390
1646.89776,0.00410
1645.93354,0.00420
1644.96931,0.00410
1644.00508,0.00383
1643.04086,0.00357
1642.07663,0.00345
1641.11241,0.00348
1640.14818,0.00354
1639.18396,0.00352
1638.21973,0.00342
1637.25550,0.00338
1636.29128,0.00346
1635.32705,0.00356
1634.36283,0.00354
1633.39860,0.00338
1632.43437,0.00321
1631.47015,0.00323
1630.50592,0.00344
1629.54170,0.00368
1628.57747,0.00376
1627.61325,0.00364
1626.64902,0.00340
1625.68479,0.00319
1624.72057,0.00308
1623.75634,0.00308
1622.79212,0.00317
1621.82789,0.00331
1620.86366,0.00346
1619.89944,0.00358
1618.93521,0.00368
1617.97099,0.00374
1617.00676,0.00368
1616.04253,0.00348
1615.07831,0.00318
1614.11408,0.00292
1613.14986,0.00280
1612.18563,0.00278
1611.22141,0.00273
1610.25718,0.00259
1609.29295,0.00245
1608.32873,0.00241
1607.36450,0.00243
1606.40028,0.00237
1605.43605,0.00216
1604.47182,0.00192
1603.50760,0.00182
1602.54337,0.00190
1601.57915,0.00204
1600.61492,0.00211
1599.65070,0.00212
1598.68647,0.00216
1597.72224,0.00223
1596.75802,0.00227
1595.79379,0.00227
1594.82957,0.00229
1593.86534,0.00243
1592.90111,0.00267
1591.93689,0.00288
1590.97266,0.00292
1590.00844,0.00279
1589.04421,0.00254
1588.07999,0.00223
1587.11576,0.00190
1586.15153,0.00162
1585.18731,0.00150
1584.22308,0.00161
1583.25886,0.00191
1582.29463,0.00231
1581.33040,0.00268
1580.36618,0.00290
1579.40195,0.00289
1578.43773,0.00265
1577.47350,0.00231
1576.50927,0.00203
1575.54505,0.00191
1574.58082,0.00194
1573.61660,0.00204
1572.65237,0.00213
1571.68815,0.00217
1570.72392,0.00214
1569.75969,0.00198
1568.79547,0.00169
1567.83124,0.00136
1566.86702,0.00113
1565.90279,0.00106
1564.93856,0.00112
1563.97434,0.00125
1563.01011,0.00139
1562.04589,0.00152
1561.08166,0.00164
1560.11744,0.00173
1559.15321,0.00180
1558.18898,0.00179
1557.22476,0.00165
1556.26053,0.00136
1555.29631,0.00101
1554.33208,0.00085
1553.36785,0.00104
1552.40363,0.00151
1551.43940,0.00196
1550.47518,0.00209
1549.51095,0.00189
1548.54672,0.00158
1547.58250,0.00143
1546.61827,0.00156
1545.65405,0.00187
1544.68982,0.00218
1543.72560,0.00233
1542.76137,0.00229
1541.79714,0.00210
1540.83292,0.00192
1539.86869,0.00182
1538.90447,0.00180
1537.94024,0.00174
1536.97601,0.00162
1536.01179,0.00153
1535.04756,0.00161
1534.08334,0.00185
1533.11911,0.00210
1532.15489,0.00214
1531.19066,0.00193
1530.22643,0.00166
1529.26221,0.00152
1528.29798,0.00154
1527.33376,0.00160
1526.36953,0.00158
1525.40530,0.00148
1524.44108,0.00148
1523.47685,0.00169
1522.51263,0.00204
1521.54840,0.00228
1520.58418,0.00218
1519.61995,0.00176
1518.65572,0.00128
1517.69150,0.00100
1516.72727,0.00103
1515.76305,0.00126
1514.79882,0.00148
1513.83459,0.00160
1512.87037,0.00163
1511.90614,0.00166
1510.94192,0.00173
1509.97769,0.00182
1509.01346,0.00191
1508.04924,0.00194
1507.08501,0.00184
1506.12079,0.00155
1505.15656,0.00114
1504.19234,0.00078
1503.22811,0.00064
1502.26388,0.00078
1501.29966,0.00111
1500.33543,0.00146
1499.37121,0.00169
1498.40698,0.00175
1497.44275,0.00160
1496.47853,0.00133
1495.51430,0.00106
1494.55008,0.00091
1493.58585,0.00091
1492.62163,0.00100
1491.65740,0.00112
1490.69317,0.00126
1489.72895,0.00149
1488.76472,0.00182
1487.80050,0.00215
1486.83627,0.00234
1485.87204,0.00232
1484.90782,0.00215
1483.94359,0.00191
1482.97937,0.00168
1482.01514,0.00151
1481.05092,0.00143
1480.08669,0.00144
1479.12246,0.00144
1478.15824,0.00131
1477.19401,0.00100
1476.22979,0.00065
1475.26556,0.00049
1474.30133,0.00064
1473.33711,0.00102
1472.37288,0.00138
1471.40866,0.00157
1470.44443,0.00157
1469.48020,0.00148
1468.51598,0.00138
1467.55175,0.00127
1466.58753,0.00111
1465.62330,0.00086
1464.65908,0.00049
1463.69485,-0.00000
1462.73062,-0.00050
1461.76640,-0.00073
1460.80217,-0.00053
1459.83795,0.00007
1458.87372,0.00078
1457.90949,0.00131
1456.94527,0.00156
1455.98104,0.00162
1455.01682,0.00154
1454.05259,0.00128
1453.08837,0.00076
1452.12414,0.00002
1451.15991,-0.00079
1450.19569,-0.00150
1449.23146,-0.00191
1448.26724,-0.00180
1447.30301,-0.00100
1446.33878,0.00038
1445.37456,0.00183
1444.41033,0.00280
1443.44611,0.00304
1442.48188,0.00277
1441.51765,0.00237
1440.55343,0.00205
1439.58920,0.00177
1438.62498,0.00141
1437.66075,0.00099
1436.69653,0.00067
1435.73230,0.00066
1434.76807,0.00106
1433.80385,0.00184
1432.83962,0.00281
1431.87540,0.00360
1430.91117,0.00383
1429.94694,0.00339
1428.98272,0.00259
1428.01849,0.00192
1427.05427,0.00172
1426.09004,0.00188
1425.12582,0.00205
1424.16159,0.00199
1423.19736,0.00178
1422.23314,0.00170
1421.26891,0.00190
1420.30469,0.00221
1419.34046,0.00229
1418.37623,0.00194
1417.41201,0.00129
1416.44778,0.00071
1415.48356,0.00047
1414.51933,0.00059
1413.55511,0.00089
1412.59088,0.00113
1411.62665,0.00124
1410.66243,0.00131
1409.69820,0.00148
1408.73398,0.00179
1407.76975,0.00210
1406.80552,0.00211
1405.84130,0.00166
1404.87707,0.00084
1403.91285,0.00006
1402.94862,-0.00030
1401.98439,-0.00017
1401.02017,0.00015
1400.05594,0.00036
1399.09172,0.00042
1398.12749,0.00056
1397.16327,0.00096
1396.19904,0.00149
1395.23481,0.00183
1394.27059,0.00180
1393.30636,0.00155
1392.34214,0.00137
1391.37791,0.00138
1390.41368,0.00144
1389.44946,0.00137
1388.48523,0.00108
1387.52101,0.00069
1386.55678,0.00040
1385.59256,0.00039
1384.62833,0.00074
1383.66410,0.00133
1382.69988,0.00190
1381.73565,0.00213
1380.77143,0.00189
1379.80720,0.00130
1378.84297,0.00064
1377.87875,0.00016
1376.91452,0.00002
1375.95030,0.00028
1374.98607,0.00088
1374.02184,0.00167
1373.05762,0.00236
1372.09339,0.00262
1371.12917,0.00232
1370.16494,0.00163
1369.20072,0.00091
1368.23649,0.00051
1367.27226,0.00049
1366.30804,0.00060
1365.34381,0.00054
1364.37959,0.00028
1363.41536,0.00018
1362.45113,0.00063
1361.48691,0.00161
1360.52268,0.00260
1359.55846,0.00300
1358.59423,0.00267
1357.63001,0.00198
1356.66578,0.00137
1355.70155,0.00094
1354.73733,0.00053
1353.77310,0.00007
1352.80888,-0.00028
1351.84465,-0.00028
1350.88042,0.00002
1349.91620,0.00039
1348.95197,0.00064
1347.98775,0.00076
1347.02352,0.00088
1346.05930,0.00111
1345.09507,0.00155
1344.13084,0.00219
1343.16662,0.00280
1342.20239,0.00298
1341.23817,0.00242
1340.27394,0.00128
1339.30971,0.00016
1338.34549,-0.00039
1337.38126,-0.00034
1336.41704,-0.00008
1335.45281,0.00007
1334.48858,0.00015
1333.52436,0.00035
1332.56013,0.00065
1331.59591,0.00079
1330.63168,0.00065
1329.66746,0.00043
1328.70323,0.00039
1327.73900,0.00054
1326.77478,0.00065
1325.81055,0.00058
1324.84633,0.00049
1323.88210,0.00061
1322.91787,0.00095
1321.95365,0.00123
1320.98942,0.00112
1320.02520,0.00052
1319.06097,-0.00038
1318.09675,-0.00124
1317.13252,-0.00170
1316.16829,-0.00157
1315.20407,-0.00093
1314.23984,-0.00012
1313.27562,0.00048
1312.31139,0.00067
1311.34716,0.00058
1310.38294,0.00047
1309.41871,0.00058
1308.45449,0.00093
1307.49026,0.00132
1306.52604,0.00144
1305.56181,0.00107
1304.59758,0.00033
1303.63336,-0.00037
1302.66913,-0.00061
1301.70491,-0.00034
1300.74068,0.00006
1299.77645,0.00010
1298.81223,-0.00041
1297.84800,-0.00134
1296.88378,-0.00233
1295.91955,-0.00303
1294.95532,-0.00311
1293.99110,-0.00239
1293.02687,-0.00104
1292.06265,0.00044
1291.09842,0.00152
1290.13420,0.00206
1289.16997,0.00230
1288.20574,0.00256
1287.24152,0.00288
1286.27729,0.00309
1285.31307,0.00308
1284.34884,0.00288
1283.38461,0.00262
1282.42039,0.00234
1281.45616,0.00207
1280.49194,0.00191
1279.52771,0.00193
1278.56349,0.00207
1277.59926,0.00214
1276.63503,0.00209
1275.67081,0.00209
1274.70658,0.00229
1273.74236,0.00257
1272.77813,0.00255
1271.81390,0.00206
1270.84968,0.00133
1269.88545,0.00092
1268.92123,0.00113
1267.95700,0.00175
1266.99277,0.00221
1266.02855,0.00207
1265.06432,0.00140
1264.10010,0.00067
1263.13587,0.00034
1262.17165,0.00047
1261.20742,0.00073
1260.24319,0.00080
1259.27897,0.00069
1258.31474,0.00067
1257.35052,0.00092
1256.38629,0.00128
1255.42206,0.00139
1254.45784,0.00112
1253.49361,0.00070
1252.52939,0.00051
1251.56516,0.00064
1250.60094,0.00087
1249.63671,0.00092
1248.67248,0.00068
1247.70826,0.00029
1246.74403,-0.00006
1245.77981,-0.00023
1244.81558,-0.00016
1243.85135,0.00010
1242.88713,0.00041
1241.92290,0.00062
1240.95868,0.00076
1239.99445,0.00094
1239.03023,0.00123
1238.06600,0.00146
1237.10177,0.00137
1236.13755,0.00091
1235.17332,0.00036
1234.20910,0.00011
1233.24487,0.00037
1232.28064,0.00100
1231.31642,0.00171
1230.35219,0.00223
1229.38797,0.00234
1228.42374,0.00199
1227.45951,0.00134
1226.49529,0.00071
1225.53106,0.00037
1224.56684,0.00031
1223.60261,0.00032
1222.63839,0.00031
1221.67416,0.00045
1220.70993,0.00095
1219.74571,0.00179
1218.78148,0.00262
1217.81726,0.00309
1216.85303,0.00301
1215.88880,0.00243
1214.92458,0.00155
1213.96035,0.00074
1212.99613,0.00042
1212.03190,0.00076
1211.06768,0.00143
1210.10345,0.00175
1209.13922,0.00132
1208.17500,0.00038
1207.21077,-0.00044
1206.24655,-0.00069
1205.28232,-0.00046
1204.31809,-0.00007
1203.35387,0.00028
1202.38964,0.00061
1201.42542,0.00092
1200.46119,0.00117
1199.49697,0.00135
1198.53274,0.00159
1197.56851,0.00198
1196.60429,0.00232
1195.64006,0.00236
1194.67584,0.00209
1193.71161,0.00176
1192.74738,0.00157
1191.78316,0.00144
1190.81893,0.00124
1189.85471,0.00104
1188.89048,0.00099
1187.92625,0.00102
1186.96203,0.00072
1185.99780,-0.00015
1185.03358,-0.00119
1184.06935,-0.00160
1183.10513,-0.00088
1182.14090,0.00060
1181.17667,0.00190
1180.21245,0.00240
1179.24822,0.00228
1178.28400,0.00219
1177.31977,0.00250
1176.35554,0.00284
1175.39132,0.00245
1174.42709,0.00097
1173.46287,-0.00103
1172.49864,-0.00244
1171.53442,-0.00241
1170.57019,-0.00106
1169.60596,0.00062
1168.64174,0.00159
1167.67751,0.00145
1166.71329,0.00047
1165.74906,-0.00077
1164.78483,-0.00182
1163.82061,-0.00236
1162.85638,-0.00223
1161.89216,-0.00158
1160.92793,-0.00090
1159.96370,-0.00060
1158.99948,-0.00064
1158.03525,-0.00054
1157.07103,0.00007
1156.10680,0.00093
1155.14258,0.00142
1154.17835,0.00122
1153.21412,0.00071
1152.24990,0.00060
1151.28567,0.00134
1150.32145,0.00281
1149.35722,0.00443
1148.39299,0.00548
1147.42877,0.00542
1146.46454,0.00407
1145.50032,0.00184
1144.53609,-0.00054
1143.57187,-0.00240
1142.60764,-0.00351
1141.64341,-0.00393
1140.67919,-0.00364
1139.71496,-0.00260
1138.75074,-0.00101
1137.78651,0.00049
1136.82228,0.00117
1135.85806,0.00072
1134.89383,-0.00058
1133.92961,-0.00211
1132.96538,-0.00315
1132.00116,-0.00309
1131.03693,-0.00167
1130.07270,0.00065
1129.10848,0.00281
1128.14425,0.00373
1127.18003,0.00305
1126.21580,0.00120
1125.25157,-0.00109
1124.28735,-0.00310
1123.32312,-0.00422
1122.35890,-0.00407
1121.39467,-0.00298
1120.43044,-0.00205
1119.46622,-0.00223
1118.50199,-0.00315
1117.53777,-0.00328
1116.57354,-0.00160
1115.60932,0.00097
1114.64509,0.00232
1113.68086,0.00130
1112.71664,-0.00098
1111.75241,-0.00236
1110.78819,-0.00177
1109.82396,-0.00004
1108.85973,0.00149
1107.89551,0.00236
1106.93128,0.00289
1105.96706,0.00313
1105.00283,0.00246
1104.03861,0.00046
1103.07438,-0.00223
1102.11015,-0.00437
1101.14593,-0.00530
1100.18170,-0.00554
1099.21748,-0.00596
1098.25325,-0.00680
1097.28902,-0.00748
1096.32480,-0.00738
1095.36057,-0.00660
1094.39635,-0.00575
1093.43212,-0.00520
1092.46790,-0.00461
1091.50367,-0.00342
1090.53944,-0.00165
1089.57522,-0.00018
1088.61099,0.00001
1087.64677,-0.00115
1086.68254,-0.00258
1085.71831,-0.00292
1084.75409,-0.00170
1083.78986,0.00051
1082.82564,0.00272
1081.86141,0.00435
1080.89718,0.00522
1079.93296,0.00519
1078.96873,0.00423
1078.00451,0.00287
1077.04028,0.00210
1076.07606,0.00260
1075.11183,0.00386
1074.14760,0.00462
1073.18338,0.00407
1072.21915,0.00262
1071.25493,0.00128
1070.29070,0.00047
1069.32647,-0.00021
1068.36225,-0.00113
1067.39802,-0.00191
1066.43380,-0.00176
1065.46957,-0.00043
1064.50535,0.00142
1063.54112,0.00294
1062.57689,0.00389
1061.61267,0.00460
1060.64844,0.00517
1059.68422,0.00516
1058.71999,0.00407
1057.75576,0.00213
1056.79154,0.00027
1055.82731,-0.00057
1054.86309,-0.00024
1053.89886,0.00061
1052.93463,0.00119
1051.97041,0.00120
1051.00618,0.00100
1050.04196,0.00111
1049.07773,0.00161
1048.11351,0.00203
1047.14928,0.00178
1046.18505,0.00078
1045.22083,-0.00034
1044.25660,-0.00076
1043.29238,-0.00022
1042.32815,0.00078
1041.36392,0.00146
1040.39970,0.00153
1039.43547,0.00136
1038.47125,0.00150
1037.50702,0.00207
1036.54280,0.00265
1035.57857,0.00271
1034.61434,0.00211
1033.65012,0.00128
1032.68589,0.00080
1031.72167,0.00098
1030.75744,0.00162
1029.79321,0.00228
1028.82899,0.00267
1027.86476,0.00280
1026.90054,0.00281
1025.93631,0.00276
1024.97209,0.00259
1024.00786,0.00229
1023.04363,0.00199
1022.07941,0.00177
1021.11518,0.00149
1020.15096,0.00092
1019.18673,0.00021
1018.22250,-0.00012
1017.25828,0.00029
1016.29405,0.00101
1015.32983,0.00115
1014.36560,0.00030
1013.40137,-0.00097
1012.43715,-0.00164
1011.47292,-0.00131
1010.50870,-0.00057
1009.54447,-0.00020
1008.58025,-0.00025
1007.61602,-0.00018
1006.65179,0.00028
1005.68757,0.00076
1004.72334,0.00077
1003.75912,0.00048
1002.79489,0.00056
1001.83066,0.00135
1000.86644,0.00228
999.90221,0.00234
998.93799,0.00102
997.97376,-0.00117
997.00954,-0.00304
996.04531,-0.00340
995.08108,-0.00173
994.11686,0.00152
993.15263,0.00500
992.18841,0.00707
991.22418,0.00686
990.25995,0.00482
989.29573,0.00236
988.33150,0.00070
987.36728,0.00005
986.40305,-0.00014
985.43882,-0.00049
984.47460,-0.00108
983.51037,-0.00157
982.54615,-0.00158
981.58192,-0.00096
980.61770,0.00022
979.65347,0.00177
978.68924,0.00347
977.72502,0.00501
976.76079,0.00585
975.79657,0.00539
974.83234,0.00350
973.86811,0.00106
972.90389,-0.00025
971.93966,0.00077
970.97544,0.00348
970.01121,0.00579
969.04699,0.00585
968.08276,0.00375
967.11853,0.00126
966.15431,0.00006
965.19008,0.00045
964.22586,0.00155
963.26163,0.00241
962.29740,0.00244
961.33318,0.00124
960.36895,-0.00128
959.40473,-0.00418
958.44050,-0.00570
957.47628,-0.00463
956.51205,-0.00184
955.54782,0.00036
954.58360,0.00033
953.61937,-0.00134
952.65515,-0.00266
951.69092,-0.00237
950.72669,-0.00084
949.76247,0.00086
948.79824,0.00221
947.83402,0.00315
946.86979,0.00339
945.90556,0.00250
944.94134,0.00072
943.97711,-0.00087
943.01289,-0.00122
942.04866,-0.00029
941.08444,0.00118
940.12021,0.00259
939.15598,0.00371
938.19176,0.00411
937.22753,0.00293
936.26331,-0.00019
935.29908,-0.00397
934.33485,-0.00597
933.37063,-0.00453
932.40640,-0.00031
931.44218,0.00417
930.47795,0.00643
929.51373,0.00564
928.54950,0.00281
927.58527,-0.00009
926.62105,-0.00136
925.65682,-0.00053
924.69260,0.00139
923.72837,0.00256
922.76414,0.00165
921.79992,-0.00117
920.83569,-0.00445
919.87147,-0.00667
918.90724,-0.00718
917.94302,-0.00623
916.97879,-0.00432
916.01456,-0.00199
915.05034,-0.00001
914.08611,0.00073
913.12189,-0.00023
912.15766,-0.00240
911.19343,-0.00447
910.22921,-0.00516
909.26498,-0.00384
908.30076,-0.00075
907.33653,0.00324
906.37230,0.00669
905.40808,0.00806
904.44385,0.00659
903.47963,0.00295
902.51540,-0.00105
901.55118,-0.00362
900.58695,-0.00414
899.62272,-0.00338
898.65850,-0.00256
897.69427,-0.00230
896.73005,-0.00216
895.76582,-0.00122
894.80159,0.00100
893.83737,0.00417
892.87314,0.00738
891.90892,0.00980
890.94469,0.01091
889.98047,0.01041
889.01624,0.00809
888.05201,0.00409
887.08779,-0.00078
886.12356,-0.00519
885.15934,-0.00803
884.19511,-0.00904
883.23088,-0.00861
882.26666,-0.00708
881.30243,-0.00475
880.33821,-0.00224
879.37398,-0.00069
878.40975,-0.00083
877.44553,-0.00218
876.48130,-0.00342
875.51708,-0.00371
874.55285,-0.00339
873.58863,-0.00322
872.62440,-0.00320
871.66017,-0.00259
870.69595,-0.00100
869.73172,0.00098
868.76750,0.00238
867.80327,0.00284
866.83904,0.00255
865.87482,0.00135
864.91059,-0.00158
863.94637,-0.00675
862.98214,-0.01323
862.01792,-0.01883
861.05369,-0.02162
860.08946,-0.02116
859.12524,-0.01825
858.16101,-0.01380
857.19679,-0.00834
856.23256,-0.00250
855.26833,0.00257
854.30411,0.00557
853.33988,0.00594
852.37566,0.00443
851.41143,0.00252
850.44721,0.00131
849.48298,0.00088
848.51875,0.00060
847.55453,0.00010
846.59030,-0.00031
845.62608,0.00003
844.66185,0.00138
843.69762,0.00331
842.73340,0.00506
841.76917,0.00604
840.80495,0.00594
839.84072,0.00466
838.87649,0.00246
837.91227,0.00008
836.94804,-0.00166
835.98382,-0.00259
835.01959,-0.00341
834.05537,-0.00467
833.09114,-0.00576
832.12691,-0.00531
831.16269,-0.00284
830.19846,0.00038
829.23424,0.00254
828.27001,0.00338
827.30578,0.00429
826.34156,0.00635
825.37733,0.00860
824.41311,0.00903
823.44888,0.00709
822.48466,0.00449
821.52043,0.00345
820.55620,0.00442
819.59198,0.00586
818.62775,0.00598
817.66353,0.00415
816.69930,0.00092
815.73507,-0.00260
814.77085,-0.00508
813.80662,-0.00534
812.84240,-0.00314
811.87817,0.00046
810.91395,0.00376
809.94972,0.00546
808.98549,0.00508
808.02127,0.00260
807.05704,-0.00172
806.09282,-0.00683
805.12859,-0.01070
804.16436,-0.01129
803.20014,-0.00813
802.23591,-0.00272
801.27169,0.00277
800.30746,0.00700
799.34323,0.00947
798.37901,0.00987
797.41478,0.00802
796.45056,0.00473
795.48633,0.00169
794.52211,0.00019
793.55788,-0.00006
792.59365,-0.00019
791.62943,-0.00059
790.66520,-0.00058
789.70098,0.00032
788.73675,0.00153
787.77252,0.00221
786.80830,0.00246
785.84407,0.00305
784.87985,0.00388
783.91562,0.00342
782.95140,0.00041
781.98717,-0.00437
781.02294,-0.00855
780.05872,-0.01033
779.09449,-0.00967
778.13027,-0.00752
777.16604,-0.00445
776.20181,-0.00073
775.23759,0.00265
774.27336,0.00394
773.30914,0.00201
772.34491,-0.00235
771.38068,-0.00683
770.41646,-0.00909
769.45223,-0.00808
768.48801,-0.00426
767.52378,0.00079
766.55956,0.00508
765.59533,0.00706
764.63110,0.00647
763.66688,0.00458
762.70265,0.00323
761.73843,0.00328
760.77420,0.00407
759.80997,0.00429
758.84575,0.00328
757.88152,0.00141
756.91730,-0.00032
755.95307,-0.00110
754.98885,-0.00060
754.02462,0.00097
753.06039,0.00303
752.09617,0.00495
751.13194,0.00635
750.16772,0.00716
749.20349,0.00742
748.23926,0.00713
747.27504,0.00618
746.31081,0.00456
745.34659,0.00248
744.38236,0.00029
743.41814,-0.00147
742.45391,-0.00217
741.48968,-0.00138
740.52546,0.00057
739.56123,0.00262
738.59701,0.00365
737.63278,0.00330
736.66855,0.00198
735.70433,0.00022
734.74010,-0.00173
733.77588,-0.00346
732.81165,-0.00417
731.84742,-0.00327
730.88320,-0.00124
729.91897,0.00067
728.95475,0.00172
727.99052,0.00232
727.02630,0.00310
726.06207,0.00358
725.09784,0.00251
724.13362,-0.00044
723.16939,-0.00354
722.20517,-0.00435
721.24094,-0.00217
720.27671,0.00106
719.31249,0.00265
718.34826,0.00158
717.38404,-0.00101
716.41981,-0.00314
715.45559,-0.00356
714.49136,-0.00231
713.52713,-0.00025
712.56291,0.00150
711.59868,0.00207
710.63446,0.00137
709.67023,0.00024
708.70600,-0.00022
707.74178,0.00046
706.77755,0.00167
705.81333,0.00241
704.84910,0.00223
703.88487,0.00162
702.92065,0.00148
701.95642,0.00225
700.99220,0.00363
700.02797,0.00493
699.06375,0.00570
698.09952,0.00607
697.13529,0.00652
696.17107,0.00740
695.20684,0.00846
694.24262,0.00895
693.27839,0.00818
692.31416,0.00607
691.34994,0.00319
690.38571,0.00038
689.42149,-0.00167
688.45726,-0.00252
687.49304,-0.00202
686.52881,-0.00049
685.56458,0.00121
684.60036,0.00212
683.63613,0.00184
682.67191,0.00082
681.70768,-0.00002
680.74345,-0.00004
679.77923,0.00081
678.81500,0.00234
677.85078,0.00450
676.88655,0.00710
675.92233,0.00928
674.95810,0.00954
673.99387,0.00685
673.02965,0.00184
672.06542,-0.00321
671.10120,-0.00574
670.13697,-0.00467
669.17274,-0.00109
668.20852,0.00212
667.24429,0.00204
666.28007,-0.00198
665.31584,-0.00777
664.35161,-0.01212
663.38739,-0.01271
662.42316,-0.00904
661.45894,-0.00281
660.49471,0.00297
659.53049,0.00593
658.56626,0.00582
657.60203,0.00414
656.63781,0.00257
655.67358,0.00160
654.70936,0.00067
653.74513,-0.00049
652.78090,-0.00125
651.81668,-0.00076
650.85245,0.00093
649.88823,0.00305
648.92400,0.00503
647.95978,0.00674
646.99555,0.00769
646.03132,0.00667
645.06710,0.00300
644.10287,-0.00194
643.13865,-0.00525
642.17442,-0.00495
641.21019,-0.00157
640.24597,0.00278
639.28174,0.00685
638.31752,0.01071
637.35329,0.01390
636.38907,0.01426
635.42484,0.00991
634.46061,0.00247
633.49639,-0.00305
632.53216,-0.00268
631.56794,0.00275
630.60371,0.00874
629.63948,0.01136
628.67526,0.00994
627.71103,0.00621
626.74681,0.00217
625.78258,-0.00056
624.81835,-0.00058
623.85413,0.00251
622.88990,0.00695
621.92568,0.01001
620.96145,0.01049
619.99723,0.00970
619.03300,0.00942
618.06877,0.00971
617.10455,0.00951
616.14032,0.00897
615.17610,0.00913
614.21187,0.00918
613.24764,0.00595
612.28342,-0.00252
611.31919,-0.01320
610.35497,-0.01987
609.39074,-0.01917
608.42652,-0.01380
607.46229,-0.00908
606.49806,-0.00735
605.53384,-0.00718
604.56961,-0.00722
603.60539,-0.00816
602.64116,-0.01025
601.67693,-0.01103
600.71271,-0.00771
599.74848,-0.00154
598.78426,0.00254
597.82003,0.00085
596.85580,-0.00565
595.89158,-0.01325
594.92735,-0.01962
593.96313,-0.02474
592.99890,-0.02797
592.03468,-0.02732
591.07045,-0.02249
590.10622,-0.01709
589.14200,-0.01471
588.17777,-0.01404
587.21355,-0.00967
586.24932,0.00168
585.28509,0.01661
584.32087,0.02752
583.35664,0.03005
582.39242,0.02724
581.42819,0.02573
580.46397,0.02935
579.49974,0.03608
578.53551,0.04059
577.57129,0.03872
576.60706,0.03104
575.64284,0.02230
574.67861,0.01826
573.71438,0.02125
572.75016,0.02853
571.78593,0.03479
570.82171,0.03740
569.85748,0.03834
568.89326,0.03986
567.92903,0.03961
566.96480,0.03255
566.00058,0.01881
565.03635,0.00745
564.07213,0.00868
563.10790,0.02316
562.14367,0.04133
561.17945,0.05228
560.21522,0.05375
559.25100,0.05058
558.28677,0.04619
557.32254,0.03681
556.35832,0.01645
555.39409,-0.01475
554.42987,-0.04708
553.46564,-0.06676
552.50142,-0.06171
551.53719,-0.02608
550.57296,0.03715
549.60874,0.11525
548.64451,0.18127
547.68029,0.20184
546.71606,0.16632
545.75183,0.09707
544.78761,0.02784
543.82338,-0.00880
542.85916,0.01125
541.89493,0.07492
540.93071,0.12271
539.96648,0.11159
539.00225,0.04978
538.03803,-0.01245
537.07380,-0.03865
536.10958,-0.03901
535.14535,-0.03818
534.18112,-0.03572
533.21690,-0.01872
532.25267,0.01587
531.28845,0.04739
530.32422,0.05067
529.36000,0.03893
528.39577,0.05282
527.43154,0.12828
526.46732,0.25891
525.50309,0.33150
524.53887,0.21691
523.57464,0.08026
522.61041,0.05693
521.64619,0.10875
520.68196,0.15598
519.71774,0.16177
518.75351,0.13228
517.78928,0.09827
516.82506,0.11298
515.86083,0.22236
514.89661,0.40121
513.93238,0.54215
512.96816,0.55913
512.00393,0.46049
511.03970,0.32398
510.07548,0.22149
509.11125,0.17681
508.14703,0.23569
507.18280,0.38998
506.21857,0.54335
505.25435,0.51651
504.29012,0.36007
503.32590,0.20839
502.36167,0.09435
501.39745,0.02346
500.43322,-0.01350
499.46899,-0.03887
498.50477,-0.06243
497.54054,-0.07457
496.57632,-0.06177
495.61209,-0.01604
494.64786,0.03514
493.68364,0.05027
492.71941,0.03021
491.75519,0.02581
490.79096,0.04945
489.82673,0.07037
488.86251,0.05910
487.89828,0.01074
486.93406,-0.05744
485.96983,-0.12000
485.00561,-0.15569
484.04138,-0.16319
483.07715,-0.15200
482.11293,-0.13097
481.14870,-0.10625
480.18448,-0.07145
479.22025,-0.02233
478.25602,0.03443
477.29180,0.08329
476.32757,0.10141
475.36335,0.07060
474.39912,-0.01621
473.43490,-0.14745
472.47067,-0.27585
471.50644,-0.35876
470.54222,-0.37772
469.57799,-0.32742
468.61377,-0.18835
467.64954,0.04673
466.68531,0.35967
465.72109,0.61264
464.75686,0.55915
463.79264,0.34353
462.82841,0.17031
461.86419,0.07381
460.89996,0.03955
459.93573,0.04820
458.97151,0.08716
458.00728,0.11463
457.04306,0.10134
456.07883,0.06829
455.11460,0.03096
454.15038,-0.01768
453.18615,-0.08206
452.22193,-0.12656
451.25770,-0.08134
450.29347,0.04347
449.32925,0.18804
448.36502,0.28657
447.40080,0.26561
446.43657,0.15030
445.47235,-0.03830
444.50812,-0.15224
443.54389,-0.11338
442.57967,-0.03682
441.61544,0.00079
440.65122,-0.01712
439.68699,-0.07094
438.72276,-0.06909
437.75854,0.05462
436.79431,0.25864
435.83009,0.36217
434.86586,0.29254
433.90164,0.16386
432.93741,0.08045
431.97318,0.04160
431.00896,0.01442
430.04473,-0.03686
429.08051,-0.17393
428.11628,-0.42436
427.15205,-0.60027
426.18783,-0.48750
425.22360,-0.30095
424.25938,-0.16000
423.29515,-0.05516
422.33092,0.06626
421.36670,0.18733
420.40247,0.25139
419.43825,0.23320
418.47402,0.15265
417.50980,0.03655
416.54557,-0.08852
415.58134,-0.16514
414.61712,-0.16425
413.65289,-0.14624
412.68867,-0.17679
411.72444,-0.27555
410.76021,-0.42472
409.79599,-0.52877
408.83176,-0.51773
407.86754,-0.47802
406.90331,-0.46408
405.93909,-0.44397
404.97486,-0.37886
404.01063,-0.25189
403.04641,-0.09803
402.08218,0.02954
401.11796,0.04554
400.15373,0.00170
399.18950,0.01246
398.22528,0.09611
397.26105,0.17269
396.29683,0.19186
395.33260,0.16881
394.36838,0.15771
393.40415,0.17343
392.43992,0.15525
391.47570,0.08069
390.51147,-0.02011
389.54725,-0.11267
388.58302,-0.17725
387.61879,-0.22534
386.65457,-0.26678
385.69034,-0.27932
384.72612,-0.12802
383.76189,0.40915
382.79766,6.00000
381.83344,6.00000
380.86921,6.00000
379.90499,0.55021
378.94076,0.15222
377.97654,-0.03054
377.01231,-0.09306
376.04808,-0.07856
375.08386,-0.03493
374.11963,-0.01591
373.15541,-0.06618
372.19118,-0.12278
371.22695,-0.07227
370.26273,0.07883
369.29850,0.20439
368.33428,0.23608
367.37005,0.17931
366.40583,0.04260
365.44160,-0.17210
364.47737,-0.42322
363.51315,-0.55488
362.54892,-0.50036
361.58470,-0.50897
360.62047,-0.44659
359.65624,-0.31773
358.69202,-0.16241
357.72779,0.00136
356.76357,0.12347
355.79934,0.11399
354.83512,-0.00538
353.87089,-0.13323
352.90666,-0.18813
351.94244,-0.13484
350.97821,-0.04002
350.01399,0.02324
349.04976,0.03693
