3946.57643,0.00450
3945.61220,0.00347
3944.64798,0.00255
3943.68375,0.00193
3942.71953,0.00142
3941.75530,0.00085
3940.79107,0.00050
3939.82685,0.00080
3938.86262,0.00179
3937.89840,0.00282
3936.93417,0.00317
3935.96994,0.00268
3935.00572,0.00176
3934.04149,0.00093
3933.07727,0.00034
3932.11304,-0.00007
3931.14882,-0.00026
3930.18459,-0.00012
3929.22036,0.00027
3928.25614,0.00067
3927.29191,0.00090
3926.32769,0.00103
3925.36346,0.00122
3924.39923,0.00134
3923.43501,0.00109
3922.47078,0.00040
3921.50656,-0.00039
3920.54233,-0.00088
3919.57811,-0.00098
3918.61388,-0.00091
3917.64965,-0.00081
3916.68543,-0.00053
3915.72120,0.00009
3914.75698,0.00083
3913.79275,0.00113
3912.82852,0.00072
3911.86430,-0.00001
3910.90007,-0.00033
3909.93585,0.00017
3908.97162,0.00128
3908.00739,0.00237
3907.04317,0.00295
3906.07894,0.00302
3905.11472,0.00283
3904.15049,0.00263
3903.18627,0.00246
3902.22204,0.00220
3901.25781,0.00170
3900.29359,0.00101
3899.32936,0.00033
3898.36514,-0.00005
3897.40091,0.00006
3896.43668,0.00056
3895.47246,0.00115
3894.50823,0.00157
3893.54401,0.00175
3892.57978,0.00176
3891.61556,0.00158
3890.65133,0.00109
3889.68710,0.00027
3888.72288,-0.00052
3887.75865,-0.00073
3886.79443,-0.00004
3885.83020,0.00123
3884.86597,0.00236
3883.90175,0.00276
3882.93752,0.00245
3881.97330,0.00191
3881.00907,0.00152
3880.04485,0.00130
3879.08062,0.00105
3878.11639,0.00069
3877.15217,0.00039
3876.18794,0.00035
3875.22372,0.00061
3874.25949,0.00099
3873.29526,0.00121
3872.33104,0.00112
3871.36681,0.00071
3870.40259,0.00012
3869.43836,-0.00041
3868.47413,-0.00063
3867.50991,-0.00042
3866.54568,0.00012
3865.58146,0.00074
3864.61723,0.00118
3863.65301,0.00127
3862.68878,0.00095
3861.72455,0.00029
3860.76033,-0.00050
3859.79610,-0.00112
3858.83188,-0.00125
3857.86765,-0.00078
3856.90342,0.00012
3855.93920,0.00108
3854.97497,0.00178
3854.01075,0.00208
3853.04652,0.00211
3852.08230,0.00202
3851.11807,0.00186
3850.15384,0.00153
3849.18962,0.00094
3848.22539,0.00021
3847.26117,-0.00030
3846.29694,-0.00026
3845.33271,0.00031
3844.36849,0.00096
3843.40426,0.00122
3842.44004,0.00102
3841.47581,0.00080
3840.51159,0.00106
3839.54736,0.00187
3838.58313,0.00270
3837.61891,0.00296
3836.65468,0.00251
3835.69046,0.00169
3834.72623,0.00098
3833.76200,0.00056
3832.79778,0.00044
3831.83355,0.00062
3830.86933,0.00112
3829.90510,0.00181
3828.94087,0.00239
3827.97665,0.00252
3827.01242,0.00216
3826.04820,0.00151
3825.08397,0.00084
3824.11975,0.00035
3823.15552,0.00013
3822.19129,0.00024
3821.22707,0.00061
3820.26284,0.00097
3819.29862,0.00098
3818.33439,0.00053
3817.37016,-0.00011
3816.40594,-0.00052
3815.44171,-0.00049
3814.47749,-0.00014
3813.51326,0.00024
3812.54904,0.00046
3811.58481,0.00051
3810.62058,0.00039
3809.65636,0.00016
3808.69213,-0.00009
3807.72791,-0.00016
3806.76368,0.00014
3805.79945,0.00077
3804.83523,0.00151
3803.87100,0.00208
3802.90678,0.00234
3801.94255,0.00229
3800.97832,0.00204
3800.01410,0.00172
3799.04987,0.00145
3798.08565,0.00130
3797.12142,0.00129
3796.15720,0.00135
3795.19297,0.00143
3794.22874,0.00146
3793.26452,0.00145
3792.30029,0.00148
3791.33607,0.00164
3790.37184,0.00199
3789.40761,0.00236
3788.44339,0.00247
3787.47916,0.00207
3786.51494,0.00126
3785.55071,0.00046
3784.58649,0.00013
3783.62226,0.00043
3782.65803,0.00112
3781.69381,0.00187
3780.72958,0.00251
3779.76536,0.00299
3778.80113,0.00329
3777.83690,0.00332
3776.87268,0.00304
3775.90845,0.00264
3774.94423,0.00242
3773.98000,0.00256
3773.01578,0.00288
3772.05155,0.00299
3771.08732,0.00255
3770.12310,0.00158
3769.15887,0.00044
3768.19465,-0.00037
3767.23042,-0.00054
3766.26619,-0.00013
3765.30197,0.00055
3764.33774,0.00116
3763.37352,0.00153
3762.40929,0.00165
3761.44506,0.00159
3760.48084,0.00138
3759.51661,0.00101
3758.55239,0.00053
3757.58816,0.00005
3756.62394,-0.00029
3755.65971,-0.00042
3754.69548,-0.00031
3753.73126,0.00007
3752.76703,0.00067
3751.80281,0.00133
3750.83858,0.00182
3749.87435,0.00195
3748.91013,0.00177
3747.94590,0.00147
3746.98168,0.00117
3746.01745,0.00084
3745.05323,0.00042
3744.08900,0.00004
3743.12477,-0.00003
3742.16055,0.00043
3741.19632,0.00127
3740.23210,0.00207
3739.26787,0.00243
3738.30364,0.00222
3737.33942,0.00167
3736.37519,0.00114
3735.41097,0.00091
3734.44674,0.00103
3733.48251,0.00138
3732.51829,0.00174
3731.55406,0.00192
3730.58984,0.00185
3729.62561,0.00165
3728.66139,0.00154
3727.69716,0.00165
3726.73293,0.00188
3725.76871,0.00202
3724.80448,0.00196
3723.84026,0.00186
3722.87603,0.00195
3721.91180,0.00225
3720.94758,0.00252
3719.98335,0.00248
3719.01913,0.00213
3718.05490,0.00175
3717.09068,0.00157
3716.12645,0.00154
3715.16222,0.00146
3714.19800,0.00124
3713.23377,0.00102
3712.26955,0.00098
3711.30532,0.00113
3710.34109,0.00123
3709.37687,0.00110
3708.41264,0.00071
3707.44842,0.00024
3706.48419,-0.00009
3705.51997,-0.00011
3704.55574,0.00022
3703.59151,0.00079
3702.62729,0.00135
3701.66306,0.00167
3700.69884,0.00171
3699.73461,0.00165
3698.77038,0.00166
3697.80616,0.00171
3696.84193,0.00165
3695.87771,0.00145
3694.91348,0.00130
3693.94925,0.00140
3692.98503,0.00164
3692.02080,0.00167
3691.05658,0.00126
3690.09235,0.00068
3689.12813,0.00051
3688.16390,0.00109
3687.19967,0.00216
3686.23545,0.00303
3685.27122,0.00324
3684.30700,0.00286
3683.34277,0.00230
3682.37854,0.00188
3681.41432,0.00167
3680.45009,0.00156
3679.48587,0.00153
3678.52164,0.00161
3677.55742,0.00179
3676.59319,0.00194
3675.62896,0.00202
3674.66474,0.00215
3673.70051,0.00252
3672.73629,0.00311
3671.77206,0.00356
3670.80783,0.00352
3669.84361,0.00304
3668.87938,0.00258
3667.91516,0.00262
3666.95093,0.00312
3665.98671,0.00366
3665.02248,0.00385
3664.05825,0.00369
3663.09403,0.00346
3662.12980,0.00336
3661.16558,0.00335
3660.20135,0.00337
3659.23712,0.00350
3658.27290,0.00390
3657.30867,0.00450
3656.34445,0.00493
3655.38022,0.00493
3654.41599,0.00457
3653.45177,0.00423
3652.48754,0.00422
3651.52332,0.00453
3650.55909,0.00492
3649.59487,0.00521
3648.63064,0.00531
3647.66641,0.00517
3646.70219,0.00479
3645.73796,0.00432
3644.77374,0.00407
3643.80951,0.00433
3642.84528,0.00505
3641.88106,0.00578
3640.91683,0.00602
3639.95261,0.00556
3638.98838,0.00470
3638.02416,0.00402
3637.05993,0.00398
3636.09570,0.00461
3635.13148,0.00548
3634.16725,0.00602
3633.20303,0.00590
3632.23880,0.00530
3631.27457,0.00468
3630.31035,0.00447
3629.34612,0.00476
3628.38190,0.00536
3627.41767,0.00593
3626.45344,0.00627
3625.48922,0.00628
3624.52499,0.00606
3623.56077,0.00578
3622.59654,0.00567
3621.63232,0.00579
3620.66809,0.00598
3619.70386,0.00606
3618.73964,0.00599
3617.77541,0.00594
3616.81119,0.00605
3615.84696,0.00619
3614.88273,0.00611
3613.91851,0.00570
3612.95428,0.00512
3611.99006,0.00460
3611.02583,0.00428
3610.06161,0.00413
3609.09738,0.00408
3608.13315,0.00411
3607.16893,0.00415
3606.20470,0.00411
3605.24048,0.00403
3604.27625,0.00410
3603.31202,0.00446
3602.34780,0.00503
3601.38357,0.00552
3600.41935,0.00580
3599.45512,0.00589
3598.49090,0.00589
3597.52667,0.00564
3596.56244,0.00502
3595.59822,0.00423
3594.63399,0.00388
3593.66977,0.00445
3592.70554,0.00579
3591.74131,0.00718
3590.77709,0.00798
3589.81286,0.00811
3588.84864,0.00793
3587.88441,0.00774
3586.92018,0.00751
3585.95596,0.00716
3584.99173,0.00673
3584.02751,0.00640
3583.06328,0.00620
3582.09906,0.00607
3581.13483,0.00597
3580.17060,0.00599
3579.20638,0.00624
3578.24215,0.00662
3577.27793,0.00690
3576.31370,0.00694
3575.34947,0.00681
3574.38525,0.00662
3573.42102,0.00639
3572.45680,0.00608
3571.49257,0.00573
3570.52835,0.00548
3569.56412,0.00546
3568.59989,0.00565
3567.63567,0.00589
3566.67144,0.00606
3565.70722,0.00612
3564.74299,0.00607
3563.77876,0.00593
3562.81454,0.00570
3561.85031,0.00544
3560.88609,0.00522
3559.92186,0.00511
3558.95764,0.00517
3557.99341,0.00552
3557.02918,0.00625
3556.06496,0.00730
3555.10073,0.00834
3554.13651,0.00898
3553.17228,0.00904
3552.20805,0.00874
3551.24383,0.00846
3550.27960,0.00834
3549.31538,0.00814
3548.35115,0.00758
3547.38692,0.00664
3546.42270,0.00573
3545.45847,0.00530
3544.49425,0.00546
3543.53002,0.00592
3542.56580,0.00635
3541.60157,0.00660
3540.63734,0.00681
3539.67312,0.00710
3538.70889,0.00744
3537.74467,0.00777
3536.78044,0.00810
3535.81621,0.00854
3534.85199,0.00911
3533.88776,0.00959
3532.92354,0.00965
3531.95931,0.00913
3530.99509,0.00823
3530.03086,0.00732
3529.06663,0.00673
3528.10241,0.00647
3527.13818,0.00641
3526.17396,0.00641
3525.20973,0.00646
3524.24550,0.00663
3523.28128,0.00688
3522.31705,0.00704
3521.35283,0.00693
3520.38860,0.00660
3519.42437,0.00633
3518.46015,0.00632
3517.49592,0.00654
3516.53170,0.00673
3515.56747,0.00676
3514.60325,0.00677
3513.63902,0.00699
3512.67479,0.00743
3511.71057,0.00786
3510.74634,0.00805
3509.78212,0.00798
3508.81789,0.00784
3507.85366,0.00775
3506.88944,0.00767
3505.92521,0.00754
3504.96099,0.00735
3503.99676,0.00717
3503.03254,0.00697
3502.06831,0.00671
3501.10408,0.00651
3500.13986,0.00671
3499.17563,0.00754
3498.21141,0.00884
3497.24718,0.00998
3496.28295,0.01028
3495.31873,0.00950
3494.35450,0.00798
3493.39028,0.00649
3492.42605,0.00574
3491.46183,0.00601
3490.49760,0.00694
3489.53337,0.00786
3488.56915,0.00818
3487.60492,0.00778
3486.64070,0.00699
3485.67647,0.00627
3484.71224,0.00593
3483.74802,0.00603
3482.78379,0.00655
3481.81957,0.00742
3480.85534,0.00842
3479.89111,0.00921
3478.92689,0.00953
3477.96266,0.00945
3476.99844,0.00926
3476.03421,0.00917
3475.06999,0.00916
3474.10576,0.00909
3473.14153,0.00893
3472.17731,0.00888
3471.21308,0.00915
3470.24886,0.00975
3469.28463,0.01048
3468.32040,0.01102
3467.35618,0.01108
3466.39195,0.01055
3465.42773,0.00955
3464.46350,0.00845
3463.49928,0.00763
3462.53505,0.00729
3461.57082,0.00731
3460.60660,0.00749
3459.64237,0.00773
3458.67815,0.00807
3457.71392,0.00857
3456.74969,0.00919
3455.78547,0.00982
3454.82124,0.01032
3453.85702,0.01055
3452.89279,0.01035
3451.92856,0.00972
3450.96434,0.00887
3450.00011,0.00823
3449.03589,0.00811
3448.07166,0.00852
3447.10744,0.00907
3446.14321,0.00930
3445.17898,0.00898
3444.21476,0.00825
3443.25053,0.00749
3442.28631,0.00708
3441.32208,0.00712
3440.35785,0.00744
3439.39363,0.00780
3438.42940,0.00803
3437.46518,0.00817
3436.50095,0.00834
3435.53673,0.00854
3434.57250,0.00872
3433.60827,0.00885
3432.64405,0.00907
3431.67982,0.00947
3430.71560,0.00993
3429.75137,0.01021
3428.78714,0.01016
3427.82292,0.00985
3426.85869,0.00950
3425.89447,0.00924
3424.93024,0.00901
3423.96602,0.00871
3423.00179,0.00833
3422.03756,0.00804
3421.07334,0.00797
3420.10911,0.00815
3419.14489,0.00847
3418.18066,0.00875
3417.21643,0.00886
3416.25221,0.00879
3415.28798,0.00873
3414.32376,0.00886
3413.35953,0.00922
3412.39530,0.00959
3411.43108,0.00971
3410.46685,0.00954
3409.50263,0.00927
3408.53840,0.00912
3407.57418,0.00913
3406.60995,0.00920
3405.64572,0.00930
3404.68150,0.00952
3403.71727,0.00988
3402.75305,0.01019
3401.78882,0.01015
3400.82459,0.00968
3399.86037,0.00909
3398.89614,0.00880
3397.93192,0.00895
3396.96769,0.00934
3396.00347,0.00967
3395.03924,0.00982
3394.07501,0.00995
3393.11079,0.01018
3392.14656,0.01047
3391.18234,0.01068
3390.21811,0.01070
3389.25388,0.01060
3388.28966,0.01046
3387.32543,0.01029
3386.36121,0.01004
3385.39698,0.00964
3384.43276,0.00909
3383.46853,0.00842
3382.50430,0.00766
3381.54008,0.00692
3380.57585,0.00645
3379.61163,0.00646
3378.64740,0.00696
3377.68317,0.00764
3376.71895,0.00812
3375.75472,0.00821
3374.79050,0.00805
3373.82627,0.00790
3372.86204,0.00784
3371.89782,0.00780
3370.93359,0.00769
3369.96937,0.00752
3369.00514,0.00736
3368.04092,0.00720
3367.07669,0.00703
3366.11246,0.00697
3365.14824,0.00721
3364.18401,0.00776
3363.21979,0.00835
3362.25556,0.00859
3361.29133,0.00846
3360.32711,0.00828
3359.36288,0.00834
3358.39866,0.00849
3357.43443,0.00826
3356.47021,0.00743
3355.50598,0.00638
3354.54175,0.00582
3353.57753,0.00617
3352.61330,0.00722
3351.64908,0.00838
3350.68485,0.00917
3349.72062,0.00945
3348.75640,0.00936
3347.79217,0.00914
3346.82795,0.00897
3345.86372,0.00900
3344.89949,0.00919
3343.93527,0.00937
3342.97104,0.00936
3342.00682,0.00922
3341.04259,0.00922
3340.07837,0.00953
3339.11414,0.00996
3338.14991,0.01008
3337.18569,0.00965
3336.22146,0.00889
3335.25724,0.00828
3334.29301,0.00812
3333.32878,0.00837
3332.36456,0.00875
3331.40033,0.00910
3330.43611,0.00936
3329.47188,0.00950
3328.50766,0.00939
3327.54343,0.00897
3326.57920,0.00836
3325.61498,0.00784
3324.65075,0.00760
3323.68653,0.00767
3322.72230,0.00791
3321.75807,0.00822
3320.79385,0.00853
3319.82962,0.00877
3318.86540,0.00888
3317.90117,0.00888
3316.93695,0.00890
3315.97272,0.00908
3315.00849,0.00940
3314.04427,0.00964
3313.08004,0.00958
3312.11582,0.00919
3311.15159,0.00867
3310.18736,0.00827
3309.22314,0.00810
3308.25891,0.00812
3307.29469,0.00827
3306.33046,0.00853
3305.36623,0.00887
3304.40201,0.00922
3303.43778,0.00952
3302.47356,0.00971
3301.50933,0.00982
3300.54511,0.00980
3299.58088,0.00952
3298.61665,0.00891
3297.65243,0.00808
3296.68820,0.00733
3295.72398,0.00698
3294.75975,0.00707
3293.79552,0.00742
3292.83130,0.00776
3291.86707,0.00796
3290.90285,0.00807
3289.93862,0.00817
3288.97440,0.00832
3288.01017,0.00847
3287.04594,0.00858
3286.08172,0.00859
3285.11749,0.00850
3284.15327,0.00834
3283.18904,0.00819
3282.22481,0.00809
3281.26059,0.00801
3280.29636,0.00793
3279.33214,0.00789
3278.36791,0.00801
3277.40369,0.00832
3276.43946,0.00864
3275.47523,0.00870
3274.51101,0.00834
3273.54678,0.00773
3272.58256,0.00720
3271.61833,0.00701
3270.65410,0.00721
3269.68988,0.00765
3268.72565,0.00811
3267.76143,0.00839
3266.79720,0.00832
3265.83297,0.00794
3264.86875,0.00748
3263.90452,0.00730
3262.94030,0.00750
3261.97607,0.00789
3261.01185,0.00815
3260.04762,0.00814
3259.08339,0.00798
3258.11917,0.00782
3257.15494,0.00764
3256.19072,0.00740
3255.22649,0.00714
3254.26226,0.00709
3253.29804,0.00737
3252.33381,0.00784
3251.36959,0.00823
3250.40536,0.00835
3249.44114,0.00824
3248.47691,0.00805
3247.51268,0.00785
3246.54846,0.00761
3245.58423,0.00726
3244.62001,0.00679
3243.65578,0.00622
3242.69155,0.00568
3241.72733,0.00536
3240.76310,0.00543
3239.79888,0.00587
3238.83465,0.00642
3237.87042,0.00684
3236.90620,0.00708
3235.94197,0.00732
3234.97775,0.00770
3234.01352,0.00810
3233.04930,0.00827
3232.08507,0.00807
3231.12084,0.00765
3230.15662,0.00724
3229.19239,0.00703
3228.22817,0.00699
3227.26394,0.00701
3226.29971,0.00701
3225.33549,0.00694
3224.37126,0.00685
3223.40704,0.00684
3222.44281,0.00698
3221.47859,0.00722
3220.51436,0.00746
3219.55013,0.00760
3218.58591,0.00770
3217.62168,0.00791
3216.65746,0.00831
3215.69323,0.00873
3214.72900,0.00888
3213.76478,0.00853
3212.80055,0.00773
3211.83633,0.00669
3210.87210,0.00579
3209.90788,0.00533
3208.94365,0.00545
3207.97942,0.00601
3207.01520,0.00665
3206.05097,0.00705
3205.08675,0.00708
3204.12252,0.00691
3203.15829,0.00678
3202.19407,0.00678
3201.22984,0.00682
3200.26562,0.00681
3199.30139,0.00677
3198.33716,0.00684
3197.37294,0.00707
3196.40871,0.00734
3195.44449,0.00746
3194.48026,0.00729
3193.51604,0.00692
3192.55181,0.00658
3191.58758,0.00652
3190.62336,0.00679
3189.65913,0.00726
3188.69491,0.00776
3187.73068,0.00817
3186.76645,0.00846
3185.80223,0.00857
3184.83800,0.00839
3183.87378,0.00785
3182.90955,0.00709
3181.94533,0.00638
3180.98110,0.00596
3180.01687,0.00584
3179.05265,0.00588
3178.08842,0.00587
3177.12420,0.00576
3176.15997,0.00566
3175.19574,0.00574
3174.23152,0.00609
3173.26729,0.00664
3172.30307,0.00718
3171.33884,0.00749
3170.37461,0.00747
3169.41039,0.00721
3168.44616,0.00691
3167.48194,0.00670
3166.51771,0.00661
3165.55349,0.00655
3164.58926,0.00648
3163.62503,0.00632
3162.66081,0.00608
3161.69658,0.00582
3160.73236,0.00570
3159.76813,0.00588
3158.80390,0.00634
3157.83968,0.00691
3156.87545,0.00734
3155.91123,0.00756
3154.94700,0.00764
3153.98278,0.00763
3153.01855,0.00749
3152.05432,0.00717
3151.09010,0.00678
3150.12587,0.00649
3149.16165,0.00635
3148.19742,0.00624
3147.23319,0.00601
3146.26897,0.00571
3145.30474,0.00547
3144.34052,0.00537
3143.37629,0.00533
3142.41207,0.00528
3141.44784,0.00527
3140.48361,0.00541
3139.51939,0.00566
3138.55516,0.00583
3137.59094,0.00573
3136.62671,0.00537
3135.66248,0.00490
3134.69826,0.00452
3133.73403,0.00434
3132.76981,0.00440
3131.80558,0.00470
3130.84135,0.00514
3129.87713,0.00560
3128.91290,0.00595
3127.94868,0.00614
3126.98445,0.00614
3126.02023,0.00598
3125.05600,0.00567
3124.09177,0.00537
3123.12755,0.00528
3122.16332,0.00548
3121.19910,0.00589
3120.23487,0.00626
3119.27064,0.00641
3118.30642,0.00631
3117.34219,0.00601
3116.37797,0.00564
3115.41374,0.00532
3114.44952,0.00515
3113.48529,0.00516
3112.52106,0.00519
3111.55684,0.00505
3110.59261,0.00470
3109.62839,0.00432
3108.66416,0.00415
3107.69993,0.00418
3106.73571,0.00423
3105.77148,0.00417
3104.80726,0.00404
3103.84303,0.00397
3102.87881,0.00398
3101.91458,0.00397
3100.95035,0.00387
3099.98613,0.00375
3099.02190,0.00370
3098.05768,0.00372
3097.09345,0.00371
3096.12922,0.00367
3095.16500,0.00374
3094.20077,0.00403
3093.23655,0.00449
3092.27232,0.00494
3091.30809,0.00531
3090.34387,0.00558
3089.37964,0.00579
3088.41542,0.00585
3087.45119,0.00574
3086.48697,0.00554
3085.52274,0.00546
3084.55851,0.00555
3083.59429,0.00567
3082.63006,0.00558
3081.66584,0.00523
3080.70161,0.00476
3079.73738,0.00437
3078.77316,0.00407
3077.80893,0.00377
3076.84471,0.00342
3075.88048,0.00303
3074.91626,0.00270
3073.95203,0.00249
3072.98780,0.00246
3072.02358,0.00262
3071.05935,0.00296
3070.09513,0.00335
3069.13090,0.00367
3068.16667,0.00386
3067.20245,0.00394
3066.23822,0.00398
3065.27400,0.00399
3064.30977,0.00398
3063.34554,0.00397
3062.38132,0.00400
3061.41709,0.00406
3060.45287,0.00413
3059.48864,0.00423
3058.52442,0.00440
3057.56019,0.00467
3056.59596,0.00489
3055.63174,0.00483
3054.66751,0.00439
3053.70329,0.00368
3052.73906,0.00303
3051.77483,0.00269
3050.81061,0.00275
3049.84638,0.00317
3048.88216,0.00377
3047.91793,0.00433
3046.95371,0.00460
3045.98948,0.00444
3045.02525,0.00403
3044.06103,0.00369
3043.09680,0.00368
3042.13258,0.00395
3041.16835,0.00419
3040.20412,0.00415
3039.23990,0.00384
3038.27567,0.00352
3037.31145,0.00344
3036.34722,0.00360
3035.38300,0.00385
3034.41877,0.00398
3033.45454,0.00388
3032.49032,0.00362
3031.52609,0.00339
3030.56187,0.00336
3029.59764,0.00356
3028.63341,0.00379
3027.66919,0.00387
3026.70496,0.00379
3025.74074,0.00375
3024.77651,0.00394
3023.81228,0.00431
3022.84806,0.00462
3021.88383,0.00464
3020.91961,0.00439
3019.95538,0.00407
3018.99116,0.00384
3018.02693,0.00373
3017.06270,0.00369
3016.09848,0.00371
3015.13425,0.00380
3014.17003,0.00382
3013.20580,0.00361
3012.24157,0.00315
3011.27735,0.00268
3010.31312,0.00249
3009.34890,0.00267
3008.38467,0.00302
3007.42045,0.00322
3006.45622,0.00315
3005.49199,0.00300
3004.52777,0.00303
3003.56354,0.00332
3002.59932,0.00375
3001.63509,0.00408
3000.67086,0.00423
2999.70664,0.00425
2998.74241,0.00420
2997.77819,0.00408
2996.81396,0.00378
2995.84974,0.00329
2994.88551,0.00271
2993.92128,0.00227
2992.95706,0.00210
2991.99283,0.00223
2991.02861,0.00255
2990.06438,0.00293
2989.10015,0.00324
2988.13593,0.00342
2987.17170,0.00347
2986.20748,0.00343
2985.24325,0.00332
2984.27902,0.00310
2983.31480,0.00274
2982.35057,0.00225
2981.38635,0.00180
2980.42212,0.00159
2979.45790,0.00167
2978.49367,0.00190
2977.52944,0.00209
2976.56522,0.00215
2975.60099,0.00218
2974.63677,0.00230
2973.67254,0.00255
2972.70831,0.00283
2971.74409,0.00304
2970.77986,0.00309
2969.81564,0.00297
2968.85141,0.00269
2967.88719,0.00234
2966.92296,0.00207
2965.95873,0.00204
2964.99451,0.00227
2964.03028,0.00264
2963.06606,0.00295
2962.10183,0.00307
2961.13760,0.00301
2960.17338,0.00286
2959.20915,0.00274
2958.24493,0.00276
2957.28070,0.00290
2956.31647,0.00309
2955.35225,0.00318
2954.38802,0.00312
2953.42380,0.00296
2952.45957,0.00288
2951.49535,0.00299
2950.53112,0.00324
2949.56689,0.00345
2948.60267,0.00343
2947.63844,0.00313
2946.67422,0.00268
2945.70999,0.00235
2944.74576,0.00239
2943.78154,0.00280
2942.81731,0.00339
2941.85309,0.00385
2940.88886,0.00400
2939.92464,0.00385
2938.96041,0.00358
2937.99618,0.00333
2937.03196,0.00315
2936.06773,0.00306
2935.10351,0.00307
2934.13928,0.00317
2933.17505,0.00332
2932.21083,0.00346
2931.24660,0.00354
2930.28238,0.00360
2929.31815,0.00368
2928.35393,0.00378
2927.38970,0.00383
2926.42547,0.00377
2925.46125,0.00356
2924.49702,0.00328
2923.53280,0.00304
2922.56857,0.00297
2921.60434,0.00311
2920.64012,0.00338
2919.67589,0.00356
2918.71167,0.00348
2917.74744,0.00316
2916.78321,0.00282
2915.81899,0.00262
2914.85476,0.00254
2913.89054,0.00245
2912.92631,0.00225
2911.96209,0.00207
2910.99786,0.00214
2910.03363,0.00252
2909.06941,0.00306
2908.10518,0.00352
2907.14096,0.00372
2906.17673,0.00363
2905.21250,0.00336
2904.24828,0.00310
2903.28405,0.00300
2902.31983,0.00314
2901.35560,0.00346
2900.39138,0.00374
2899.42715,0.00380
2898.46292,0.00366
2897.49870,0.00350
2896.53447,0.00353
2895.57025,0.00381
2894.60602,0.00419
2893.64179,0.00451
2892.67757,0.00469
2891.71334,0.00472
2890.74912,0.00459
2889.78489,0.00428
2888.82066,0.00382
2887.85644,0.00334
2886.89221,0.00298
2885.92799,0.00286
2884.96376,0.00298
2883.99954,0.00326
2883.03531,0.00351
2882.07108,0.00360
2881.10686,0.00344
2880.14263,0.00313
2879.17841,0.00284
2878.21418,0.00278
2877.24995,0.00301
2876.28573,0.00343
2875.32150,0.00383
2874.35728,0.00400
2873.39305,0.00383
2872.42883,0.00336
2871.46460,0.00275
2870.50037,0.00225
2869.53615,0.00200
2868.57192,0.00199
2867.60770,0.00209
2866.64347,0.00223
2865.67924,0.00245
2864.71502,0.00283
2863.75079,0.00329
2862.78657,0.00356
2861.82234,0.00341
2860.85812,0.00286
2859.89389,0.00218
2858.92966,0.00171
2857.96544,0.00159
2857.00121,0.00176
2856.03699,0.00205
2855.07276,0.00240
2854.10853,0.00278
2853.14431,0.00315
2852.18008,0.00343
2851.21586,0.00356
2850.25163,0.00352
2849.28740,0.00339
2848.32318,0.00320
2847.35895,0.00299
2846.39473,0.00278
2845.43050,0.00254
2844.46628,0.00224
2843.50205,0.00187
2842.53782,0.00155
2841.57360,0.00146
2840.60937,0.00166
2839.64515,0.00204
2838.68092,0.00236
2837.71669,0.00252
2836.75247,0.00263
2835.78824,0.00283
2834.82402,0.00310
2833.85979,0.00322
2832.89557,0.00300
2831.93134,0.00252
2830.96711,0.00206
2830.00289,0.00185
2829.03866,0.00186
2828.07444,0.00197
2827.11021,0.00211
2826.14598,0.00236
2825.18176,0.00277
2824.21753,0.00317
2823.25331,0.00330
2822.28908,0.00300
2821.32486,0.00239
2820.36063,0.00175
2819.39640,0.00133
2818.43218,0.00124
2817.46795,0.00143
2816.50373,0.00176
2815.53950,0.00209
2814.57527,0.00225
2813.61105,0.00219
2812.64682,0.00202
2811.68260,0.00190
2810.71837,0.00200
2809.75414,0.00231
2808.78992,0.00268
2807.82569,0.00291
2806.86147,0.00291
2805.89724,0.00270
2804.93302,0.00236
2803.96879,0.00200
2803.00456,0.00165
2802.04034,0.00136
2801.07611,0.00117
2800.11189,0.00117
2799.14766,0.00141
2798.18343,0.00182
2797.21921,0.00224
2796.25498,0.00247
2795.29076,0.00244
2794.32653,0.00227
2793.36231,0.00211
2792.39808,0.00202
2791.43385,0.00198
2790.46963,0.00193
2789.50540,0.00188
2788.54118,0.00193
2787.57695,0.00212
2786.61272,0.00233
2785.64850,0.00241
2784.68427,0.00225
2783.72005,0.00192
2782.75582,0.00156
2781.79159,0.00132
2780.82737,0.00120
2779.86314,0.00117
2778.89892,0.00116
2777.93469,0.00114
2776.97047,0.00112
2776.00624,0.00111
2775.04201,0.00116
2774.07779,0.00130
2773.11356,0.00152
2772.14934,0.00176
2771.18511,0.00192
2770.22088,0.00193
2769.25666,0.00179
2768.29243,0.00161
2767.32821,0.00150
2766.36398,0.00156
2765.39976,0.00178
2764.43553,0.00205
2763.47130,0.00222
2762.50708,0.00221
2761.54285,0.00205
2760.57863,0.00190
2759.61440,0.00189
2758.65017,0.00200
2757.68595,0.00210
2756.72172,0.00205
2755.75750,0.00188
2754.79327,0.00172
2753.82905,0.00173
2752.86482,0.00191
2751.90059,0.00217
2750.93637,0.00241
2749.97214,0.00260
2749.00792,0.00274
2748.04369,0.00278
2747.07946,0.00265
2746.11524,0.00238
2745.15101,0.00212
2744.18679,0.00203
2743.22256,0.00209
2742.25833,0.00218
2741.29411,0.00218
2740.32988,0.00212
2739.36566,0.00211
2738.40143,0.00216
2737.43721,0.00220
2736.47298,0.00219
2735.50875,0.00219
2734.54453,0.00227
2733.58030,0.00239
2732.61608,0.00242
2731.65185,0.00230
2730.68762,0.00209
2729.72340,0.00194
2728.75917,0.00188
2727.79495,0.00181
2726.83072,0.00167
2725.86650,0.00153
2724.90227,0.00154
2723.93804,0.00168
2722.97382,0.00177
2722.00959,0.00166
2721.04537,0.00142
2720.08114,0.00125
2719.11691,0.00130
2718.15269,0.00151
2717.18846,0.00171
2716.22424,0.00185
2715.26001,0.00200
2714.29579,0.00222
2713.33156,0.00246
2712.36733,0.00256
2711.40311,0.00244
2710.43888,0.00210
2709.47466,0.00165
2708.51043,0.00123
2707.54620,0.00099
2706.58198,0.00104
2705.61775,0.00142
2704.65353,0.00200
2703.68930,0.00250
2702.72507,0.00270
2701.76085,0.00254
2700.79662,0.00219
2699.83240,0.00184
2698.86817,0.00161
2697.90395,0.00149
2696.93972,0.00144
2695.97549,0.00139
2695.01127,0.00134
2694.04704,0.00132
2693.08282,0.00136
2692.11859,0.00148
2691.15436,0.00168
2690.19014,0.00189
2689.22591,0.00207
2688.26169,0.00215
2687.29746,0.00212
2686.33324,0.00199
2685.36901,0.00177
2684.40478,0.00156
2683.44056,0.00150
2682.47633,0.00167
2681.51211,0.00204
2680.54788,0.00248
2679.58365,0.00281
2678.61943,0.00298
2677.65520,0.00303
2676.69098,0.00301
2675.72675,0.00293
2674.76252,0.00275
2673.79830,0.00244
2672.83407,0.00208
2671.86985,0.00178
2670.90562,0.00166
2669.94140,0.00179
2668.97717,0.00209
2668.01294,0.00245
2667.04872,0.00267
2666.08449,0.00265
2665.12027,0.00240
2664.15604,0.00201
2663.19181,0.00167
2662.22759,0.00153
2661.26336,0.00166
2660.29914,0.00204
2659.33491,0.00255
2658.37069,0.00300
2657.40646,0.00323
2656.44223,0.00320
2655.47801,0.00292
2654.51378,0.00252
2653.54956,0.00208
2652.58533,0.00171
2651.62110,0.00152
2650.65688,0.00153
2649.69265,0.00167
2648.72843,0.00180
2647.76420,0.00178
2646.79998,0.00162
2645.83575,0.00147
2644.87152,0.00148
2643.90730,0.00163
2642.94307,0.00178
2641.97885,0.00175
2641.01462,0.00155
2640.05039,0.00137
2639.08617,0.00141
2638.12194,0.00175
2637.15772,0.00221
2636.19349,0.00254
2635.22926,0.00258
2634.26504,0.00242
2633.30081,0.00224
2632.33659,0.00220
2631.37236,0.00228
2630.40814,0.00239
2629.44391,0.00250
2628.47968,0.00259
2627.51546,0.00263
2626.55123,0.00257
2625.58701,0.00237
2624.62278,0.00211
2623.65855,0.00195
2622.69433,0.00195
2621.73010,0.00208
2620.76588,0.00220
2619.80165,0.00220
2618.83743,0.00207
2617.87320,0.00187
2616.90897,0.00169
2615.94475,0.00157
2614.98052,0.00152
2614.01630,0.00150
2613.05207,0.00148
2612.08784,0.00148
2611.12362,0.00157
2610.15939,0.00177
2609.19517,0.00196
2608.23094,0.00202
2607.26672,0.00196
2606.30249,0.00197
2605.33826,0.00219
2604.37404,0.00255
2603.40981,0.00277
2602.44559,0.00267
2601.48136,0.00231
2600.51713,0.00197
2599.55291,0.00185
2598.58868,0.00194
2597.62446,0.00212
2596.66023,0.00231
2595.69600,0.00244
2594.73178,0.00245
2593.76755,0.00229
2592.80333,0.00202
2591.83910,0.00179
2590.87488,0.00174
2589.91065,0.00188
2588.94642,0.00209
2587.98220,0.00222
2587.01797,0.00225
2586.05375,0.00221
2585.08952,0.00216
2584.12529,0.00212
2583.16107,0.00214
2582.19684,0.00224
2581.23262,0.00241
2580.26839,0.00257
2579.30417,0.00265
2578.33994,0.00262
2577.37571,0.00246
2576.41149,0.00223
2575.44726,0.00197
2574.48304,0.00179
2573.51881,0.00174
2572.55458,0.00183
2571.59036,0.00201
2570.62613,0.00224
2569.66191,0.00244
2568.69768,0.00254
2567.73345,0.00243
2566.76923,0.00211
2565.80500,0.00172
2564.84078,0.00148
2563.87655,0.00150
2562.91233,0.00166
2561.94810,0.00177
2560.98387,0.00170
2560.01965,0.00154
2559.05542,0.00144
2558.09120,0.00151
2557.12697,0.00174
2556.16274,0.00205
2555.19852,0.00229
2554.23429,0.00234
2553.27007,0.00218
2552.30584,0.00189
2551.34162,0.00163
2550.37739,0.00150
2549.41316,0.00149
2548.44894,0.00158
2547.48471,0.00171
2546.52049,0.00186
2545.55626,0.00196
2544.59203,0.00197
2543.62781,0.00195
2542.66358,0.00200
2541.69936,0.00214
2540.73513,0.00225
2539.77091,0.00219
2538.80668,0.00199
2537.84245,0.00183
2536.87823,0.00191
2535.91400,0.00217
2534.94978,0.00242
2533.98555,0.00250
2533.02132,0.00243
2532.05710,0.00233
2531.09287,0.00222
2530.12865,0.00204
2529.16442,0.00178
2528.20019,0.00152
2527.23597,0.00138
2526.27174,0.00141
2525.30752,0.00153
2524.34329,0.00164
2523.37907,0.00167
2522.41484,0.00162
2521.45061,0.00156
2520.48639,0.00154
2519.52216,0.00156
2518.55794,0.00161
2517.59371,0.00171
2516.62948,0.00196
2515.66526,0.00241
2514.70103,0.00293
2513.73681,0.00325
2512.77258,0.00315
2511.80836,0.00269
2510.84413,0.00215
2509.87990,0.00181
2508.91568,0.00171
2507.95145,0.00175
2506.98723,0.00181
2506.02300,0.00187
2505.05877,0.00195
2504.09455,0.00200
2503.13032,0.00204
2502.16610,0.00211
2501.20187,0.00225
2500.23764,0.00238
2499.27342,0.00241
2498.30919,0.00233
2497.34497,0.00232
2496.38074,0.00250
2495.41652,0.00270
2494.45229,0.00266
2493.48806,0.00228
2492.52384,0.00181
2491.55961,0.00156
2490.59539,0.00163
2489.63116,0.00184
2488.66693,0.00196
2487.70271,0.00198
2486.73848,0.00201
2485.77426,0.00209
2484.81003,0.00214
2483.84581,0.00206
2482.88158,0.00183
2481.91735,0.00155
2480.95313,0.00132
2479.98890,0.00124
2479.02468,0.00138
2478.06045,0.00169
2477.09622,0.00201
2476.13200,0.00214
2475.16777,0.00205
2474.20355,0.00189
2473.23932,0.00183
2472.27510,0.00190
2471.31087,0.00193
2470.34664,0.00186
2469.38242,0.00177
2468.41819,0.00181
2467.45397,0.00200
2466.48974,0.00222
2465.52551,0.00232
2464.56129,0.00228
2463.59706,0.00213
2462.63284,0.00193
2461.66861,0.00172
2460.70438,0.00156
2459.74016,0.00147
2458.77593,0.00144
2457.81171,0.00144
2456.84748,0.00146
2455.88326,0.00157
2454.91903,0.00180
2453.95480,0.00209
2452.99058,0.00230
2452.02635,0.00239
2451.06213,0.00241
2450.09790,0.00249
2449.13367,0.00262
2448.16945,0.00269
2447.20522,0.00260
2446.24100,0.00241
2445.27677,0.00224
2444.31255,0.00215
2443.34832,0.00206
2442.38409,0.00188
2441.41987,0.00162
2440.45564,0.00139
2439.49142,0.00131
2438.52719,0.00137
2437.56296,0.00148
2436.59874,0.00157
2435.63451,0.00161
2434.67029,0.00167
2433.70606,0.00181
2432.74184,0.00204
2431.77761,0.00227
2430.81338,0.00239
2429.84916,0.00232
2428.88493,0.00214
2427.92071,0.00199
2426.95648,0.00197
2425.99225,0.00204
2425.02803,0.00211
2424.06380,0.00205
2423.09958,0.00191
2422.13535,0.00180
2421.17112,0.00185
2420.20690,0.00200
2419.24267,0.00212
2418.27845,0.00210
2417.31422,0.00199
2416.35000,0.00197
2415.38577,0.00217
2414.42154,0.00247
2413.45732,0.00265
2412.49309,0.00258
2411.52887,0.00232
2410.56464,0.00210
2409.60041,0.00206
2408.63619,0.00213
2407.67196,0.00218
2406.70774,0.00212
2405.74351,0.00201
2404.77929,0.00194
2403.81506,0.00200
2402.85083,0.00217
2401.88661,0.00242
2400.92238,0.00270
2399.95816,0.00293
2398.99393,0.00302
2398.02970,0.00294
2397.06548,0.00271
2396.10125,0.00241
2395.13703,0.00212
2394.17280,0.00195
2393.20857,0.00195
2392.24435,0.00212
2391.28012,0.00237
2390.31590,0.00252
2389.35167,0.00249
2388.38745,0.00234
2387.42322,0.00224
2386.45899,0.00227
2385.49477,0.00236
2384.53054,0.00240
2383.56632,0.00235
2382.60209,0.00233
2381.63786,0.00241
2380.67364,0.00256
2379.70941,0.00265
2378.74519,0.00261
2377.78096,0.00250
2376.81674,0.00237
2375.85251,0.00223
2374.88828,0.00202
2373.92406,0.00173
2372.95983,0.00149
2371.99561,0.00147
2371.03138,0.00174
2370.06715,0.00224
2369.10293,0.00282
2368.13870,0.00331
2367.17448,0.00362
2366.21025,0.00369
2365.24603,0.00352
2364.28180,0.00310
2363.31757,0.00253
2362.35335,0.00196
2361.38912,0.00154
2360.42490,0.00137
2359.46067,0.00140
2358.49644,0.00149
2357.53222,0.00155
2356.56799,0.00163
2355.60377,0.00180
2354.63954,0.00208
2353.67531,0.00234
2352.71109,0.00246
2351.74686,0.00240
2350.78264,0.00225
2349.81841,0.00217
2348.85419,0.00222
2347.88996,0.00241
2346.92573,0.00265
2345.96151,0.00278
2344.99728,0.00266
2344.03306,0.00229
2343.06883,0.00187
2342.10460,0.00166
2341.14038,0.00176
2340.17615,0.00204
2339.21193,0.00227
2338.24770,0.00237
2337.28348,0.00243
2336.31925,0.00250
2335.35502,0.00250
2334.39080,0.00229
2333.42657,0.00193
2332.46235,0.00166
2331.49812,0.00168
2330.53389,0.00195
2329.56967,0.00226
2328.60544,0.00242
2327.64122,0.00245
2326.67699,0.00243
2325.71277,0.00247
2324.74854,0.00258
2323.78431,0.00277
2322.82009,0.00302
2321.85586,0.00323
2320.89164,0.00327
2319.92741,0.00309
2318.96318,0.00274
2317.99896,0.00237
2317.03473,0.00206
2316.07051,0.00184
2315.10628,0.00174
2314.14205,0.00182
2313.17783,0.00205
2312.21360,0.00231
2311.24938,0.00242
2310.28515,0.00231
2309.32093,0.00208
2308.35670,0.00191
2307.39247,0.00191
2306.42825,0.00206
2305.46402,0.00223
2304.49980,0.00232
2303.53557,0.00229
2302.57134,0.00219
2301.60712,0.00209
2300.64289,0.00204
2299.67867,0.00205
2298.71444,0.00213
2297.75022,0.00226
2296.78599,0.00245
2295.82176,0.00263
2294.85754,0.00273
2293.89331,0.00270
2292.92909,0.00260
2291.96486,0.00251
2291.00063,0.00247
2290.03641,0.00243
2289.07218,0.00233
2288.10796,0.00216
2287.14373,0.00198
2286.17950,0.00179
2285.21528,0.00159
2284.25105,0.00140
2283.28683,0.00133
2282.32260,0.00144
2281.35838,0.00168
2280.39415,0.00189
2279.42992,0.00199
2278.46570,0.00203
2277.50147,0.00215
2276.53725,0.00233
2275.57302,0.00249
2274.60879,0.00258
2273.64457,0.00267
2272.68034,0.00275
2271.71612,0.00273
2270.75189,0.00249
2269.78767,0.00209
2268.82344,0.00174
2267.85921,0.00163
2266.89499,0.00166
2265.93076,0.00165
2264.96654,0.00156
2264.00231,0.00157
2263.03808,0.00181
2262.07386,0.00219
2261.10963,0.00248
2260.14541,0.00252
2259.18118,0.00238
2258.21696,0.00223
2257.25273,0.00211
2256.28850,0.00197
2255.32428,0.00184
2254.36005,0.00181
2253.39583,0.00195
2252.43160,0.00221
2251.46737,0.00253
2250.50315,0.00296
2249.53892,0.00360
2248.57470,0.00435
2247.61047,0.00488
2246.64624,0.00483
2245.68202,0.00414
2244.71779,0.00314
2243.75357,0.00230
2242.78934,0.00183
2241.82512,0.00170
2240.86089,0.00172
2239.89666,0.00176
2238.93244,0.00174
2237.96821,0.00164
2237.00399,0.00144
2236.03976,0.00123
2235.07553,0.00117
2234.11131,0.00134
2233.14708,0.00168
2232.18286,0.00202
2231.21863,0.00225
2230.25441,0.00238
2229.29018,0.00248
2228.32595,0.00258
2227.36173,0.00265
2226.39750,0.00266
2225.43328,0.00263
2224.46905,0.00258
2223.50482,0.00250
2222.54060,0.00234
2221.57637,0.00211
2220.61215,0.00186
2219.64792,0.00172
2218.68369,0.00172
2217.71947,0.00179
2216.75524,0.00181
2215.79102,0.00173
2214.82679,0.00165
2213.86257,0.00171
2212.89834,0.00198
2211.93411,0.00235
2210.96989,0.00262
2210.00566,0.00261
2209.04144,0.00234
2208.07721,0.00201
2207.11298,0.00184
2206.14876,0.00191
2205.18453,0.00213
2204.22031,0.00235
2203.25608,0.00246
2202.29186,0.00247
2201.32763,0.00245
2200.36340,0.00243
2199.39918,0.00240
2198.43495,0.00233
2197.47073,0.00222
2196.50650,0.00217
2195.54227,0.00229
2194.57805,0.00262
2193.61382,0.00306
2192.64960,0.00342
2191.68537,0.00355
2190.72115,0.00336
2189.75692,0.00294
2188.79269,0.00245
2187.82847,0.00204
2186.86424,0.00183
2185.90002,0.00187
2184.93579,0.00209
2183.97156,0.00234
2183.00734,0.00248
2182.04311,0.00243
2181.07889,0.00227
2180.11466,0.00215
2179.15043,0.00217
2178.18621,0.00227
2177.22198,0.00237
2176.25776,0.00238
2175.29353,0.00233
2174.32931,0.00226
2173.36508,0.00222
2172.40085,0.00223
2171.43663,0.00228
2170.47240,0.00235
2169.50818,0.00240
2168.54395,0.00240
2167.57972,0.00236
2166.61550,0.00237
2165.65127,0.00249
2164.68705,0.00271
2163.72282,0.00296
2162.75860,0.00317
2161.79437,0.00328
2160.83014,0.00326
2159.86592,0.00314
2158.90169,0.00295
2157.93747,0.00271
2156.97324,0.00247
2156.00901,0.00222
2155.04479,0.00199
2154.08056,0.00183
2153.11634,0.00185
2152.15211,0.00208
2151.18789,0.00242
2150.22366,0.00268
2149.25943,0.00270
2148.29521,0.00249
2147.33098,0.00221
2146.36676,0.00201
2145.40253,0.00194
2144.43830,0.00195
2143.47408,0.00200
2142.50985,0.00208
2141.54563,0.00224
2140.58140,0.00247
2139.61717,0.00270
2138.65295,0.00285
2137.68872,0.00288
2136.72450,0.00282
2135.76027,0.00273
2134.79605,0.00269
2133.83182,0.00271
2132.86759,0.00280
2131.90337,0.00292
2130.93914,0.00306
2129.97492,0.00322
2129.01069,0.00342
2128.04646,0.00364
2127.08224,0.00389
2126.11801,0.00414
2125.15379,0.00436
2124.18956,0.00458
2123.22534,0.00483
2122.26111,0.00513
2121.29688,0.00545
2120.33266,0.00574
2119.36843,0.00601
2118.40421,0.00633
2117.43998,0.00676
2116.47575,0.00728
2115.51153,0.00772
2114.54730,0.00792
2113.58308,0.00789
2112.61885,0.00778
2111.65462,0.00777
2110.69040,0.00787
2109.72617,0.00797
2108.76195,0.00793
2107.79772,0.00774
2106.83350,0.00748
2105.86927,0.00722
2104.90504,0.00695
2103.94082,0.00666
2102.97659,0.00637
2102.01237,0.00615
2101.04814,0.00606
2100.08391,0.00608
2099.11969,0.00619
2098.15546,0.00629
2097.19124,0.00632
2096.22701,0.00621
2095.26279,0.00598
2094.29856,0.00573
2093.33433,0.00552
2092.37011,0.00530
2091.40588,0.00499
2090.44166,0.00459
2089.47743,0.00423
2088.51320,0.00404
2087.54898,0.00401
2086.58475,0.00405
2085.62053,0.00406
2084.65630,0.00400
2083.69208,0.00389
2082.72785,0.00369
2081.76362,0.00340
2080.79940,0.00313
2079.83517,0.00302
2078.87095,0.00310
2077.90672,0.00321
2076.94249,0.00313
2075.97827,0.00280
2075.01404,0.00242
2074.04982,0.00222
2073.08559,0.00226
2072.12136,0.00238
2071.15714,0.00241
2070.19291,0.00231
2069.22869,0.00218
2068.26446,0.00216
2067.30024,0.00228
2066.33601,0.00250
2065.37178,0.00274
2064.40756,0.00287
2063.44333,0.00278
2062.47911,0.00251
2061.51488,0.00223
2060.55065,0.00214
2059.58643,0.00234
2058.62220,0.00270
2057.65798,0.00302
2056.69375,0.00314
2055.72953,0.00306
2054.76530,0.00292
2053.80107,0.00284
2052.83685,0.00283
2051.87262,0.00280
2050.90840,0.00268
2049.94417,0.00249
2048.97994,0.00233
2048.01572,0.00225
2047.05149,0.00223
2046.08727,0.00220
2045.12304,0.00215
2044.15882,0.00216
2043.19459,0.00225
2042.23036,0.00237
2041.26614,0.00234
2040.30191,0.00214
2039.33769,0.00189
2038.37346,0.00178
2037.40923,0.00188
2036.44501,0.00203
2035.48078,0.00206
2034.51656,0.00191
2033.55233,0.00166
2032.58810,0.00145
2031.62388,0.00138
2030.65965,0.00145
2029.69543,0.00160
2028.73120,0.00173
2027.76698,0.00174
2026.80275,0.00160
2025.83852,0.00137
2024.87430,0.00119
2023.91007,0.00112
2022.94585,0.00121
2021.98162,0.00145
2021.01739,0.00181
2020.05317,0.00222
2019.08894,0.00253
2018.12472,0.00263
2017.16049,0.00253
2016.19627,0.00235
2015.23204,0.00223
2014.26781,0.00220
2013.30359,0.00220
2012.33936,0.00216
2011.37514,0.00205
2010.41091,0.00187
2009.44668,0.00162
2008.48246,0.00137
2007.51823,0.00120
2006.55401,0.00115
2005.58978,0.00115
2004.62555,0.00114
2003.66133,0.00116
2002.69710,0.00133
2001.73288,0.00173
2000.76865,0.00222
1999.80443,0.00259
1998.84020,0.00269
1997.87597,0.00260
1996.91175,0.00250
1995.94752,0.00248
1994.98330,0.00250
1994.01907,0.00241
1993.05484,0.00214
1992.09062,0.00174
1991.12639,0.00133
1990.16217,0.00109
1989.19794,0.00113
1988.23372,0.00138
1987.26949,0.00162
1986.30526,0.00168
1985.34104,0.00154
1984.37681,0.00135
1983.41259,0.00130
1982.44836,0.00143
1981.48413,0.00164
1980.51991,0.00181
1979.55568,0.00191
1978.59146,0.00198
1977.62723,0.00206
1976.66301,0.00217
1975.69878,0.00229
1974.73455,0.00238
1973.77033,0.00240
1972.80610,0.00230
1971.84188,0.00211
1970.87765,0.00193
1969.91342,0.00186
1968.94920,0.00190
1967.98497,0.00195
1967.02075,0.00193
1966.05652,0.00185
1965.09229,0.00180
1964.12807,0.00187
1963.16384,0.00205
1962.19962,0.00227
1961.23539,0.00242
1960.27117,0.00240
1959.30694,0.00224
1958.34271,0.00201
1957.37849,0.00182
1956.41426,0.00175
1955.45004,0.00178
1954.48581,0.00188
1953.52158,0.00197
1952.55736,0.00201
1951.59313,0.00195
1950.62891,0.00181
1949.66468,0.00173
1948.70046,0.00181
1947.73623,0.00203
1946.77200,0.00219
1945.80778,0.00206
1944.84355,0.00164
1943.87933,0.00120
1942.91510,0.00104
1941.95087,0.00124
1940.98665,0.00162
1940.02242,0.00190
1939.05820,0.00195
1938.09397,0.00188
1937.12974,0.00186
1936.16552,0.00203
1935.20129,0.00237
1934.23707,0.00272
1933.27284,0.00286
1932.30862,0.00273
1931.34439,0.00245
1930.38016,0.00223
1929.41594,0.00223
1928.45171,0.00244
1927.48749,0.00269
1926.52326,0.00277
1925.55903,0.00259
1924.59481,0.00216
1923.63058,0.00163
1922.66636,0.00118
1921.70213,0.00098
1920.73791,0.00106
1919.77368,0.00130
1918.80945,0.00156
1917.84523,0.00178
1916.88100,0.00195
1915.91678,0.00204
1914.95255,0.00199
1913.98832,0.00178
1913.02410,0.00151
1912.05987,0.00137
1911.09565,0.00145
1910.13142,0.00163
1909.16720,0.00181
1908.20297,0.00193
1907.23874,0.00204
1906.27452,0.00214
1905.31029,0.00213
1904.34607,0.00199
1903.38184,0.00179
1902.41761,0.00167
1901.45339,0.00164
1900.48916,0.00160
1899.52494,0.00148
1898.56071,0.00137
1897.59648,0.00140
1896.63226,0.00159
1895.66803,0.00184
1894.70381,0.00203
1893.73958,0.00214
1892.77536,0.00222
1891.81113,0.00228
1890.84690,0.00225
1889.88268,0.00212
1888.91845,0.00198
1887.95423,0.00197
1886.99000,0.00212
1886.02577,0.00232
1885.06155,0.00241
1884.09732,0.00232
1883.13310,0.00211
1882.16887,0.00190
1881.20465,0.00181
1880.24042,0.00187
1879.27619,0.00203
1878.31197,0.00219
1877.34774,0.00230
1876.38352,0.00229
1875.41929,0.00214
1874.45506,0.00185
1873.49084,0.00150
1872.52661,0.00128
1871.56239,0.00131
1870.59816,0.00155
1869.63394,0.00178
1868.66971,0.00180
1867.70548,0.00161
1866.74126,0.00139
1865.77703,0.00131
1864.81281,0.00136
1863.84858,0.00145
1862.88435,0.00153
1861.92013,0.00161
1860.95590,0.00177
1859.99168,0.00199
1859.02745,0.00220
1858.06322,0.00234
1857.09900,0.00235
1856.13477,0.00221
1855.17055,0.00196
1854.20632,0.00169
1853.24210,0.00150
1852.27787,0.00142
1851.31364,0.00138
1850.34942,0.00131
1849.38519,0.00126
1848.42097,0.00132
1847.45674,0.00151
1846.49251,0.00168
1845.52829,0.00167
1844.56406,0.00148
1843.59984,0.00127
1842.63561,0.00122
1841.67139,0.00140
1840.70716,0.00170
1839.74293,0.00197
1838.77871,0.00212
1837.81448,0.00210
1836.85026,0.00197
1835.88603,0.00184
1834.92180,0.00183
1833.95758,0.00196
1832.99335,0.00215
1832.02913,0.00226
1831.06490,0.00220
1830.10067,0.00203
1829.13645,0.00183
1828.17222,0.00169
1827.20800,0.00166
1826.24377,0.00177
1825.27955,0.00199
1824.31532,0.00217
1823.35109,0.00219
1822.38687,0.00203
1821.42264,0.00182
1820.45842,0.00172
1819.49419,0.00175
1818.52996,0.00180
1817.56574,0.00181
1816.60151,0.00182
1815.63729,0.00193
1814.67306,0.00215
1813.70884,0.00240
1812.74461,0.00258
1811.78038,0.00265
1810.81616,0.00263
1809.85193,0.00257
1808.88771,0.00252
1807.92348,0.00248
1806.95925,0.00246
1805.99503,0.00244
1805.03080,0.00243
1804.06658,0.00241
1803.10235,0.00242
1802.13813,0.00245
1801.17390,0.00247
1800.20967,0.00245
1799.24545,0.00237
1798.28122,0.00222
1797.31700,0.00204
1796.35277,0.00192
1795.38854,0.00193
1794.42432,0.00211
1793.46009,0.00241
1792.49587,0.00264
1791.53164,0.00267
1790.56741,0.00248
1789.60319,0.00227
1788.63896,0.00219
1787.67474,0.00233
1786.71051,0.00260
1785.74629,0.00288
1784.78206,0.00304
1783.81783,0.00302
1782.85361,0.00283
1781.88938,0.00253
1780.92516,0.00228
1779.96093,0.00218
1778.99670,0.00224
1778.03248,0.00235
1777.06825,0.00237
1776.10403,0.00230
1775.13980,0.00220
1774.17558,0.00215
1773.21135,0.00216
1772.24712,0.00223
1771.28290,0.00235
1770.31867,0.00249
1769.35445,0.00265
1768.39022,0.00279
1767.42599,0.00289
1766.46177,0.00293
1765.49754,0.00285
1764.53332,0.00266
1763.56909,0.00244
1762.60487,0.00231
1761.64064,0.00234
1760.67641,0.00246
1759.71219,0.00257
1758.74796,0.00258
1757.78374,0.00255
1756.81951,0.00256
1755.85528,0.00263
1754.89106,0.00272
1753.92683,0.00279
1752.96261,0.00283
1751.99838,0.00286
1751.03415,0.00288
1750.06993,0.00289
1749.10570,0.00292
1748.14148,0.00302
1747.17725,0.00318
1746.21303,0.00335
1745.24880,0.00347
1744.28457,0.00353
1743.32035,0.00354
1742.35612,0.00341
1741.39190,0.00312
1740.42767,0.00273
1739.46344,0.00249
1738.49922,0.00259
1737.53499,0.00303
1736.57077,0.00360
1735.60654,0.00405
1734.64232,0.00428
1733.67809,0.00432
1732.71386,0.00428
1731.74964,0.00423
1730.78541,0.00419
1729.82119,0.00416
1728.85696,0.00413
1727.89273,0.00409
1726.92851,0.00403
1725.96428,0.00395
1725.00006,0.00386
1724.03583,0.00378
1723.07160,0.00374
1722.10738,0.00377
1721.14315,0.00392
1720.17893,0.00418
1719.21470,0.00445
1718.25048,0.00463
1717.28625,0.00464
1716.32202,0.00452
1715.35780,0.00435
1714.39357,0.00420
1713.42935,0.00412
1712.46512,0.00409
1711.50089,0.00407
1710.53667,0.00397
1709.57244,0.00379
1708.60822,0.00365
1707.64399,0.00371
1706.67977,0.00403
1705.71554,0.00444
1704.75131,0.00471
1703.78709,0.00474
1702.82286,0.00463
1701.85864,0.00459
1700.89441,0.00467
1699.93018,0.00483
1698.96596,0.00499
1698.00173,0.00519
1697.03751,0.00547
1696.07328,0.00579
1695.10906,0.00596
1694.14483,0.00585
1693.18060,0.00551
1692.21638,0.00511
1691.25215,0.00486
1690.28793,0.00481
1689.32370,0.00491
1688.35947,0.00507
1687.39525,0.00520
1686.43102,0.00533
1685.46680,0.00546
1684.50257,0.00561
1683.53834,0.00572
1682.57412,0.00570
1681.60989,0.00552
1680.64567,0.00521
1679.68144,0.00489
1678.71722,0.00467
1677.75299,0.00455
1676.78876,0.00451
1675.82454,0.00448
1674.86031,0.00442
1673.89609,0.00435
1672.93186,0.00434
1671.96763,0.00444
1671.00341,0.00465
1670.03918,0.00491
1669.07496,0.00513
1668.11073,0.00526
1667.14651,0.00532
1666.18228,0.00533
1665.21805,0.00531
1664.25383,0.00526
1663.28960,0.00519
1662.32538,0.00514
1661.36115,0.00517
1660.39692,0.00527
1659.43270,0.00541
1658.46847,0.00555
1657.50425,0.00571
1656.54002,0.00586
1655.57579,0.00594
1654.61157,0.00589
1653.64734,0.00569
1652.68312,0.00545
1651.71889,0.00526
1650.75467,0.00517
1649.79044,0.00518
1648.82621,0.00527
1647.86199,0.00546
1646.89776,0.00569
1645.93354,0.00589
1644.96931,0.00593
1644.00508,0.00583
1643.04086,0.00566
1642.07663,0.00554
1641.11241,0.00548
1640.14818,0.00541
1639.18396,0.00524
1638.21973,0.00503
1637.25550,0.00485
1636.29128,0.00480
1635.32705,0.00483
1634.36283,0.00487
1633.39860,0.00485
1632.43437,0.00483
1631.47015,0.00485
1630.50592,0.00490
1629.54170,0.00485
1628.57747,0.00464
1627.61325,0.00434
1626.64902,0.00410
1625.68479,0.00408
1624.72057,0.00425
1623.75634,0.00449
1622.79212,0.00465
1621.82789,0.00470
1620.86366,0.00467
1619.89944,0.00459
1618.93521,0.00447
1617.97099,0.00432
1617.00676,0.00419
1616.04253,0.00410
1615.07831,0.00408
1614.11408,0.00412
1613.14986,0.00420
1612.18563,0.00426
1611.22141,0.00426
1610.25718,0.00420
1609.29295,0.00414
1608.32873,0.00411
1607.36450,0.00408
1606.40028,0.00395
1605.43605,0.00371
1604.47182,0.00344
1603.50760,0.00328
1602.54337,0.00328
1601.57915,0.00335
1600.61492,0.00340
1599.65070,0.00343
1598.68647,0.00348
1597.72224,0.00356
1596.75802,0.00359
1595.79379,0.00352
1594.82957,0.00343
1593.86534,0.00345
1592.90111,0.00365
1591.93689,0.00396
1590.97266,0.00420
1590.00844,0.00422
1589.04421,0.00399
1588.07999,0.00359
1587.11576,0.00320
1586.15153,0.00302
1585.18731,0.00310
1584.22308,0.00332
1583.25886,0.00345
1582.29463,0.00336
1581.33040,0.00315
1580.36618,0.00300
1579.40195,0.00301
1578.43773,0.00314
1577.47350,0.00322
1576.50927,0.00310
1575.54505,0.00276
1574.58082,0.00228
1573.61660,0.00190
1572.65237,0.00189
1571.68815,0.00236
1570.72392,0.00313
1569.75969,0.00376
1568.79547,0.00384
1567.83124,0.00328
1566.86702,0.00243
1565.90279,0.00173
1564.93856,0.00142
1563.97434,0.00152
1563.01011,0.00184
1562.04589,0.00224
1561.08166,0.00261
1560.11744,0.00292
1559.15321,0.00309
1558.18898,0.00307
1557.22476,0.00283
1556.26053,0.00240
1555.29631,0.00196
1554.33208,0.00172
1553.36785,0.00181
1552.40363,0.00214
1551.43940,0.00247
1550.47518,0.00260
1549.51095,0.00257
1548.54672,0.00252
1547.58250,0.00257
1546.61827,0.00268
1545.65405,0.00271
1544.68982,0.00259
1543.72560,0.00234
1542.76137,0.00208
1541.79714,0.00188
1540.83292,0.00183
1539.86869,0.00196
1538.90447,0.00223
1537.94024,0.00254
1536.97601,0.00280
1536.01179,0.00300
1535.04756,0.00318
1534.08334,0.00334
1533.11911,0.00340
1532.15489,0.00331
1531.19066,0.00310
1530.22643,0.00289
1529.26221,0.00273
1528.29798,0.00260
1527.33376,0.00244
1526.36953,0.00222
1525.40530,0.00203
1524.44108,0.00203
1523.47685,0.00228
1522.51263,0.00270
1521.54840,0.00307
1520.58418,0.00314
1519.61995,0.00283
1518.65572,0.00231
1517.69150,0.00189
1516.72727,0.00177
1515.76305,0.00192
1514.79882,0.00218
1513.83459,0.00242
1512.87037,0.00263
1511.90614,0.00285
1510.94192,0.00307
1509.97769,0.00321
1509.01346,0.00325
1508.04924,0.00322
1507.08501,0.00313
1506.12079,0.00293
1505.15656,0.00264
1504.19234,0.00237
1503.22811,0.00226
1502.26388,0.00235
1501.29966,0.00249
1500.33543,0.00249
1499.37121,0.00233
1498.40698,0.00212
1497.44275,0.00202
1496.47853,0.00205
1495.51430,0.00215
1494.55008,0.00223
1493.58585,0.00225
1492.62163,0.00223
1491.65740,0.00217
1490.69317,0.00217
1489.72895,0.00231
1488.76472,0.00264
1487.80050,0.00303
1486.83627,0.00325
1485.87204,0.00315
1484.90782,0.00279
1483.94359,0.00238
1482.97937,0.00219
1482.01514,0.00228
1481.05092,0.00256
1480.08669,0.00279
1479.12246,0.00282
1478.15824,0.00268
1477.19401,0.00251
1476.22979,0.00250
1475.26556,0.00266
1474.30133,0.00291
1473.33711,0.00311
1472.37288,0.00322
1471.40866,0.00332
1470.44443,0.00342
1469.48020,0.00347
1468.51598,0.00335
1467.55175,0.00305
1466.58753,0.00267
1465.62330,0.00232
1464.65908,0.00211
1463.69485,0.00203
1462.73062,0.00209
1461.76640,0.00229
1460.80217,0.00263
1459.83795,0.00305
1458.87372,0.00344
1457.90949,0.00363
1456.94527,0.00343
1455.98104,0.00278
1455.01682,0.00185
1454.05259,0.00102
1453.08837,0.00060
1452.12414,0.00059
1451.15991,0.00077
1450.19569,0.00091
1449.23146,0.00098
1448.26724,0.00106
1447.30301,0.00120
1446.33878,0.00126
1445.37456,0.00117
1444.41033,0.00099
1443.44611,0.00093
1442.48188,0.00112
1441.51765,0.00148
1440.55343,0.00187
1439.58920,0.00217
1438.62498,0.00233
1437.66075,0.00231
1436.69653,0.00211
1435.73230,0.00187
1434.76807,0.00192
1433.80385,0.00252
1432.83962,0.00357
1431.87540,0.00460
1430.91117,0.00504
1429.94694,0.00463
1428.98272,0.00362
1428.01849,0.00255
1427.05427,0.00191
1426.09004,0.00183
1425.12582,0.00213
1424.16159,0.00260
1423.19736,0.00312
1422.23314,0.00365
1421.26891,0.00408
1420.30469,0.00422
1419.34046,0.00392
1418.37623,0.00322
1417.41201,0.00234
1416.44778,0.00151
1415.48356,0.00090
1414.51933,0.00057
1413.55511,0.00059
1412.59088,0.00100
1411.62665,0.00173
1410.66243,0.00255
1409.69820,0.00319
1408.73398,0.00348
1407.76975,0.00335
1406.80552,0.00282
1405.84130,0.00198
1404.87707,0.00102
1403.91285,0.00029
1402.94862,0.00007
1401.98439,0.00040
1401.02017,0.00104
1400.05594,0.00168
1399.09172,0.00218
1398.12749,0.00251
1397.16327,0.00269
1396.19904,0.00262
1395.23481,0.00224
1394.27059,0.00164
1393.30636,0.00106
1392.34214,0.00076
1391.37791,0.00089
1390.41368,0.00140
1389.44946,0.00205
1388.48523,0.00260
1387.52101,0.00287
1386.55678,0.00287
1385.59256,0.00276
1384.62833,0.00268
1383.66410,0.00264
1382.69988,0.00253
1381.73565,0.00237
1380.77143,0.00226
1379.80720,0.00232
1378.84297,0.00251
1377.87875,0.00268
1376.91452,0.00274
1375.95030,0.00272
1374.98607,0.00270
1374.02184,0.00268
1373.05762,0.00261
1372.09339,0.00254
1371.12917,0.00257
1370.16494,0.00276
1369.20072,0.00301
1368.23649,0.00324
1367.27226,0.00337
1366.30804,0.00343
1365.34381,0.00338
1364.37959,0.00324
1363.41536,0.00306
1362.45113,0.00297
1361.48691,0.00293
1360.52268,0.00277
1359.55846,0.00238
1358.59423,0.00196
1357.63001,0.00190
1356.66578,0.00242
1355.70155,0.00322
1354.73733,0.00378
1353.77310,0.00381
1352.80888,0.00346
1351.84465,0.00312
1350.88042,0.00299
1349.91620,0.00294
1348.95197,0.00273
1347.98775,0.00229
1347.02352,0.00179
1346.05930,0.00153
1345.09507,0.00170
1344.13084,0.00226
1343.16662,0.00291
1342.20239,0.00322
1341.23817,0.00297
1340.27394,0.00238
1339.30971,0.00192
1338.34549,0.00190
1337.38126,0.00221
1336.41704,0.00247
1335.45281,0.00242
1334.48858,0.00211
1333.52436,0.00180
1332.56013,0.00170
1331.59591,0.00185
1330.63168,0.00223
1329.66746,0.00266
1328.70323,0.00290
1327.73900,0.00268
1326.77478,0.00202
1325.81055,0.00122
1324.84633,0.00075
1323.88210,0.00079
1322.91787,0.00114
1321.95365,0.00146
1320.98942,0.00156
1320.02520,0.00152
1319.06097,0.00153
1318.09675,0.00177
1317.13252,0.00224
1316.16829,0.00281
1315.20407,0.00331
1314.23984,0.00358
1313.27562,0.00356
1312.31139,0.00323
1311.34716,0.00263
1310.38294,0.00191
1309.41871,0.00136
1308.45449,0.00139
1307.49026,0.00214
1306.52604,0.00330
1305.56181,0.00417
1304.59758,0.00425
1303.63336,0.00362
1302.66913,0.00282
1301.70491,0.00235
1300.74068,0.00225
1299.77645,0.00229
1298.81223,0.00221
1297.84800,0.00190
1296.88378,0.00140
1295.91955,0.00086
1294.95532,0.00054
1293.99110,0.00072
1293.02687,0.00141
1292.06265,0.00225
1291.09842,0.00276
1290.13420,0.00280
1289.16997,0.00261
1288.20574,0.00253
1287.24152,0.00274
1286.27729,0.00316
1285.31307,0.00372
1284.34884,0.00434
1283.38461,0.00491
1282.42039,0.00521
1281.45616,0.00504
1280.49194,0.00439
1279.52771,0.00340
1278.56349,0.00230
1277.59926,0.00130
1276.63503,0.00062
1275.67081,0.00039
1274.70658,0.00055
1273.74236,0.00080
1272.77813,0.00086
1271.81390,0.00065
1270.84968,0.00043
1269.88545,0.00055
1268.92123,0.00112
1267.95700,0.00187
1266.99277,0.00228
1266.02855,0.00203
1265.06432,0.00124
1264.10010,0.00047
1263.13587,0.00025
1262.17165,0.00064
1261.20742,0.00116
1260.24319,0.00130
1259.27897,0.00100
1258.31474,0.00076
1257.35052,0.00099
1256.38629,0.00157
1255.42206,0.00200
1254.45784,0.00197
1253.49361,0.00169
1252.52939,0.00158
1251.56516,0.00176
1250.60094,0.00191
1249.63671,0.00172
1248.67248,0.00126
1247.70826,0.00089
1246.74403,0.00087
1245.77981,0.00115
1244.81558,0.00152
1243.85135,0.00183
1242.88713,0.00201
1241.92290,0.00204
1240.95868,0.00196
1239.99445,0.00188
1239.03023,0.00193
1238.06600,0.00203
1237.10177,0.00195
1236.13755,0.00157
1235.17332,0.00108
1234.20910,0.00087
1233.24487,0.00119
1232.28064,0.00192
1231.31642,0.00271
1230.35219,0.00327
1229.38797,0.00348
1228.42374,0.00333
1227.45951,0.00286
1226.49529,0.00216
1225.53106,0.00142
1224.56684,0.00080
1223.60261,0.00042
1222.63839,0.00035
1221.67416,0.00070
1220.70993,0.00153
1219.74571,0.00273
1218.78148,0.00391
1217.81726,0.00463
1216.85303,0.00465
1215.88880,0.00400
1214.92458,0.00294
1213.96035,0.00187
1212.99613,0.00114
1212.03190,0.00094
1211.06768,0.00117
1210.10345,0.00151
1209.13922,0.00179
1208.17500,0.00208
1207.21077,0.00253
1206.24655,0.00302
1205.28232,0.00320
1204.31809,0.00288
1203.35387,0.00233
1202.38964,0.00205
1201.42542,0.00222
1200.46119,0.00253
1199.49697,0.00261
1198.53274,0.00251
1197.56851,0.00266
1196.60429,0.00325
1195.64006,0.00383
1194.67584,0.00375
1193.71161,0.00276
1192.74738,0.00129
1191.78316,0.00006
1190.81893,-0.00047
1189.85471,-0.00024
1188.89048,0.00049
1187.92625,0.00138
1186.96203,0.00202
1185.99780,0.00213
1185.03358,0.00169
1184.06935,0.00110
1183.10513,0.00081
1182.14090,0.00105
1181.17667,0.00157
1180.21245,0.00190
1179.24822,0.00171
1178.28400,0.00098
1177.31977,-0.00008
1176.35554,-0.00110
1175.39132,-0.00170
1174.42709,-0.00162
1173.46287,-0.00084
1172.49864,0.00032
1171.53442,0.00130
1170.57019,0.00160
1169.60596,0.00107
1168.64174,-0.00000
1167.67751,-0.00103
1166.71329,-0.00147
1165.74906,-0.00116
1164.78483,-0.00046
1163.82061,0.00009
1162.85638,0.00018
1161.89216,-0.00000
1160.92793,-0.00002
1159.96370,0.00043
1158.99948,0.00122
1158.03525,0.00190
1157.07103,0.00211
1156.10680,0.00187
1155.14258,0.00147
1154.17835,0.00126
1153.21412,0.00135
1152.24990,0.00171
1151.28567,0.00232
1150.32145,0.00329
1149.35722,0.00458
1148.39299,0.00577
1147.42877,0.00620
1146.46454,0.00544
1145.50032,0.00380
1144.53609,0.00206
1143.57187,0.00073
1142.60764,-0.00040
1141.64341,-0.00187
1140.67919,-0.00375
1139.71496,-0.00538
1138.75074,-0.00596
1137.78651,-0.00522
1136.82228,-0.00350
1135.85806,-0.00124
1134.89383,0.00124
1133.92961,0.00357
1132.96538,0.00530
1132.00116,0.00614
1131.03693,0.00629
1130.07270,0.00622
1129.10848,0.00608
1128.14425,0.00559
1127.18003,0.00454
1126.21580,0.00330
1125.25157,0.00245
1124.28735,0.00214
1123.32312,0.00187
1122.35890,0.00102
1121.39467,-0.00055
1120.43044,-0.00240
1119.46622,-0.00380
1118.50199,-0.00390
1117.53777,-0.00209
1116.57354,0.00140
1115.60932,0.00509
1114.64509,0.00695
1113.68086,0.00598
1112.71664,0.00323
1111.75241,0.00097
1110.78819,0.00060
1109.82396,0.00165
1108.85973,0.00270
1107.89551,0.00296
1106.93128,0.00272
1105.96706,0.00240
1105.00283,0.00188
1104.03861,0.00084
1103.07438,-0.00048
1102.11015,-0.00141
1101.14593,-0.00164
1100.18170,-0.00148
1099.21748,-0.00128
1098.25325,-0.00088
1097.28902,-0.00004
1096.32480,0.00092
1095.36057,0.00120
1094.39635,0.00046
1093.43212,-0.00059
1092.46790,-0.00081
1091.50367,0.00019
1090.53944,0.00172
1089.57522,0.00267
1088.61099,0.00252
1087.64677,0.00163
1086.68254,0.00081
1085.71831,0.00079
1084.75409,0.00184
1083.78986,0.00370
1082.82564,0.00567
1081.86141,0.00685
1080.89718,0.00671
1079.93296,0.00539
1078.96873,0.00362
1078.00451,0.00227
1077.04028,0.00190
1076.07606,0.00251
1075.11183,0.00364
1074.14760,0.00473
1073.18338,0.00556
1072.21915,0.00629
1071.25493,0.00707
1070.29070,0.00760
1069.32647,0.00722
1068.36225,0.00553
1067.39802,0.00298
1066.43380,0.00065
1065.46957,-0.00056
1064.50535,-0.00049
1063.54112,0.00047
1062.57689,0.00189
1061.61267,0.00346
1060.64844,0.00475
1059.68422,0.00520
1058.71999,0.00446
1057.75576,0.00281
1056.79154,0.00109
1055.82731,0.00007
1054.86309,0.00003
1053.89886,0.00068
1052.93463,0.00150
1051.97041,0.00201
1051.00618,0.00198
1050.04196,0.00157
1049.07773,0.00120
1048.11351,0.00123
1047.14928,0.00161
1046.18505,0.00193
1045.22083,0.00185
1044.25660,0.00151
1043.29238,0.00134
1042.32815,0.00157
1041.36392,0.00213
1040.39970,0.00286
1039.43547,0.00378
1038.47125,0.00490
1037.50702,0.00589
1036.54280,0.00622
1035.57857,0.00563
1034.61434,0.00450
1033.65012,0.00353
1032.68589,0.00310
1031.72167,0.00306
1030.75744,0.00306
1029.79321,0.00300
1028.82899,0.00297
1027.86476,0.00300
1026.90054,0.00291
1025.93631,0.00251
1024.97209,0.00182
1024.00786,0.00106
1023.04363,0.00049
1022.07941,0.00027
1021.11518,0.00043
1020.15096,0.00090
1019.18673,0.00143
1018.22250,0.00171
1017.25828,0.00149
1016.29405,0.00082
1015.32983,-0.00004
1014.36560,-0.00082
1013.40137,-0.00132
1012.43715,-0.00146
1011.47292,-0.00122
1010.50870,-0.00059
1009.54447,0.00041
1008.58025,0.00163
1007.61602,0.00270
1006.65179,0.00304
1005.68757,0.00217
1004.72334,0.00024
1003.75912,-0.00193
1002.79489,-0.00323
1001.83066,-0.00309
1000.86644,-0.00181
999.90221,-0.00022
998.93799,0.00105
997.97376,0.00186
997.00954,0.00235
996.04531,0.00265
995.08108,0.00287
994.11686,0.00311
993.15263,0.00336
992.18841,0.00328
991.22418,0.00245
990.25995,0.00083
989.29573,-0.00087
988.33150,-0.00163
987.36728,-0.00112
986.40305,-0.00004
985.43882,0.00036
984.47460,-0.00054
983.51037,-0.00214
982.54615,-0.00314
981.58192,-0.00262
980.61770,-0.00077
979.65347,0.00134
978.68924,0.00260
977.72502,0.00266
976.76079,0.00182
975.79657,0.00057
974.83234,-0.00069
973.86811,-0.00149
972.90389,-0.00125
971.93966,0.00027
970.97544,0.00243
970.01121,0.00397
969.04699,0.00403
968.08276,0.00290
967.11853,0.00171
966.15431,0.00130
965.19008,0.00165
964.22586,0.00228
963.26163,0.00286
962.29740,0.00325
961.33318,0.00311
960.36895,0.00213
959.40473,0.00083
958.44050,0.00046
957.47628,0.00177
956.51205,0.00390
955.54782,0.00503
954.58360,0.00433
953.61937,0.00286
952.65515,0.00231
951.69092,0.00291
950.72669,0.00324
949.76247,0.00202
948.79824,-0.00030
947.83402,-0.00219
946.86979,-0.00287
945.90556,-0.00305
944.94134,-0.00376
943.97711,-0.00502
943.01289,-0.00580
942.04866,-0.00530
941.08444,-0.00367
940.12021,-0.00170
939.15598,-0.00011
938.19176,0.00068
937.22753,0.00049
936.26331,-0.00049
935.29908,-0.00148
934.33485,-0.00139
933.37063,0.00026
932.40640,0.00291
931.44218,0.00547
930.47795,0.00720
929.51373,0.00798
928.54950,0.00783
927.58527,0.00674
926.62105,0.00493
925.65682,0.00310
924.69260,0.00190
923.72837,0.00118
922.76414,0.00011
921.79992,-0.00185
920.83569,-0.00403
919.87147,-0.00484
918.90724,-0.00313
917.94302,0.00055
916.97879,0.00414
916.01456,0.00551
915.05034,0.00398
914.08611,0.00071
913.12189,-0.00237
912.15766,-0.00392
911.19343,-0.00385
910.22921,-0.00295
909.26498,-0.00195
908.30076,-0.00085
907.33653,0.00074
906.37230,0.00299
905.40808,0.00565
904.44385,0.00844
903.47963,0.01117
902.51540,0.01339
901.55118,0.01410
900.58695,0.01223
899.62272,0.00781
898.65850,0.00250
897.69427,-0.00132
896.73005,-0.00205
895.76582,0.00005
894.80159,0.00317
893.83737,0.00550
892.87314,0.00634
891.90892,0.00607
890.94469,0.00520
889.98047,0.00357
889.01624,0.00075
888.05201,-0.00300
887.08779,-0.00646
886.12356,-0.00838
885.15934,-0.00870
884.19511,-0.00861
883.23088,-0.00913
882.26666,-0.00988
881.30243,-0.00968
880.33821,-0.00803
879.37398,-0.00571
878.40975,-0.00380
877.44553,-0.00248
876.48130,-0.00135
875.51708,-0.00048
874.55285,-0.00061
873.58863,-0.00180
872.62440,-0.00264
871.66017,-0.00135
870.69595,0.00219
869.73172,0.00605
868.76750,0.00803
867.80327,0.00775
866.83904,0.00650
865.87482,0.00524
864.91059,0.00350
863.94637,0.00038
862.98214,-0.00372
862.01792,-0.00672
861.05369,-0.00654
860.08946,-0.00292
859.12524,0.00230
858.16101,0.00651
857.19679,0.00787
856.23256,0.00620
855.26833,0.00287
854.30411,-0.00015
853.33988,-0.00144
852.37566,-0.00103
851.41143,-0.00019
850.44721,-0.00029
849.48298,-0.00150
848.51875,-0.00261
847.55453,-0.00208
846.59030,0.00057
845.62608,0.00421
844.66185,0.00713
843.69762,0.00848
842.73340,0.00885
841.76917,0.00920
840.80495,0.00947
839.84072,0.00841
838.87649,0.00495
837.91227,-0.00011
836.94804,-0.00430
835.98382,-0.00557
835.01959,-0.00411
834.05537,-0.00186
833.09114,-0.00025
832.12691,0.00106
831.16269,0.00294
830.19846,0.00500
829.23424,0.00576
828.27001,0.00470
827.30578,0.00359
826.34156,0.00482
825.37733,0.00859
824.41311,0.01234
823.44888,0.01320
822.48466,0.01083
821.52043,0.00781
820.55620,0.00712
819.59198,0.00927
818.62775,0.01189
817.66353,0.01179
816.69930,0.00769
815.73507,0.00164
814.77085,-0.00221
813.80662,-0.00098
812.84240,0.00452
811.87817,0.01042
810.91395,0.01303
809.94972,0.01147
808.98549,0.00741
808.02127,0.00280
807.05704,-0.00159
806.09282,-0.00545
805.12859,-0.00788
804.16436,-0.00783
803.20014,-0.00553
802.23591,-0.00255
801.27169,-0.00014
800.30746,0.00178
799.34323,0.00381
798.37901,0.00547
797.41478,0.00549
796.45056,0.00358
795.48633,0.00128
794.52211,0.00042
793.55788,0.00098
792.59365,0.00145
791.62943,0.00104
790.66520,0.00071
789.70098,0.00175
788.73675,0.00381
787.77252,0.00504
786.80830,0.00406
785.84407,0.00126
784.87985,-0.00187
783.91562,-0.00411
782.95140,-0.00487
781.98717,-0.00383
781.02294,-0.00102
780.05872,0.00256
779.09449,0.00501
778.13027,0.00495
777.16604,0.00285
776.20181,0.00066
775.23759,-0.00006
774.27336,0.00051
773.30914,0.00081
772.34491,-0.00045
771.38068,-0.00309
770.41646,-0.00546
769.45223,-0.00579
768.48801,-0.00369
767.52378,-0.00069
766.55956,0.00098
765.59533,0.00027
764.63110,-0.00179
763.66688,-0.00319
762.70265,-0.00279
761.73843,-0.00107
760.77420,0.00077
759.80997,0.00204
758.84575,0.00249
757.88152,0.00171
756.91730,-0.00069
755.95307,-0.00405
754.98885,-0.00654
754.02462,-0.00665
753.06039,-0.00484
752.09617,-0.00308
751.13194,-0.00287
750.16772,-0.00382
749.20349,-0.00430
748.23926,-0.00320
747.27504,-0.00068
746.31081,0.00227
745.34659,0.00461
744.38236,0.00564
743.41814,0.00521
742.45391,0.00412
741.48968,0.00376
740.52546,0.00492
739.56123,0.00673
738.59701,0.00710
737.63278,0.00460
736.66855,-0.00018
735.70433,-0.00519
734.74010,-0.00839
733.77588,-0.00868
732.81165,-0.00599
731.84742,-0.00131
730.88320,0.00326
729.91897,0.00534
728.95475,0.00409
727.99052,0.00096
727.02630,-0.00150
726.06207,-0.00200
725.09784,-0.00122
724.13362,-0.00047
723.16939,0.00020
722.20517,0.00198
721.24094,0.00562
720.27671,0.01012
719.31249,0.01342
718.34826,0.01417
717.38404,0.01263
716.41981,0.01024
715.45559,0.00830
714.49136,0.00712
713.52713,0.00616
712.56291,0.00488
711.59868,0.00342
710.63446,0.00256
709.67023,0.00293
708.70600,0.00418
707.74178,0.00506
706.77755,0.00441
705.81333,0.00213
704.84910,-0.00074
703.88487,-0.00281
702.92065,-0.00309
701.95642,-0.00126
700.99220,0.00237
700.02797,0.00683
699.06375,0.01061
698.09952,0.01235
697.13529,0.01163
696.17107,0.00921
695.20684,0.00647
694.24262,0.00446
693.27839,0.00347
692.31416,0.00316
691.34994,0.00285
690.38571,0.00181
689.42149,-0.00018
688.45726,-0.00224
687.49304,-0.00280
686.52881,-0.00086
685.56458,0.00281
684.60036,0.00610
683.63613,0.00727
682.67191,0.00619
681.70768,0.00412
680.74345,0.00247
679.77923,0.00177
678.81500,0.00160
677.85078,0.00129
676.88655,0.00046
675.92233,-0.00079
674.95810,-0.00199
673.99387,-0.00262
673.02965,-0.00248
672.06542,-0.00172
671.10120,-0.00047
670.13697,0.00130
669.17274,0.00336
668.20852,0.00450
667.24429,0.00296
666.28007,-0.00150
665.31584,-0.00655
664.35161,-0.00892
663.38739,-0.00687
662.42316,-0.00125
661.45894,0.00501
660.49471,0.00902
659.53049,0.00981
658.56626,0.00828
657.60203,0.00609
656.63781,0.00446
655.67358,0.00355
654.70936,0.00253
653.74513,0.00053
652.78090,-0.00234
651.81668,-0.00477
650.85245,-0.00537
649.88823,-0.00388
648.92400,-0.00124
647.95978,0.00146
646.99555,0.00374
646.03132,0.00545
645.06710,0.00617
644.10287,0.00542
643.13865,0.00344
642.17442,0.00144
641.21019,0.00070
640.24597,0.00169
639.28174,0.00403
638.31752,0.00718
637.35329,0.01056
636.38907,0.01328
635.42484,0.01422
634.46061,0.01288
633.49639,0.01021
632.53216,0.00799
631.56794,0.00742
630.60371,0.00862
629.63948,0.01130
628.67526,0.01494
627.71103,0.01817
626.74681,0.01908
625.78258,0.01676
624.81835,0.01257
623.85413,0.00882
622.88990,0.00638
621.92568,0.00437
620.96145,0.00196
619.99723,-0.00018
619.03300,-0.00090
618.06877,-0.00007
617.10455,0.00152
616.14032,0.00381
615.17610,0.00761
614.21187,0.01251
613.24764,0.01572
612.28342,0.01417
611.31919,0.00785
610.35497,0.00048
609.39074,-0.00402
608.42652,-0.00492
607.46229,-0.00379
606.49806,-0.00156
605.53384,0.00201
604.56961,0.00631
603.60539,0.00904
602.64116,0.00813
601.67693,0.00394
600.71271,-0.00135
599.74848,-0.00643
598.78426,-0.01117
597.82003,-0.01452
596.85580,-0.01388
595.89158,-0.00793
594.92735,0.00008
593.96313,0.00436
592.99890,0.00241
592.03468,-0.00207
591.07045,-0.00314
590.10622,0.00117
589.14200,0.00781
588.17777,0.01313
587.21355,0.01661
586.24932,0.01993
585.28509,0.02361
584.32087,0.02571
583.35664,0.02441
582.39242,0.02117
581.42819,0.02049
580.46397,0.02584
579.49974,0.03563
578.53551,0.04391
577.57129,0.04535
576.60706,0.04010
575.64284,0.03266
574.67861,0.02698
573.71438,0.02259
572.75016,0.01625
571.78593,0.00676
570.82171,-0.00321
569.85748,-0.01011
568.89326,-0.01394
567.92903,-0.01763
566.96480,-0.02224
566.00058,-0.02432
565.03635,-0.01970
564.07213,-0.00915
563.10790,0.00121
562.14367,0.00760
561.17945,0.01265
560.21522,0.02179
559.25100,0.03654
558.28677,0.05156
557.32254,0.05861
556.35832,0.05249
555.39409,0.03368
554.42987,0.00952
553.46564,-0.00813
552.50142,-0.00855
551.53719,0.00845
550.57296,0.02742
549.60874,0.02976
548.64451,0.01166
547.68029,-0.01156
546.71606,-0.02517
545.75183,-0.02651
544.78761,-0.02108
543.82338,-0.01330
542.85916,-0.00055
541.89493,0.01717
540.93071,0.02685
539.96648,0.02416
539.00225,0.01799
538.03803,0.04238
537.07380,0.10971
536.10958,0.18452
535.14535,0.22749
534.18112,0.24095
533.21690,0.24251
532.25267,0.23289
531.28845,0.19180
530.32422,0.10494
529.36000,-0.00663
528.39577,-0.11811
527.43154,-0.21342
526.46732,-0.28618
525.50309,-0.31827
524.53887,-0.28269
523.57464,-0.16903
522.61041,-0.00720
521.64619,0.14253
520.68196,0.25038
519.71774,0.31441
518.75351,0.31295
517.78928,0.24062
516.82506,0.14601
515.86083,0.10921
514.89661,0.15220
513.93238,0.21258
512.96816,0.22384
512.00393,0.16984
511.03970,0.09891
510.07548,0.05551
509.11125,0.05185
508.14703,0.07757
507.18280,0.11662
506.21857,0.16179
505.25435,0.21143
504.29012,0.23997
503.32590,0.19864
502.36167,0.08087
501.39745,-0.04574
500.43322,-0.12002
499.46899,-0.13370
498.50477,-0.10846
497.54054,-0.06241
496.57632,-0.00515
495.61209,0.06641
494.64786,0.12360
493.68364,0.12277
492.71941,0.08408
491.75519,0.09965
490.79096,0.16852
489.82673,0.22690
488.86251,0.26444
487.89828,0.26947
486.93406,0.25214
485.96983,0.22798
485.00561,0.19008
484.04138,0.11657
483.07715,0.02410
482.11293,-0.04459
481.14870,-0.05949
480.18448,-0.02152
479.22025,0.03367
478.25602,0.08354
477.29180,0.13407
476.32757,0.18956
475.36335,0.22883
474.39912,0.19468
473.43490,0.05460
472.47067,-0.12019
471.50644,-0.24871
470.54222,-0.30753
469.57799,-0.30601
468.61377,-0.24052
467.64954,-0.11865
466.68531,0.03881
465.72109,0.18858
464.75686,0.29428
463.79264,0.33578
462.82841,0.32018
461.86419,0.26544
460.89996,0.18114
459.93573,0.07902
458.97151,-0.01207
458.00728,-0.05476
457.04306,-0.03133
456.07883,0.02416
455.11460,0.08415
454.15038,0.13707
453.18615,0.15003
452.22193,0.07297
451.25770,-0.02664
450.29347,-0.05828
449.32925,-0.02890
448.36502,0.02560
447.40080,0.06284
446.43657,0.03578
445.47235,-0.04227
444.50812,-0.05201
443.54389,0.06352
442.57967,0.17637
441.61544,0.20834
440.65122,0.15709
439.68699,0.05990
438.72276,-0.02352
437.75854,-0.03110
436.79431,0.01352
435.83009,0.06167
434.86586,0.10074
433.90164,0.13145
432.93741,0.14348
431.97318,0.12201
431.00896,0.05434
430.04473,-0.06684
429.08051,-0.26259
428.11628,-0.52931
427.15205,-0.70222
426.18783,-0.57392
425.22360,-0.36639
424.25938,-0.20623
423.29515,-0.09849
422.33092,-0.02090
421.36670,0.02776
420.40247,0.07152
419.43825,0.12284
418.47402,0.16867
417.50980,0.16443
416.54557,0.09055
415.58134,0.02890
414.61712,0.03056
413.65289,0.04409
412.68867,-0.00216
411.72444,-0.14552
410.76021,-0.35834
409.79599,-0.51976
408.83176,-0.52603
407.86754,-0.43797
406.90331,-0.32606
405.93909,-0.23160
404.97486,-0.18609
404.01063,-0.20354
403.04641,-0.24547
402.08218,-0.29139
401.11796,-0.32432
400.15373,-0.31170
399.18950,-0.19792
398.22528,-0.02005
397.26105,0.15097
396.29683,0.32219
395.33260,0.44210
394.36838,0.37423
393.40415,0.17747
392.43992,0.01215
391.47570,-0.07139
390.51147,-0.08826
389.54725,-0.06166
388.58302,-0.00167
387.61879,0.04531
386.65457,0.05127
385.69034,0.02460
384.72612,0.02943
383.76189,0.11627
382.79766,0.26193
381.83344,0.41874
380.86921,0.46934
379.90499,0.37460
378.94076,0.24098
377.97654,0.19768
377.01231,0.28387
376.04808,0.46235
375.08386,0.59701
374.11963,0.48257
373.15541,0.22495
372.19118,0.03357
371.22695,0.03417
370.26273,0.19003
369.29850,0.31470
368.33428,0.29240
367.37005,0.16572
366.40583,-0.00113
365.44160,-0.17139
364.47737,-0.31783
363.51315,-0.34233
362.54892,-0.28557
361.58470,-0.40996
360.62047,-0.47208
359.65624,-0.41143
358.69202,-0.28573
357.72779,-0.11358
356.76357,0.06206
355.79934,0.17584
354.83512,0.18289
353.87089,0.10754
352.90666,0.04915
351.94244,0.06656
350.97821,0.12764
350.01399,0.19736
349.04976,0.27098
