3946.57643,0.00055
3945.61220,0.00026
3944.64798,0.00016
3943.68375,0.00030
3942.71953,0.00062
3941.75530,0.00101
3940.79107,0.00145
3939.82685,0.00196
3938.86262,0.00246
3937.89840,0.00274
3936.93417,0.00260
3935.96994,0.00206
3935.00572,0.00146
3934.04149,0.00119
3933.07727,0.00141
3932.11304,0.00192
3931.14882,0.00246
3930.18459,0.00288
3929.22036,0.00318
3928.25614,0.00338
3927.29191,0.00334
3926.32769,0.00290
3925.36346,0.00203
3924.39923,0.00090
3923.43501,-0.00014
3922.47078,-0.00069
3921.50656,-0.00046
3920.54233,0.00047
3919.57811,0.00162
3918.61388,0.00234
3917.64965,0.00220
3916.68543,0.00136
3915.72120,0.00030
3914.75698,-0.00053
3913.79275,-0.00098
3912.82852,-0.00109
3911.86430,-0.00082
3910.90007,-0.00012
3909.93585,0.00095
3908.97162,0.00213
3908.00739,0.00311
3907.04317,0.00380
3906.07894,0.00423
3905.11472,0.00442
3904.15049,0.00423
3903.18627,0.00354
3902.22204,0.00241
3901.25781,0.00118
3900.29359,0.00025
3899.32936,-0.00015
3898.36514,-0.00006
3897.40091,0.00021
3896.43668,0.00037
3895.47246,0.00029
3894.50823,0.00012
3893.54401,0.00010
3892.57978,0.00031
3891.61556,0.00059
3890.65133,0.00064
3889.68710,0.00036
3888.72288,-0.00008
3887.75865,-0.00041
3886.79443,-0.00044
3885.83020,-0.00021
3884.86597,0.00014
3883.90175,0.00047
3882.93752,0.00071
3881.97330,0.00086
3881.00907,0.00092
3880.04485,0.00090
3879.08062,0.00078
3878.11639,0.00055
3877.15217,0.00030
3876.18794,0.00022
3875.22372,0.00045
3874.25949,0.00091
3873.29526,0.00135
3872.33104,0.00148
3871.36681,0.00131
3870.40259,0.00103
3869.43836,0.00083
3868.47413,0.00071
3867.50991,0.00054
3866.54568,0.00028
3865.58146,0.00007
3864.61723,0.00011
3863.65301,0.00038
3862.68878,0.00064
3861.72455,0.00061
3860.76033,0.00012
3859.79610,-0.00066
3858.83188,-0.00143
3857.86765,-0.00189
3856.90342,-0.00199
3855.93920,-0.00193
3854.97497,-0.00192
3854.01075,-0.00199
3853.04652,-0.00190
3852.08230,-0.00146
3851.11807,-0.00075
3850.15384,-0.00021
3849.18962,-0.00024
3848.22539,-0.00083
3847.26117,-0.00151
3846.29694,-0.00171
3845.33271,-0.00123
3844.36849,-0.00041
3843.40426,0.00018
3842.44004,0.00024
3841.47581,-0.00007
3840.51159,-0.00037
3839.54736,-0.00045
3838.58313,-0.00038
3837.61891,-0.00039
3836.65468,-0.00056
3835.69046,-0.00079
3834.72623,-0.00099
3833.76200,-0.00116
3832.79778,-0.00133
3831.83355,-0.00148
3830.86933,-0.00153
3829.90510,-0.00140
3828.94087,-0.00112
3827.97665,-0.00078
3827.01242,-0.00053
3826.04820,-0.00049
3825.08397,-0.00067
3824.11975,-0.00093
3823.15552,-0.00101
3822.19129,-0.00075
3821.22707,-0.00032
3820.26284,-0.00013
3819.29862,-0.00045
3818.33439,-0.00112
3817.37016,-0.00160
3816.40594,-0.00149
3815.44171,-0.00079
3814.47749,0.00008
3813.51326,0.00076
3812.54904,0.00105
3811.58481,0.00094
3810.62058,0.00041
3809.65636,-0.00041
3808.69213,-0.00117
3807.72791,-0.00136
3806.76368,-0.00078
3805.79945,0.00027
3804.83523,0.00121
3803.87100,0.00163
3802.90678,0.00152
3801.94255,0.00112
3800.97832,0.00067
3800.01410,0.00027
3799.04987,-0.00002
3798.08565,-0.00017
3797.12142,-0.00021
3796.15720,-0.00017
3795.19297,-0.00013
3794.22874,-0.00009
3793.26452,-0.00003
3792.30029,0.00010
3791.33607,0.00035
3790.37184,0.00072
3789.40761,0.00117
3788.44339,0.00157
3787.47916,0.00172
3786.51494,0.00153
3785.55071,0.00112
3784.58649,0.00073
3783.62226,0.00049
3782.65803,0.00036
3781.69381,0.00031
3780.72958,0.00035
3779.76536,0.00051
3778.80113,0.00067
3777.83690,0.00061
3776.87268,0.00024
3775.90845,-0.00023
3774.94423,-0.00045
3773.98000,-0.00031
3773.01578,-0.00005
3772.05155,-0.00006
3771.08732,-0.00046
3770.12310,-0.00102
3769.15887,-0.00139
3768.19465,-0.00140
3767.23042,-0.00112
3766.26619,-0.00073
3765.30197,-0.00032
3764.33774,0.00010
3763.37352,0.00052
3762.40929,0.00086
3761.44506,0.00102
3760.48084,0.00090
3759.51661,0.00044
3758.55239,-0.00022
3757.58816,-0.00081
3756.62394,-0.00101
3755.65971,-0.00067
3754.69548,0.00003
3753.73126,0.00072
3752.76703,0.00111
3751.80281,0.00117
3750.83858,0.00107
3749.87435,0.00102
3748.91013,0.00107
3747.94590,0.00112
3746.98168,0.00103
3746.01745,0.00076
3745.05323,0.00038
3744.08900,0.00012
3743.12477,0.00019
3742.16055,0.00062
3741.19632,0.00119
3740.23210,0.00163
3739.26787,0.00178
3738.30364,0.00169
3737.33942,0.00149
3736.37519,0.00125
3735.41097,0.00094
3734.44674,0.00060
3733.48251,0.00032
3732.51829,0.00018
3731.55406,0.00010
3730.58984,-0.00004
3729.62561,-0.00024
3728.66139,-0.00031
3727.69716,-0.00015
3726.73293,0.00011
3725.76871,0.00021
3724.80448,0.00005
3723.84026,-0.00013
3722.87603,-0.00007
3721.91180,0.00029
3720.94758,0.00068
3719.98335,0.00081
3719.01913,0.00065
3718.05490,0.00042
3717.09068,0.00032
3716.12645,0.00045
3715.16222,0.00072
3714.19800,0.00099
3713.23377,0.00116
3712.26955,0.00119
3711.30532,0.00109
3710.34109,0.00095
3709.37687,0.00080
3708.41264,0.00062
3707.44842,0.00030
3706.48419,-0.00010
3705.51997,-0.00041
3704.55574,-0.00041
3703.59151,-0.00006
3702.62729,0.00041
3701.66306,0.00069
3700.69884,0.00065
3699.73461,0.00038
3698.77038,0.00007
3697.80616,-0.00016
3696.84193,-0.00030
3695.87771,-0.00039
3694.91348,-0.00044
3693.94925,-0.00047
3692.98503,-0.00052
3692.02080,-0.00062
3691.05658,-0.00072
3690.09235,-0.00066
3689.12813,-0.00026
3688.16390,0.00045
3687.19967,0.00121
3686.23545,0.00164
3685.27122,0.00158
3684.30700,0.00119
3683.34277,0.00081
3682.37854,0.00071
3681.41432,0.00093
3680.45009,0.00137
3679.48587,0.00186
3678.52164,0.00224
3677.55742,0.00231
3676.59319,0.00197
3675.62896,0.00137
3674.66474,0.00088
3673.70051,0.00081
3672.73629,0.00109
3671.77206,0.00137
3670.80783,0.00136
3669.84361,0.00120
3668.87938,0.00122
3667.91516,0.00157
3666.95093,0.00201
3665.98671,0.00220
3665.02248,0.00213
3664.05825,0.00209
3663.09403,0.00237
3662.12980,0.00288
3661.16558,0.00328
3660.20135,0.00334
3659.23712,0.00318
3658.27290,0.00311
3657.30867,0.00327
3656.34445,0.00353
3655.38022,0.00365
3654.41599,0.00356
3653.45177,0.00341
3652.48754,0.00344
3651.52332,0.00373
3650.55909,0.00417
3649.59487,0.00451
3648.63064,0.00448
3647.66641,0.00404
3646.70219,0.00338
3645.73796,0.00281
3644.77374,0.00261
3643.80951,0.00287
3642.84528,0.00345
3641.88106,0.00405
3640.91683,0.00441
3639.95261,0.00438
3638.98838,0.00403
3638.02416,0.00361
3637.05993,0.00339
3636.09570,0.00350
3635.13148,0.00378
3634.16725,0.00397
3633.20303,0.00385
3632.23880,0.00351
3631.27457,0.00324
3630.31035,0.00335
3629.34612,0.00390
3628.38190,0.00468
3627.41767,0.00527
3626.45344,0.00542
3625.48922,0.00515
3624.52499,0.00475
3623.56077,0.00456
3622.59654,0.00475
3621.63232,0.00521
3620.66809,0.00559
3619.70386,0.00560
3618.73964,0.00522
3617.77541,0.00473
3616.81119,0.00449
3615.84696,0.00464
3614.88273,0.00495
3613.91851,0.00508
3612.95428,0.00489
3611.99006,0.00456
3611.02583,0.00443
3610.06161,0.00461
3609.09738,0.00488
3608.13315,0.00484
3607.16893,0.00430
3606.20470,0.00350
3605.24048,0.00287
3604.27625,0.00278
3603.31202,0.00327
3602.34780,0.00406
3601.38357,0.00482
3600.41935,0.00530
3599.45512,0.00540
3598.49090,0.00513
3597.52667,0.00458
3596.56244,0.00392
3595.59822,0.00345
3594.63399,0.00350
3593.66977,0.00418
3592.70554,0.00523
3591.74131,0.00613
3590.77709,0.00648
3589.81286,0.00629
3588.84864,0.00593
3587.88441,0.00579
3586.92018,0.00594
3585.95596,0.00615
3584.99173,0.00618
3584.02751,0.00599
3583.06328,0.00575
3582.09906,0.00563
3581.13483,0.00566
3580.17060,0.00573
3579.20638,0.00573
3578.24215,0.00561
3577.27793,0.00541
3576.31370,0.00521
3575.34947,0.00511
3574.38525,0.00515
3573.42102,0.00523
3572.45680,0.00524
3571.49257,0.00514
3570.52835,0.00497
3569.56412,0.00480
3568.59989,0.00463
3567.63567,0.00440
3566.67144,0.00411
3565.70722,0.00385
3564.74299,0.00375
3563.77876,0.00386
3562.81454,0.00419
3561.85031,0.00472
3560.88609,0.00540
3559.92186,0.00607
3558.95764,0.00652
3557.99341,0.00662
3557.02918,0.00642
3556.06496,0.00609
3555.10073,0.00570
3554.13651,0.00524
3553.17228,0.00476
3552.20805,0.00449
3551.24383,0.00467
3550.27960,0.00529
3549.31538,0.00597
3548.35115,0.00625
3547.38692,0.00602
3546.42270,0.00561
3545.45847,0.00540
3544.49425,0.00556
3543.53002,0.00595
3542.56580,0.00639
3541.60157,0.00682
3540.63734,0.00721
3539.67312,0.00747
3538.70889,0.00749
3537.74467,0.00729
3536.78044,0.00710
3535.81621,0.00713
3534.85199,0.00737
3533.88776,0.00752
3532.92354,0.00731
3531.95931,0.00671
3530.99509,0.00598
3530.03086,0.00547
3529.06663,0.00534
3528.10241,0.00551
3527.13818,0.00576
3526.17396,0.00592
3525.20973,0.00599
3524.24550,0.00607
3523.28128,0.00618
3522.31705,0.00631
3521.35283,0.00643
3520.38860,0.00658
3519.42437,0.00682
3518.46015,0.00707
3517.49592,0.00718
3516.53170,0.00708
3515.56747,0.00693
3514.60325,0.00696
3513.63902,0.00724
3512.67479,0.00760
3511.71057,0.00783
3510.74634,0.00792
3509.78212,0.00800
3508.81789,0.00809
3507.85366,0.00803
3506.88944,0.00766
3505.92521,0.00706
3504.96099,0.00653
3503.99676,0.00627
3503.03254,0.00623
3502.06831,0.00621
3501.10408,0.00616
3500.13986,0.00623
3499.17563,0.00652
3498.21141,0.00696
3497.24718,0.00729
3496.28295,0.00730
3495.31873,0.00693
3494.35450,0.00628
3493.39028,0.00558
3492.42605,0.00509
3491.46183,0.00496
3490.49760,0.00519
3489.53337,0.00559
3488.56915,0.00595
3487.60492,0.00620
3486.64070,0.00636
3485.67647,0.00645
3484.71224,0.00649
3483.74802,0.00651
3482.78379,0.00665
3481.81957,0.00701
3480.85534,0.00749
3479.89111,0.00785
3478.92689,0.00790
3477.96266,0.00774
3476.99844,0.00761
3476.03421,0.00772
3475.06999,0.00804
3474.10576,0.00835
3473.14153,0.00849
3472.17731,0.00854
3471.21308,0.00882
3470.24886,0.00958
3469.28463,0.01070
3468.32040,0.01155
3467.35618,0.01146
3466.39195,0.01028
3465.42773,0.00863
3464.46350,0.00743
3463.49928,0.00720
3462.53505,0.00776
3461.57082,0.00849
3460.60660,0.00897
3459.64237,0.00916
3458.67815,0.00919
3457.71392,0.00914
3456.74969,0.00902
3455.78547,0.00887
3454.82124,0.00874
3453.85702,0.00850
3452.89279,0.00796
3451.92856,0.00711
3450.96434,0.00623
3450.00011,0.00570
3449.03589,0.00569
3448.07166,0.00599
3447.10744,0.00627
3446.14321,0.00632
3445.17898,0.00616
3444.21476,0.00600
3443.25053,0.00616
3442.28631,0.00683
3441.32208,0.00784
3440.35785,0.00867
3439.39363,0.00883
3438.42940,0.00829
3437.46518,0.00759
3436.50095,0.00733
3435.53673,0.00763
3434.57250,0.00816
3433.60827,0.00863
3432.64405,0.00899
3431.67982,0.00935
3430.71560,0.00961
3429.75137,0.00952
3428.78714,0.00899
3427.82292,0.00826
3426.85869,0.00768
3425.89447,0.00737
3424.93024,0.00719
3423.96602,0.00701
3423.00179,0.00686
3422.03756,0.00689
3421.07334,0.00717
3420.10911,0.00765
3419.14489,0.00815
3418.18066,0.00843
3417.21643,0.00831
3416.25221,0.00787
3415.28798,0.00747
3414.32376,0.00751
3413.35953,0.00799
3412.39530,0.00847
3411.43108,0.00852
3410.46685,0.00823
3409.50263,0.00812
3408.53840,0.00850
3407.57418,0.00913
3406.60995,0.00948
3405.64572,0.00935
3404.68150,0.00902
3403.71727,0.00881
3402.75305,0.00870
3401.78882,0.00838
3400.82459,0.00778
3399.86037,0.00728
3398.89614,0.00731
3397.93192,0.00795
3396.96769,0.00883
3396.00347,0.00952
3395.03924,0.00985
3394.07501,0.00991
3393.11079,0.00974
3392.14656,0.00936
3391.18234,0.00884
3390.21811,0.00838
3389.25388,0.00819
3388.28966,0.00832
3387.32543,0.00862
3386.36121,0.00887
3385.39698,0.00900
3384.43276,0.00896
3383.46853,0.00873
3382.50430,0.00825
3381.54008,0.00761
3380.57585,0.00709
3379.61163,0.00700
3378.64740,0.00742
3377.68317,0.00806
3376.71895,0.00849
3375.75472,0.00841
3374.79050,0.00793
3373.82627,0.00732
3372.86204,0.00684
3371.89782,0.00654
3370.93359,0.00637
3369.96937,0.00631
3369.00514,0.00636
3368.04092,0.00651
3367.07669,0.00667
3366.11246,0.00678
3365.14824,0.00684
3364.18401,0.00692
3363.21979,0.00713
3362.25556,0.00747
3361.29133,0.00788
3360.32711,0.00822
3359.36288,0.00829
3358.39866,0.00799
3357.43443,0.00737
3356.47021,0.00663
3355.50598,0.00605
3354.54175,0.00583
3353.57753,0.00609
3352.61330,0.00685
3351.64908,0.00796
3350.68485,0.00904
3349.72062,0.00967
3348.75640,0.00959
3347.79217,0.00900
3346.82795,0.00838
3345.86372,0.00813
3344.89949,0.00829
3343.93527,0.00857
3342.97104,0.00871
3342.00682,0.00869
3341.04259,0.00867
3340.07837,0.00877
3339.11414,0.00887
3338.14991,0.00874
3337.18569,0.00825
3336.22146,0.00756
3335.25724,0.00704
3334.29301,0.00698
3333.32878,0.00732
3332.36456,0.00772
3331.40033,0.00783
3330.43611,0.00761
3329.47188,0.00730
3328.50766,0.00717
3327.54343,0.00725
3326.57920,0.00733
3325.61498,0.00729
3324.65075,0.00715
3323.68653,0.00709
3322.72230,0.00726
3321.75807,0.00762
3320.79385,0.00804
3319.82962,0.00831
3318.86540,0.00833
3317.90117,0.00812
3316.93695,0.00785
3315.97272,0.00776
3315.00849,0.00793
3314.04427,0.00817
3313.08004,0.00820
3312.11582,0.00795
3311.15159,0.00765
3310.18736,0.00761
3309.22314,0.00791
3308.25891,0.00832
3307.29469,0.00852
3306.33046,0.00846
3305.36623,0.00834
3304.40201,0.00838
3303.43778,0.00863
3302.47356,0.00894
3301.50933,0.00909
3300.54511,0.00892
3299.58088,0.00836
3298.61665,0.00749
3297.65243,0.00659
3296.68820,0.00604
3295.72398,0.00610
3294.75975,0.00673
3293.79552,0.00753
3292.83130,0.00805
3291.86707,0.00809
3290.90285,0.00781
3289.93862,0.00752
3288.97440,0.00742
3288.01017,0.00746
3287.04594,0.00746
3286.08172,0.00737
3285.11749,0.00723
3284.15327,0.00707
3283.18904,0.00683
3282.22481,0.00644
3281.26059,0.00597
3280.29636,0.00570
3279.33214,0.00585
3278.36791,0.00640
3277.40369,0.00706
3276.43946,0.00753
3275.47523,0.00774
3274.51101,0.00785
3273.54678,0.00799
3272.58256,0.00815
3271.61833,0.00821
3270.65410,0.00812
3269.68988,0.00792
3268.72565,0.00770
3267.76143,0.00752
3266.79720,0.00735
3265.83297,0.00723
3264.86875,0.00722
3263.90452,0.00731
3262.94030,0.00740
3261.97607,0.00742
3261.01185,0.00737
3260.04762,0.00733
3259.08339,0.00728
3258.11917,0.00707
3257.15494,0.00661
3256.19072,0.00608
3255.22649,0.00583
3254.26226,0.00618
3253.29804,0.00710
3252.33381,0.00816
3251.36959,0.00885
3250.40536,0.00889
3249.44114,0.00834
3248.47691,0.00750
3247.51268,0.00671
3246.54846,0.00615
3245.58423,0.00578
3244.62001,0.00549
3243.65578,0.00521
3242.69155,0.00511
3241.72733,0.00536
3240.76310,0.00595
3239.79888,0.00657
3238.83465,0.00687
3237.87042,0.00682
3236.90620,0.00671
3235.94197,0.00682
3234.97775,0.00710
3234.01352,0.00717
3233.04930,0.00678
3232.08507,0.00608
3231.12084,0.00552
3230.15662,0.00545
3229.19239,0.00584
3228.22817,0.00633
3227.26394,0.00657
3226.29971,0.00642
3225.33549,0.00603
3224.37126,0.00567
3223.40704,0.00559
3222.44281,0.00583
3221.47859,0.00618
3220.51436,0.00639
3219.55013,0.00634
3218.58591,0.00616
3217.62168,0.00609
3216.65746,0.00623
3215.69323,0.00643
3214.72900,0.00644
3213.76478,0.00617
3212.80055,0.00574
3211.83633,0.00538
3210.87210,0.00526
3209.90788,0.00540
3208.94365,0.00568
3207.97942,0.00595
3207.01520,0.00606
3206.05097,0.00598
3205.08675,0.00581
3204.12252,0.00568
3203.15829,0.00564
3202.19407,0.00564
3201.22984,0.00560
3200.26562,0.00551
3199.30139,0.00545
3198.33716,0.00551
3197.37294,0.00572
3196.40871,0.00602
3195.44449,0.00633
3194.48026,0.00657
3193.51604,0.00674
3192.55181,0.00685
3191.58758,0.00686
3190.62336,0.00672
3189.65913,0.00646
3188.69491,0.00621
3187.73068,0.00613
3186.76645,0.00621
3185.80223,0.00618
3184.83800,0.00573
3183.87378,0.00490
3182.90955,0.00409
3181.94533,0.00377
3180.98110,0.00405
3180.01687,0.00461
3179.05265,0.00501
3178.08842,0.00512
3177.12420,0.00510
3176.15997,0.00517
3175.19574,0.00537
3174.23152,0.00559
3173.26729,0.00576
3172.30307,0.00592
3171.33884,0.00615
3170.37461,0.00640
3169.41039,0.00650
3168.44616,0.00627
3167.48194,0.00571
3166.51771,0.00499
3165.55349,0.00445
3164.58926,0.00428
3163.62503,0.00442
3162.66081,0.00463
3161.69658,0.00473
3160.73236,0.00480
3159.76813,0.00505
3158.80390,0.00552
3157.83968,0.00593
3156.87545,0.00594
3155.91123,0.00552
3154.94700,0.00497
3153.98278,0.00465
3153.01855,0.00469
3152.05432,0.00492
3151.09010,0.00510
3150.12587,0.00506
3149.16165,0.00479
3148.19742,0.00438
3147.23319,0.00399
3146.26897,0.00375
3145.30474,0.00366
3144.34052,0.00360
3143.37629,0.00348
3142.41207,0.00338
3141.44784,0.00350
3140.48361,0.00390
3139.51939,0.00444
3138.55516,0.00486
3137.59094,0.00498
3136.62671,0.00479
3135.66248,0.00440
3134.69826,0.00406
3133.73403,0.00399
3132.76981,0.00432
3131.80558,0.00489
3130.84135,0.00529
3129.87713,0.00522
3128.91290,0.00476
3127.94868,0.00425
3126.98445,0.00395
3126.02023,0.00385
3125.05600,0.00376
3124.09177,0.00364
3123.12755,0.00361
3122.16332,0.00374
3121.19910,0.00388
3120.23487,0.00390
3119.27064,0.00385
3118.30642,0.00390
3117.34219,0.00404
3116.37797,0.00411
3115.41374,0.00397
3114.44952,0.00374
3113.48529,0.00364
3112.52106,0.00371
3111.55684,0.00378
3110.59261,0.00374
3109.62839,0.00369
3108.66416,0.00376
3107.69993,0.00388
3106.73571,0.00381
3105.77148,0.00345
3104.80726,0.00303
3103.84303,0.00286
3102.87881,0.00302
3101.91458,0.00333
3100.95035,0.00355
3099.98613,0.00361
3099.02190,0.00360
3098.05768,0.00352
3097.09345,0.00333
3096.12922,0.00302
3095.16500,0.00276
3094.20077,0.00276
3093.23655,0.00309
3092.27232,0.00365
3091.30809,0.00417
3090.34387,0.00442
3089.37964,0.00428
3088.41542,0.00390
3087.45119,0.00355
3086.48697,0.00343
3085.52274,0.00353
3084.55851,0.00365
3083.59429,0.00358
3082.63006,0.00334
3081.66584,0.00304
3080.70161,0.00280
3079.73738,0.00258
3078.77316,0.00231
3077.80893,0.00203
3076.84471,0.00186
3075.88048,0.00188
3074.91626,0.00200
3073.95203,0.00211
3072.98780,0.00217
3072.02358,0.00230
3071.05935,0.00261
3070.09513,0.00310
3069.13090,0.00359
3068.16667,0.00382
3067.20245,0.00365
3066.23822,0.00318
3065.27400,0.00272
3064.30977,0.00257
3063.34554,0.00278
3062.38132,0.00312
3061.41709,0.00328
3060.45287,0.00317
3059.48864,0.00294
3058.52442,0.00281
3057.56019,0.00284
3056.59596,0.00293
3055.63174,0.00295
3054.66751,0.00282
3053.70329,0.00256
3052.73906,0.00219
3051.77483,0.00184
3050.81061,0.00169
3049.84638,0.00190
3048.88216,0.00241
3047.91793,0.00294
3046.95371,0.00321
3045.98948,0.00316
3045.02525,0.00302
3044.06103,0.00309
3043.09680,0.00347
3042.13258,0.00398
3041.16835,0.00430
3040.20412,0.00421
3039.23990,0.00370
3038.27567,0.00300
3037.31145,0.00243
3036.34722,0.00224
3035.38300,0.00246
3034.41877,0.00290
3033.45454,0.00326
3032.49032,0.00337
3031.52609,0.00326
3030.56187,0.00305
3029.59764,0.00283
3028.63341,0.00262
3027.66919,0.00244
3026.70496,0.00239
3025.74074,0.00257
3024.77651,0.00294
3023.81228,0.00328
3022.84806,0.00339
3021.88383,0.00321
3020.91961,0.00286
3019.95538,0.00251
3018.99116,0.00220
3018.02693,0.00194
3017.06270,0.00176
3016.09848,0.00175
3015.13425,0.00193
3014.17003,0.00215
3013.20580,0.00223
3012.24157,0.00212
3011.27735,0.00199
3010.31312,0.00204
3009.34890,0.00225
3008.38467,0.00242
3007.42045,0.00236
3006.45622,0.00213
3005.49199,0.00196
3004.52777,0.00200
3003.56354,0.00220
3002.59932,0.00238
3001.63509,0.00239
3000.67086,0.00225
2999.70664,0.00206
2998.74241,0.00191
2997.77819,0.00182
2996.81396,0.00180
2995.84974,0.00185
2994.88551,0.00194
2993.92128,0.00201
2992.95706,0.00200
2991.99283,0.00197
2991.02861,0.00201
2990.06438,0.00220
2989.10015,0.00251
2988.13593,0.00276
2987.17170,0.00280
2986.20748,0.00258
2985.24325,0.00215
2984.27902,0.00164
2983.31480,0.00120
2982.35057,0.00091
2981.38635,0.00083
2980.42212,0.00097
2979.45790,0.00131
2978.49367,0.00170
2977.52944,0.00196
2976.56522,0.00198
2975.60099,0.00182
2974.63677,0.00170
2973.67254,0.00179
2972.70831,0.00208
2971.74409,0.00234
2970.77986,0.00236
2969.81564,0.00214
2968.85141,0.00187
2967.88719,0.00174
2966.92296,0.00179
2965.95873,0.00188
2964.99451,0.00191
2964.03028,0.00190
2963.06606,0.00190
2962.10183,0.00193
2961.13760,0.00191
2960.17338,0.00181
2959.20915,0.00171
2958.24493,0.00175
2957.28070,0.00200
2956.31647,0.00229
2955.35225,0.00238
2954.38802,0.00215
2953.42380,0.00173
2952.45957,0.00138
2951.49535,0.00129
2950.53112,0.00145
2949.56689,0.00169
2948.60267,0.00184
2947.63844,0.00184
2946.67422,0.00170
2945.70999,0.00152
2944.74576,0.00143
2943.78154,0.00161
2942.81731,0.00209
2941.85309,0.00275
2940.88886,0.00328
2939.92464,0.00347
2938.96041,0.00335
2937.99618,0.00316
2937.03196,0.00308
2936.06773,0.00314
2935.10351,0.00317
2934.13928,0.00307
2933.17505,0.00291
2932.21083,0.00283
2931.24660,0.00291
2930.28238,0.00307
2929.31815,0.00317
2928.35393,0.00311
2927.38970,0.00288
2926.42547,0.00259
2925.46125,0.00237
2924.49702,0.00235
2923.53280,0.00256
2922.56857,0.00286
2921.60434,0.00308
2920.64012,0.00310
2919.67589,0.00301
2918.71167,0.00294
2917.74744,0.00296
2916.78321,0.00298
2915.81899,0.00287
2914.85476,0.00263
2913.89054,0.00236
2912.92631,0.00218
2911.96209,0.00207
2910.99786,0.00200
2910.03363,0.00198
2909.06941,0.00207
2908.10518,0.00234
2907.14096,0.00268
2906.17673,0.00290
2905.21250,0.00289
2904.24828,0.00271
2903.28405,0.00254
2902.31983,0.00247
2901.35560,0.00247
2900.39138,0.00239
2899.42715,0.00216
2898.46292,0.00183
2897.49870,0.00160
2896.53447,0.00166
2895.57025,0.00210
2894.60602,0.00281
2893.64179,0.00352
2892.67757,0.00391
2891.71334,0.00386
2890.74912,0.00341
2889.78489,0.00280
2888.82066,0.00223
2887.85644,0.00186
2886.89221,0.00175
2885.92799,0.00189
2884.96376,0.00220
2883.99954,0.00255
2883.03531,0.00280
2882.07108,0.00287
2881.10686,0.00277
2880.14263,0.00251
2879.17841,0.00219
2878.21418,0.00191
2877.24995,0.00184
2876.28573,0.00209
2875.32150,0.00255
2874.35728,0.00293
2873.39305,0.00295
2872.42883,0.00255
2871.46460,0.00196
2870.50037,0.00145
2869.53615,0.00116
2868.57192,0.00111
2867.60770,0.00120
2866.64347,0.00144
2865.67924,0.00183
2864.71502,0.00234
2863.75079,0.00281
2862.78657,0.00304
2861.82234,0.00292
2860.85812,0.00251
2859.89389,0.00204
2858.92966,0.00174
2857.96544,0.00172
2857.00121,0.00184
2856.03699,0.00185
2855.07276,0.00159
2854.10853,0.00116
2853.14431,0.00079
2852.18008,0.00067
2851.21586,0.00079
2850.25163,0.00100
2849.28740,0.00120
2848.32318,0.00140
2847.35895,0.00162
2846.39473,0.00180
2845.43050,0.00181
2844.46628,0.00156
2843.50205,0.00111
2842.53782,0.00067
2841.57360,0.00043
2840.60937,0.00043
2839.64515,0.00058
2838.68092,0.00074
2837.71669,0.00081
2836.75247,0.00081
2835.78824,0.00084
2834.82402,0.00096
2833.85979,0.00114
2832.89557,0.00133
2831.93134,0.00147
2830.96711,0.00155
2830.00289,0.00154
2829.03866,0.00146
2828.07444,0.00137
2827.11021,0.00139
2826.14598,0.00160
2825.18176,0.00191
2824.21753,0.00205
2823.25331,0.00186
2822.28908,0.00141
2821.32486,0.00098
2820.36063,0.00083
2819.39640,0.00098
2818.43218,0.00127
2817.46795,0.00156
2816.50373,0.00181
2815.53950,0.00197
2814.57527,0.00197
2813.61105,0.00175
2812.64682,0.00136
2811.68260,0.00096
2810.71837,0.00070
2809.75414,0.00063
2808.78992,0.00073
2807.82569,0.00094
2806.86147,0.00118
2805.89724,0.00130
2804.93302,0.00116
2803.96879,0.00079
2803.00456,0.00036
2802.04034,0.00010
2801.07611,0.00014
2800.11189,0.00044
2799.14766,0.00091
2798.18343,0.00144
2797.21921,0.00189
2796.25498,0.00209
2795.29076,0.00197
2794.32653,0.00168
2793.36231,0.00150
2792.39808,0.00158
2791.43385,0.00178
2790.46963,0.00182
2789.50540,0.00162
2788.54118,0.00136
2787.57695,0.00131
2786.61272,0.00151
2785.64850,0.00173
2784.68427,0.00176
2783.72005,0.00162
2782.75582,0.00151
2781.79159,0.00158
2780.82737,0.00176
2779.86314,0.00183
2778.89892,0.00164
2777.93469,0.00125
2776.97047,0.00084
2776.00624,0.00053
2775.04201,0.00035
2774.07779,0.00025
2773.11356,0.00021
2772.14934,0.00029
2771.18511,0.00052
2770.22088,0.00085
2769.25666,0.00111
2768.29243,0.00118
2767.32821,0.00107
2766.36398,0.00099
2765.39976,0.00106
2764.43553,0.00126
2763.47130,0.00139
2762.50708,0.00133
2761.54285,0.00116
2760.57863,0.00112
2759.61440,0.00130
2758.65017,0.00155
2757.68595,0.00160
2756.72172,0.00134
2755.75750,0.00089
2754.79327,0.00052
2753.82905,0.00038
2752.86482,0.00050
2751.90059,0.00077
2750.93637,0.00112
2749.97214,0.00146
2749.00792,0.00168
2748.04369,0.00173
2747.07946,0.00160
2746.11524,0.00138
2745.15101,0.00117
2744.18679,0.00099
2743.22256,0.00082
2742.25833,0.00065
2741.29411,0.00057
2740.32988,0.00065
2739.36566,0.00085
2738.40143,0.00104
2737.43721,0.00111
2736.47298,0.00107
2735.50875,0.00104
2734.54453,0.00108
2733.58030,0.00117
2732.61608,0.00123
2731.65185,0.00120
2730.68762,0.00110
2729.72340,0.00097
2728.75917,0.00083
2727.79495,0.00072
2726.83072,0.00070
2725.86650,0.00084
2724.90227,0.00110
2723.93804,0.00132
2722.97382,0.00131
2722.00959,0.00104
2721.04537,0.00069
2720.08114,0.00049
2719.11691,0.00052
2718.15269,0.00062
2717.18846,0.00060
2716.22424,0.00044
2715.26001,0.00033
2714.29579,0.00046
2713.33156,0.00077
2712.36733,0.00104
2711.40311,0.00110
2710.43888,0.00100
2709.47466,0.00089
2708.51043,0.00092
2707.54620,0.00106
2706.58198,0.00125
2705.61775,0.00146
2704.65353,0.00168
2703.68930,0.00188
2702.72507,0.00199
2701.76085,0.00196
2700.79662,0.00180
2699.83240,0.00154
2698.86817,0.00122
2697.90395,0.00089
2696.93972,0.00068
2695.97549,0.00068
2695.01127,0.00087
2694.04704,0.00112
2693.08282,0.00126
2692.11859,0.00124
2691.15436,0.00117
2690.19014,0.00110
2689.22591,0.00106
2688.26169,0.00102
2687.29746,0.00104
2686.33324,0.00117
2685.36901,0.00139
2684.40478,0.00151
2683.44056,0.00141
2682.47633,0.00115
2681.51211,0.00093
2680.54788,0.00089
2679.58365,0.00103
2678.61943,0.00127
2677.65520,0.00158
2676.69098,0.00197
2675.72675,0.00235
2674.76252,0.00253
2673.79830,0.00232
2672.83407,0.00171
2671.86985,0.00096
2670.90562,0.00038
2669.94140,0.00017
2668.97717,0.00028
2668.01294,0.00053
2667.04872,0.00069
2666.08449,0.00060
2665.12027,0.00027
2664.15604,-0.00011
2663.19181,-0.00032
2662.22759,-0.00021
2661.26336,0.00020
2660.29914,0.00069
2659.33491,0.00103
2658.37069,0.00109
2657.40646,0.00096
2656.44223,0.00082
2655.47801,0.00082
2654.51378,0.00095
2653.54956,0.00102
2652.58533,0.00088
2651.62110,0.00054
2650.65688,0.00017
2649.69265,-0.00002
2648.72843,0.00001
2647.76420,0.00016
2646.79998,0.00027
2645.83575,0.00028
2644.87152,0.00022
2643.90730,0.00020
2642.94307,0.00025
2641.97885,0.00035
2641.01462,0.00041
2640.05039,0.00042
2639.08617,0.00040
2638.12194,0.00046
2637.15772,0.00065
2636.19349,0.00096
2635.22926,0.00128
2634.26504,0.00149
2633.30081,0.00157
2632.33659,0.00148
2631.37236,0.00124
2630.40814,0.00084
2629.44391,0.00044
2628.47968,0.00022
2627.51546,0.00030
2626.55123,0.00061
2625.58701,0.00088
2624.62278,0.00094
2623.65855,0.00085
2622.69433,0.00080
2621.73010,0.00091
2620.76588,0.00111
2619.80165,0.00122
2618.83743,0.00115
2617.87320,0.00099
2616.90897,0.00090
2615.94475,0.00094
2614.98052,0.00103
2614.01630,0.00104
2613.05207,0.00093
2612.08784,0.00078
2611.12362,0.00075
2610.15939,0.00092
2609.19517,0.00125
2608.23094,0.00157
2607.26672,0.00176
2606.30249,0.00183
2605.33826,0.00183
2604.37404,0.00179
2603.40981,0.00169
2602.44559,0.00149
2601.48136,0.00130
2600.51713,0.00122
2599.55291,0.00127
2598.58868,0.00128
2597.62446,0.00107
2596.66023,0.00061
2595.69600,0.00004
2594.73178,-0.00038
2593.76755,-0.00047
2592.80333,-0.00020
2591.83910,0.00032
2590.87488,0.00085
2589.91065,0.00115
2588.94642,0.00116
2587.98220,0.00101
2587.01797,0.00092
2586.05375,0.00107
2585.08952,0.00137
2584.12529,0.00164
2583.16107,0.00174
2582.19684,0.00170
2581.23262,0.00163
2580.26839,0.00162
2579.30417,0.00163
2578.33994,0.00155
2577.37571,0.00130
2576.41149,0.00092
2575.44726,0.00055
2574.48304,0.00035
2573.51881,0.00038
2572.55458,0.00056
2571.59036,0.00078
2570.62613,0.00097
2569.66191,0.00116
2568.69768,0.00136
2567.73345,0.00154
2566.76923,0.00163
2565.80500,0.00166
2564.84078,0.00172
2563.87655,0.00184
2562.91233,0.00193
2561.94810,0.00188
2560.98387,0.00162
2560.01965,0.00126
2559.05542,0.00094
2558.09120,0.00079
2557.12697,0.00086
2556.16274,0.00109
2555.19852,0.00135
2554.23429,0.00146
2553.27007,0.00129
2552.30584,0.00087
2551.34162,0.00035
2550.37739,-0.00007
2549.41316,-0.00028
2548.44894,-0.00027
2547.48471,-0.00007
2546.52049,0.00024
2545.55626,0.00054
2544.59203,0.00073
2543.62781,0.00082
2542.66358,0.00088
2541.69936,0.00098
2540.73513,0.00106
2539.77091,0.00101
2538.80668,0.00086
2537.84245,0.00073
2536.87823,0.00074
2535.91400,0.00082
2534.94978,0.00085
2533.98555,0.00077
2533.02132,0.00067
2532.05710,0.00059
2531.09287,0.00048
2530.12865,0.00033
2529.16442,0.00026
2528.20019,0.00044
2527.23597,0.00085
2526.27174,0.00128
2525.30752,0.00146
2524.34329,0.00139
2523.37907,0.00125
2522.41484,0.00122
2521.45061,0.00130
2520.48639,0.00137
2519.52216,0.00134
2518.55794,0.00120
2517.59371,0.00101
2516.62948,0.00086
2515.66526,0.00083
2514.70103,0.00097
2513.73681,0.00120
2512.77258,0.00135
2511.80836,0.00128
2510.84413,0.00105
2509.87990,0.00086
2508.91568,0.00085
2507.95145,0.00101
2506.98723,0.00125
2506.02300,0.00146
2505.05877,0.00157
2504.09455,0.00149
2503.13032,0.00119
2502.16610,0.00081
2501.20187,0.00061
2500.23764,0.00075
2499.27342,0.00111
2498.30919,0.00145
2497.34497,0.00161
2496.38074,0.00166
2495.41652,0.00170
2494.45229,0.00170
2493.48806,0.00153
2492.52384,0.00115
2491.55961,0.00075
2490.59539,0.00055
2489.63116,0.00067
2488.66693,0.00099
2487.70271,0.00134
2486.73848,0.00163
2485.77426,0.00182
2484.81003,0.00189
2483.84581,0.00184
2482.88158,0.00165
2481.91735,0.00142
2480.95313,0.00123
2479.98890,0.00115
2479.02468,0.00116
2478.06045,0.00115
2477.09622,0.00100
2476.13200,0.00068
2475.16777,0.00029
2474.20355,0.00003
2473.23932,0.00005
2472.27510,0.00036
2471.31087,0.00079
2470.34664,0.00116
2469.38242,0.00133
2468.41819,0.00132
2467.45397,0.00116
2466.48974,0.00090
2465.52551,0.00057
2464.56129,0.00022
2463.59706,-0.00008
2462.63284,-0.00023
2461.66861,-0.00020
2460.70438,0.00001
2459.74016,0.00031
2458.77593,0.00059
2457.81171,0.00077
2456.84748,0.00087
2455.88326,0.00096
2454.91903,0.00110
2453.95480,0.00125
2452.99058,0.00133
2452.02635,0.00129
2451.06213,0.00125
2450.09790,0.00133
2449.13367,0.00158
2448.16945,0.00188
2447.20522,0.00203
2446.24100,0.00193
2445.27677,0.00163
2444.31255,0.00129
2443.34832,0.00104
2442.38409,0.00090
2441.41987,0.00082
2440.45564,0.00076
2439.49142,0.00070
2438.52719,0.00069
2437.56296,0.00071
2436.59874,0.00077
2435.63451,0.00089
2434.67029,0.00107
2433.70606,0.00127
2432.74184,0.00139
2431.77761,0.00136
2430.81338,0.00122
2429.84916,0.00109
2428.88493,0.00103
2427.92071,0.00101
2426.95648,0.00092
2425.99225,0.00076
2425.02803,0.00059
2424.06380,0.00049
2423.09958,0.00048
2422.13535,0.00057
2421.17112,0.00080
2420.20690,0.00118
2419.24267,0.00155
2418.27845,0.00167
2417.31422,0.00143
2416.35000,0.00102
2415.38577,0.00077
2414.42154,0.00083
2413.45732,0.00104
2412.49309,0.00113
2411.52887,0.00099
2410.56464,0.00076
2409.60041,0.00065
2408.63619,0.00070
2407.67196,0.00084
2406.70774,0.00100
2405.74351,0.00118
2404.77929,0.00136
2403.81506,0.00150
2402.85083,0.00154
2401.88661,0.00151
2400.92238,0.00150
2399.95816,0.00155
2398.99393,0.00162
2398.02970,0.00166
2397.06548,0.00163
2396.10125,0.00153
2395.13703,0.00134
2394.17280,0.00106
2393.20857,0.00073
2392.24435,0.00047
2391.28012,0.00039
2390.31590,0.00049
2389.35167,0.00073
2388.38745,0.00103
2387.42322,0.00130
2386.45899,0.00142
2385.49477,0.00128
2384.53054,0.00092
2383.56632,0.00059
2382.60209,0.00052
2381.63786,0.00072
2380.67364,0.00097
2379.70941,0.00109
2378.74519,0.00110
2377.78096,0.00114
2376.81674,0.00126
2375.85251,0.00132
2374.88828,0.00120
2373.92406,0.00093
2372.95983,0.00070
2371.99561,0.00067
2371.03138,0.00080
2370.06715,0.00100
2369.10293,0.00126
2368.13870,0.00159
2367.17448,0.00193
2366.21025,0.00211
2365.24603,0.00199
2364.28180,0.00164
2363.31757,0.00125
2362.35335,0.00099
2361.38912,0.00084
2360.42490,0.00066
2359.46067,0.00038
2358.49644,0.00009
2357.53222,-0.00006
2356.56799,0.00009
2355.60377,0.00055
2354.63954,0.00115
2353.67531,0.00166
2352.71109,0.00193
2351.74686,0.00197
2350.78264,0.00190
2349.81841,0.00186
2348.85419,0.00189
2347.88996,0.00197
2346.92573,0.00206
2345.96151,0.00209
2344.99728,0.00201
2344.03306,0.00179
2343.06883,0.00149
2342.10460,0.00124
2341.14038,0.00108
2340.17615,0.00094
2339.21193,0.00069
2338.24770,0.00038
2337.28348,0.00022
2336.31925,0.00037
2335.35502,0.00073
2334.39080,0.00104
2333.42657,0.00114
2332.46235,0.00110
2331.49812,0.00116
2330.53389,0.00139
2329.56967,0.00170
2328.60544,0.00187
2327.64122,0.00182
2326.67699,0.00158
2325.71277,0.00128
2324.74854,0.00103
2323.78431,0.00093
2322.82009,0.00100
2321.85586,0.00121
2320.89164,0.00144
2319.92741,0.00157
2318.96318,0.00155
2317.99896,0.00138
2317.03473,0.00114
2316.07051,0.00095
2315.10628,0.00091
2314.14205,0.00106
2313.17783,0.00130
2312.21360,0.00148
2311.24938,0.00144
2310.28515,0.00123
2309.32093,0.00095
2308.35670,0.00072
2307.39247,0.00059
2306.42825,0.00054
2305.46402,0.00058
2304.49980,0.00073
2303.53557,0.00093
2302.57134,0.00110
2301.60712,0.00116
2300.64289,0.00113
2299.67867,0.00109
2298.71444,0.00109
2297.75022,0.00115
2296.78599,0.00122
2295.82176,0.00125
2294.85754,0.00122
2293.89331,0.00114
2292.92909,0.00102
2291.96486,0.00088
2291.00063,0.00072
2290.03641,0.00054
2289.07218,0.00036
2288.10796,0.00021
2287.14373,0.00011
2286.17950,0.00005
2285.21528,-0.00002
2284.25105,-0.00010
2283.28683,-0.00013
2282.32260,-0.00008
2281.35838,0.00002
2280.39415,0.00010
2279.42992,0.00021
2278.46570,0.00044
2277.50147,0.00081
2276.53725,0.00120
2275.57302,0.00145
2274.60879,0.00155
2273.64457,0.00163
2272.68034,0.00174
2271.71612,0.00177
2270.75189,0.00158
2269.78767,0.00121
2268.82344,0.00091
2267.85921,0.00082
2266.89499,0.00080
2265.93076,0.00063
2264.96654,0.00027
2264.00231,-0.00000
2263.03808,0.00005
2262.07386,0.00041
2261.10963,0.00081
2260.14541,0.00104
2259.18118,0.00111
2258.21696,0.00108
2257.25273,0.00101
2256.28850,0.00089
2255.32428,0.00084
2254.36005,0.00097
2253.39583,0.00124
2252.43160,0.00143
2251.46737,0.00145
2250.50315,0.00150
2249.53892,0.00190
2248.57470,0.00268
2247.61047,0.00335
2246.64624,0.00336
2245.68202,0.00258
2244.71779,0.00146
2243.75357,0.00058
2242.78934,0.00023
2241.82512,0.00031
2240.86089,0.00054
2239.89666,0.00074
2238.93244,0.00081
2237.96821,0.00068
2237.00399,0.00041
2236.03976,0.00021
2235.07553,0.00033
2234.11131,0.00082
2233.14708,0.00143
2232.18286,0.00181
2231.21863,0.00178
2230.25441,0.00148
2229.29018,0.00116
2228.32595,0.00097
2227.36173,0.00093
2226.39750,0.00096
2225.43328,0.00101
2224.46905,0.00101
2223.50482,0.00095
2222.54060,0.00085
2221.57637,0.00076
2220.61215,0.00072
2219.64792,0.00073
2218.68369,0.00075
2217.71947,0.00072
2216.75524,0.00058
2215.79102,0.00033
2214.82679,0.00004
2213.86257,-0.00014
2212.89834,-0.00007
2211.93411,0.00024
2210.96989,0.00059
2210.00566,0.00078
2209.04144,0.00076
2208.07721,0.00067
2207.11298,0.00066
2206.14876,0.00075
2205.18453,0.00085
2204.22031,0.00090
2203.25608,0.00094
2202.29186,0.00106
2201.32763,0.00123
2200.36340,0.00135
2199.39918,0.00132
2198.43495,0.00118
2197.47073,0.00101
2196.50650,0.00090
2195.54227,0.00089
2194.57805,0.00099
2193.61382,0.00117
2192.64960,0.00140
2191.68537,0.00158
2190.72115,0.00166
2189.75692,0.00159
2188.79269,0.00142
2187.82847,0.00120
2186.86424,0.00102
2185.90002,0.00096
2184.93579,0.00101
2183.97156,0.00108
2183.00734,0.00104
2182.04311,0.00084
2181.07889,0.00055
2180.11466,0.00032
2179.15043,0.00022
2178.18621,0.00025
2177.22198,0.00037
2176.25776,0.00056
2175.29353,0.00081
2174.32931,0.00104
2173.36508,0.00118
2172.40085,0.00121
2171.43663,0.00117
2170.47240,0.00109
2169.50818,0.00097
2168.54395,0.00081
2167.57972,0.00070
2166.61550,0.00074
2165.65127,0.00093
2164.68705,0.00116
2163.72282,0.00132
2162.75860,0.00142
2161.79437,0.00153
2160.83014,0.00169
2159.86592,0.00183
2158.90169,0.00190
2157.93747,0.00185
2156.97324,0.00169
2156.00901,0.00139
2155.04479,0.00096
2154.08056,0.00051
2153.11634,0.00026
2152.15211,0.00035
2151.18789,0.00073
2150.22366,0.00113
2149.25943,0.00137
2148.29521,0.00141
2147.33098,0.00138
2146.36676,0.00135
2145.40253,0.00135
2144.43830,0.00137
2143.47408,0.00147
2142.50985,0.00164
2141.54563,0.00184
2140.58140,0.00197
2139.61717,0.00196
2138.65295,0.00181
2137.68872,0.00160
2136.72450,0.00143
2135.76027,0.00134
2134.79605,0.00137
2133.83182,0.00151
2132.86759,0.00174
2131.90337,0.00202
2130.93914,0.00232
2129.97492,0.00262
2129.01069,0.00288
2128.04646,0.00307
2127.08224,0.00326
2126.11801,0.00356
2125.15379,0.00405
2124.18956,0.00468
2123.22534,0.00530
2122.26111,0.00574
2121.29688,0.00594
2120.33266,0.00598
2119.36843,0.00600
2118.40421,0.00607
2117.43998,0.00621
2116.47575,0.00636
2115.51153,0.00645
2114.54730,0.00644
2113.58308,0.00636
2112.61885,0.00625
2111.65462,0.00615
2110.69040,0.00604
2109.72617,0.00589
2108.76195,0.00575
2107.79772,0.00569
2106.83350,0.00571
2105.86927,0.00570
2104.90504,0.00552
2103.94082,0.00517
2102.97659,0.00478
2102.01237,0.00448
2101.04814,0.00431
2100.08391,0.00420
2099.11969,0.00408
2098.15546,0.00393
2097.19124,0.00378
2096.22701,0.00366
2095.26279,0.00358
2094.29856,0.00354
2093.33433,0.00351
2092.37011,0.00341
2091.40588,0.00320
2090.44166,0.00292
2089.47743,0.00269
2088.51320,0.00261
2087.54898,0.00262
2086.58475,0.00259
2085.62053,0.00246
2084.65630,0.00232
2083.69208,0.00225
2082.72785,0.00221
2081.76362,0.00212
2080.79940,0.00192
2079.83517,0.00169
2078.87095,0.00153
2077.90672,0.00140
2076.94249,0.00124
2075.97827,0.00103
2075.01404,0.00088
2074.04982,0.00089
2073.08559,0.00105
2072.12136,0.00123
2071.15714,0.00130
2070.19291,0.00125
2069.22869,0.00113
2068.26446,0.00098
2067.30024,0.00082
2066.33601,0.00067
2065.37178,0.00062
2064.40756,0.00072
2063.44333,0.00090
2062.47911,0.00103
2061.51488,0.00103
2060.55065,0.00092
2059.58643,0.00085
2058.62220,0.00093
2057.65798,0.00114
2056.69375,0.00134
2055.72953,0.00144
2054.76530,0.00145
2053.80107,0.00148
2052.83685,0.00158
2051.87262,0.00167
2050.90840,0.00163
2049.94417,0.00145
2048.97994,0.00125
2048.01572,0.00113
2047.05149,0.00108
2046.08727,0.00102
2045.12304,0.00098
2044.15882,0.00103
2043.19459,0.00121
2042.23036,0.00139
2041.26614,0.00137
2040.30191,0.00108
2039.33769,0.00070
2038.37346,0.00049
2037.40923,0.00056
2036.44501,0.00080
2035.48078,0.00106
2034.51656,0.00123
2033.55233,0.00132
2032.58810,0.00133
2031.62388,0.00129
2030.65965,0.00119
2029.69543,0.00106
2028.73120,0.00090
2027.76698,0.00072
2026.80275,0.00052
2025.83852,0.00036
2024.87430,0.00033
2023.91007,0.00043
2022.94585,0.00060
2021.98162,0.00077
2021.01739,0.00093
2020.05317,0.00110
2019.08894,0.00124
2018.12472,0.00130
2017.16049,0.00126
2016.19627,0.00117
2015.23204,0.00109
2014.26781,0.00103
2013.30359,0.00099
2012.33936,0.00096
2011.37514,0.00095
2010.41091,0.00094
2009.44668,0.00085
2008.48246,0.00061
2007.51823,0.00028
2006.55401,-0.00000
2005.58978,-0.00007
2004.62555,0.00011
2003.66133,0.00044
2002.69710,0.00078
2001.73288,0.00105
2000.76865,0.00121
1999.80443,0.00132
1998.84020,0.00141
1997.87597,0.00148
1996.91175,0.00149
1995.94752,0.00141
1994.98330,0.00126
1994.01907,0.00108
1993.05484,0.00091
1992.09062,0.00079
1991.12639,0.00071
1990.16217,0.00068
1989.19794,0.00071
1988.23372,0.00076
1987.26949,0.00080
1986.30526,0.00083
1985.34104,0.00089
1984.37681,0.00104
1983.41259,0.00128
1982.44836,0.00153
1981.48413,0.00169
1980.51991,0.00172
1979.55568,0.00164
1978.59146,0.00149
1977.62723,0.00132
1976.66301,0.00120
1975.69878,0.00115
1974.73455,0.00114
1973.77033,0.00106
1972.80610,0.00084
1971.84188,0.00055
1970.87765,0.00034
1969.91342,0.00033
1968.94920,0.00047
1967.98497,0.00059
1967.02075,0.00058
1966.05652,0.00047
1965.09229,0.00039
1964.12807,0.00045
1963.16384,0.00069
1962.19962,0.00102
1961.23539,0.00133
1960.27117,0.00147
1959.30694,0.00136
1958.34271,0.00105
1957.37849,0.00067
1956.41426,0.00036
1955.45004,0.00023
1954.48581,0.00028
1953.52158,0.00046
1952.55736,0.00065
1951.59313,0.00073
1950.62891,0.00070
1949.66468,0.00063
1948.70046,0.00064
1947.73623,0.00074
1946.77200,0.00078
1945.80778,0.00061
1944.84355,0.00027
1943.87933,-0.00004
1942.91510,-0.00007
1941.95087,0.00021
1940.98665,0.00064
1940.02242,0.00097
1939.05820,0.00107
1938.09397,0.00102
1937.12974,0.00098
1936.16552,0.00106
1935.20129,0.00123
1934.23707,0.00135
1933.27284,0.00129
1932.30862,0.00106
1931.34439,0.00083
1930.38016,0.00078
1929.41594,0.00097
1928.45171,0.00127
1927.48749,0.00146
1926.52326,0.00143
1925.55903,0.00117
1924.59481,0.00079
1923.63058,0.00040
1922.66636,0.00013
1921.70213,0.00009
1920.73791,0.00032
1919.77368,0.00074
1918.80945,0.00119
1917.84523,0.00153
1916.88100,0.00168
1915.91678,0.00163
1914.95255,0.00135
1913.98832,0.00090
1913.02410,0.00041
1912.05987,0.00004
1911.09565,-0.00011
1910.13142,-0.00007
1909.16720,0.00010
1908.20297,0.00033
1907.23874,0.00060
1906.27452,0.00080
1905.31029,0.00083
1904.34607,0.00067
1903.38184,0.00046
1902.41761,0.00038
1901.45339,0.00049
1900.48916,0.00069
1899.52494,0.00082
1898.56071,0.00084
1897.59648,0.00079
1896.63226,0.00073
1895.66803,0.00072
1894.70381,0.00080
1893.73958,0.00100
1892.77536,0.00130
1891.81113,0.00155
1890.84690,0.00161
1889.88268,0.00144
1888.91845,0.00119
1887.95423,0.00106
1886.99000,0.00111
1886.02577,0.00127
1885.06155,0.00139
1884.09732,0.00137
1883.13310,0.00121
1882.16887,0.00100
1881.20465,0.00086
1880.24042,0.00086
1879.27619,0.00094
1878.31197,0.00097
1877.34774,0.00088
1876.38352,0.00068
1875.41929,0.00048
1874.45506,0.00034
1873.49084,0.00027
1872.52661,0.00029
1871.56239,0.00047
1870.59816,0.00080
1869.63394,0.00110
1868.66971,0.00113
1867.70548,0.00084
1866.74126,0.00041
1865.77703,0.00009
1864.81281,-0.00005
1863.84858,-0.00009
1862.88435,-0.00006
1861.92013,0.00007
1860.95590,0.00034
1859.99168,0.00065
1859.02745,0.00083
1858.06322,0.00084
1857.09900,0.00081
1856.13477,0.00087
1855.17055,0.00098
1854.20632,0.00102
1853.24210,0.00095
1852.27787,0.00085
1851.31364,0.00080
1850.34942,0.00080
1849.38519,0.00082
1848.42097,0.00086
1847.45674,0.00101
1846.49251,0.00122
1845.52829,0.00135
1844.56406,0.00127
1843.59984,0.00101
1842.63561,0.00076
1841.67139,0.00067
1840.70716,0.00076
1839.74293,0.00091
1838.77871,0.00100
1837.81448,0.00096
1836.85026,0.00081
1835.88603,0.00067
1834.92180,0.00064
1833.95758,0.00079
1832.99335,0.00100
1832.02913,0.00115
1831.06490,0.00117
1830.10067,0.00116
1829.13645,0.00119
1828.17222,0.00124
1827.20800,0.00122
1826.24377,0.00116
1825.27955,0.00115
1824.31532,0.00125
1823.35109,0.00137
1822.38687,0.00132
1821.42264,0.00110
1820.45842,0.00089
1819.49419,0.00086
1818.52996,0.00099
1817.56574,0.00116
1816.60151,0.00125
1815.63729,0.00132
1814.67306,0.00143
1813.70884,0.00153
1812.74461,0.00152
1811.78038,0.00137
1810.81616,0.00117
1809.85193,0.00104
1808.88771,0.00103
1807.92348,0.00109
1806.95925,0.00117
1805.99503,0.00124
1805.03080,0.00128
1804.06658,0.00130
1803.10235,0.00137
1802.13813,0.00154
1801.17390,0.00178
1800.20967,0.00196
1799.24545,0.00193
1798.28122,0.00168
1797.31700,0.00134
1796.35277,0.00107
1795.38854,0.00101
1794.42432,0.00115
1793.46009,0.00140
1792.49587,0.00164
1791.53164,0.00171
1790.56741,0.00155
1789.60319,0.00122
1788.63896,0.00089
1787.67474,0.00072
1786.71051,0.00076
1785.74629,0.00093
1784.78206,0.00107
1783.81783,0.00109
1782.85361,0.00102
1781.88938,0.00099
1780.92516,0.00110
1779.96093,0.00134
1778.99670,0.00156
1778.03248,0.00157
1777.06825,0.00137
1776.10403,0.00113
1775.13980,0.00108
1774.17558,0.00131
1773.21135,0.00169
1772.24712,0.00200
1771.28290,0.00210
1770.31867,0.00200
1769.35445,0.00181
1768.39022,0.00161
1767.42599,0.00144
1766.46177,0.00134
1765.49754,0.00131
1764.53332,0.00132
1763.56909,0.00132
1762.60487,0.00127
1761.64064,0.00121
1760.67641,0.00121
1759.71219,0.00126
1758.74796,0.00135
1757.78374,0.00143
1756.81951,0.00148
1755.85528,0.00146
1754.89106,0.00134
1753.92683,0.00115
1752.96261,0.00101
1751.99838,0.00105
1751.03415,0.00127
1750.06993,0.00156
1749.10570,0.00180
1748.14148,0.00198
1747.17725,0.00216
1746.21303,0.00236
1745.24880,0.00257
1744.28457,0.00270
1743.32035,0.00270
1742.35612,0.00256
1741.39190,0.00228
1740.42767,0.00191
1739.46344,0.00155
1738.49922,0.00135
1737.53499,0.00139
1736.57077,0.00165
1735.60654,0.00204
1734.64232,0.00244
1733.67809,0.00278
1732.71386,0.00295
1731.74964,0.00289
1730.78541,0.00263
1729.82119,0.00232
1728.85696,0.00210
1727.89273,0.00204
1726.92851,0.00206
1725.96428,0.00206
1725.00006,0.00196
1724.03583,0.00182
1723.07160,0.00174
1722.10738,0.00183
1721.14315,0.00213
1720.17893,0.00259
1719.21470,0.00306
1718.25048,0.00339
1717.28625,0.00350
1716.32202,0.00343
1715.35780,0.00329
1714.39357,0.00315
1713.42935,0.00298
1712.46512,0.00276
1711.50089,0.00255
1710.53667,0.00247
1709.57244,0.00258
1708.60822,0.00287
1707.64399,0.00323
1706.67977,0.00358
1705.71554,0.00382
1704.75131,0.00391
1703.78709,0.00386
1702.82286,0.00375
1701.85864,0.00370
1700.89441,0.00378
1699.93018,0.00397
1698.96596,0.00420
1698.00173,0.00444
1697.03751,0.00466
1696.07328,0.00474
1695.10906,0.00458
1694.14483,0.00418
1693.18060,0.00375
1692.21638,0.00358
1691.25215,0.00375
1690.28793,0.00411
1689.32370,0.00441
1688.35947,0.00454
1687.39525,0.00455
1686.43102,0.00451
1685.46680,0.00442
1684.50257,0.00421
1683.53834,0.00388
1682.57412,0.00354
1681.60989,0.00330
1680.64567,0.00321
1679.68144,0.00327
1678.71722,0.00347
1677.75299,0.00372
1676.78876,0.00390
1675.82454,0.00387
1674.86031,0.00367
1673.89609,0.00349
1672.93186,0.00348
1671.96763,0.00366
1671.00341,0.00391
1670.03918,0.00415
1669.07496,0.00435
1668.11073,0.00453
1667.14651,0.00465
1666.18228,0.00470
1665.21805,0.00474
1664.25383,0.00487
1663.28960,0.00506
1662.32538,0.00518
1661.36115,0.00508
1660.39692,0.00482
1659.43270,0.00461
1658.46847,0.00458
1657.50425,0.00470
1656.54002,0.00478
1655.57579,0.00474
1654.61157,0.00460
1653.64734,0.00445
1652.68312,0.00433
1651.71889,0.00426
1650.75467,0.00428
1649.79044,0.00443
1648.82621,0.00469
1647.86199,0.00494
1646.89776,0.00506
1645.93354,0.00495
1644.96931,0.00466
1644.00508,0.00429
1643.04086,0.00400
1642.07663,0.00391
1641.11241,0.00402
1640.14818,0.00420
1639.18396,0.00427
1638.21973,0.00419
1637.25550,0.00405
1636.29128,0.00398
1635.32705,0.00398
1634.36283,0.00392
1633.39860,0.00373
1632.43437,0.00352
1631.47015,0.00343
1630.50592,0.00346
1629.54170,0.00347
1628.57747,0.00331
1627.61325,0.00298
1626.64902,0.00267
1625.68479,0.00254
1624.72057,0.00264
1623.75634,0.00287
1622.79212,0.00312
1621.82789,0.00331
1620.86366,0.00343
1619.89944,0.00349
1618.93521,0.00352
1617.97099,0.00350
1617.00676,0.00340
1616.04253,0.00324
1615.07831,0.00308
1614.11408,0.00299
1613.14986,0.00296
1612.18563,0.00290
1611.22141,0.00278
1610.25718,0.00265
1609.29295,0.00260
1608.32873,0.00263
1607.36450,0.00263
1606.40028,0.00248
1605.43605,0.00222
1604.47182,0.00199
1603.50760,0.00188
1602.54337,0.00188
1601.57915,0.00191
1600.61492,0.00196
1599.65070,0.00206
1598.68647,0.00221
1597.72224,0.00233
1596.75802,0.00236
1595.79379,0.00231
1594.82957,0.00230
1593.86534,0.00240
1592.90111,0.00255
1591.93689,0.00264
1590.97266,0.00253
1590.00844,0.00221
1589.04421,0.00173
1588.07999,0.00128
1587.11576,0.00108
1586.15153,0.00122
1585.18731,0.00165
1584.22308,0.00214
1583.25886,0.00249
1582.29463,0.00266
1581.33040,0.00279
1580.36618,0.00299
1579.40195,0.00325
1578.43773,0.00342
1577.47350,0.00331
1576.50927,0.00289
1575.54505,0.00227
1574.58082,0.00168
1573.61660,0.00134
1572.65237,0.00131
1571.68815,0.00152
1570.72392,0.00180
1569.75969,0.00198
1568.79547,0.00196
1567.83124,0.00173
1566.86702,0.00138
1565.90279,0.00109
1564.93856,0.00098
1563.97434,0.00113
1563.01011,0.00141
1562.04589,0.00164
1561.08166,0.00166
1560.11744,0.00150
1559.15321,0.00133
1558.18898,0.00126
1557.22476,0.00130
1556.26053,0.00131
1555.29631,0.00125
1554.33208,0.00119
1553.36785,0.00128
1552.40363,0.00155
1551.43940,0.00185
1550.47518,0.00198
1549.51095,0.00185
1548.54672,0.00159
1547.58250,0.00148
1546.61827,0.00169
1545.65405,0.00214
1544.68982,0.00254
1543.72560,0.00262
1542.76137,0.00234
1541.79714,0.00191
1540.83292,0.00156
1539.86869,0.00138
1538.90447,0.00135
1537.94024,0.00138
1536.97601,0.00143
1536.01179,0.00151
1535.04756,0.00163
1534.08334,0.00174
1533.11911,0.00182
1532.15489,0.00185
1531.19066,0.00183
1530.22643,0.00178
1529.26221,0.00172
1528.29798,0.00163
1527.33376,0.00148
1526.36953,0.00127
1525.40530,0.00103
1524.44108,0.00094
1523.47685,0.00114
1522.51263,0.00161
1521.54840,0.00210
1520.58418,0.00230
1519.61995,0.00208
1518.65572,0.00163
1517.69150,0.00121
1516.72727,0.00100
1515.76305,0.00099
1514.79882,0.00106
1513.83459,0.00117
1512.87037,0.00130
1511.90614,0.00147
1510.94192,0.00168
1509.97769,0.00194
1509.01346,0.00222
1508.04924,0.00249
1507.08501,0.00263
1506.12079,0.00255
1505.15656,0.00222
1504.19234,0.00179
1503.22811,0.00142
1502.26388,0.00121
1501.29966,0.00113
1500.33543,0.00113
1499.37121,0.00112
1498.40698,0.00110
1497.44275,0.00111
1496.47853,0.00118
1495.51430,0.00132
1494.55008,0.00146
1493.58585,0.00149
1492.62163,0.00135
1491.65740,0.00110
1490.69317,0.00090
1489.72895,0.00093
1488.76472,0.00121
1487.80050,0.00157
1486.83627,0.00174
1485.87204,0.00156
1484.90782,0.00106
1483.94359,0.00049
1482.97937,0.00010
1482.01514,0.00003
1481.05092,0.00022
1480.08669,0.00051
1479.12246,0.00081
1478.15824,0.00115
1477.19401,0.00155
1476.22979,0.00198
1475.26556,0.00227
1474.30133,0.00224
1473.33711,0.00186
1472.37288,0.00129
1471.40866,0.00083
1470.44443,0.00070
1469.48020,0.00091
1468.51598,0.00127
1467.55175,0.00159
1466.58753,0.00180
1465.62330,0.00191
1464.65908,0.00193
1463.69485,0.00185
1462.73062,0.00168
1461.76640,0.00153
1460.80217,0.00154
1459.83795,0.00168
1458.87372,0.00173
1457.90949,0.00148
1456.94527,0.00092
1455.98104,0.00028
1455.01682,-0.00024
1454.05259,-0.00060
1453.08837,-0.00087
1452.12414,-0.00103
1451.15991,-0.00095
1450.19569,-0.00063
1449.23146,-0.00022
1448.26724,0.00012
1447.30301,0.00033
1446.33878,0.00055
1445.37456,0.00086
1444.41033,0.00120
1443.44611,0.00144
1442.48188,0.00154
1441.51765,0.00154
1440.55343,0.00155
1439.58920,0.00165
1438.62498,0.00188
1437.66075,0.00214
1436.69653,0.00228
1435.73230,0.00216
1434.76807,0.00190
1433.80385,0.00185
1432.83962,0.00230
1431.87540,0.00314
1430.91117,0.00392
1429.94694,0.00419
1428.98272,0.00392
1428.01849,0.00344
1427.05427,0.00302
1426.09004,0.00269
1425.12582,0.00232
1424.16159,0.00200
1423.19736,0.00203
1422.23314,0.00261
1421.26891,0.00353
1420.30469,0.00423
1419.34046,0.00427
1418.37623,0.00359
1417.41201,0.00259
1416.44778,0.00174
1415.48356,0.00133
1414.51933,0.00133
1413.55511,0.00152
1412.59088,0.00166
1411.62665,0.00163
1410.66243,0.00149
1409.69820,0.00143
1408.73398,0.00158
1407.76975,0.00190
1406.80552,0.00221
1405.84130,0.00235
1404.87707,0.00230
1403.91285,0.00215
1402.94862,0.00197
1401.98439,0.00173
1401.02017,0.00136
1400.05594,0.00094
1399.09172,0.00064
1398.12749,0.00066
1397.16327,0.00103
1396.19904,0.00159
1395.23481,0.00207
1394.27059,0.00224
1393.30636,0.00204
1392.34214,0.00161
1391.37791,0.00123
1390.41368,0.00107
1389.44946,0.00112
1388.48523,0.00112
1387.52101,0.00087
1386.55678,0.00035
1385.59256,-0.00020
1384.62833,-0.00052
1383.66410,-0.00051
1382.69988,-0.00026
1381.73565,0.00009
1380.77143,0.00046
1379.80720,0.00077
1378.84297,0.00095
1377.87875,0.00101
1376.91452,0.00111
1375.95030,0.00147
1374.98607,0.00213
1374.02184,0.00285
1373.05762,0.00331
1372.09339,0.00334
1371.12917,0.00305
1370.16494,0.00268
1369.20072,0.00244
1368.23649,0.00234
1367.27226,0.00230
1366.30804,0.00218
1365.34381,0.00187
1364.37959,0.00144
1363.41536,0.00112
1362.45113,0.00116
1361.48691,0.00157
1360.52268,0.00205
1359.55846,0.00223
1358.59423,0.00193
1357.63001,0.00135
1356.66578,0.00079
1355.70155,0.00051
1354.73733,0.00056
1353.77310,0.00094
1352.80888,0.00154
1351.84465,0.00214
1350.88042,0.00250
1349.91620,0.00252
1348.95197,0.00237
1347.98775,0.00227
1347.02352,0.00234
1346.05930,0.00248
1345.09507,0.00254
1344.13084,0.00248
1343.16662,0.00231
1342.20239,0.00199
1341.23817,0.00147
1340.27394,0.00083
1339.30971,0.00032
1338.34549,0.00014
1337.38126,0.00026
1336.41704,0.00041
1335.45281,0.00038
1334.48858,0.00016
1333.52436,-0.00006
1332.56013,-0.00012
1331.59591,0.00005
1330.63168,0.00046
1329.66746,0.00103
1328.70323,0.00155
1327.73900,0.00177
1326.77478,0.00159
1325.81055,0.00124
1324.84633,0.00116
1323.88210,0.00162
1322.91787,0.00245
1321.95365,0.00314
1320.98942,0.00319
1320.02520,0.00249
1319.06097,0.00134
1318.09675,0.00023
1317.13252,-0.00042
1316.16829,-0.00044
1315.20407,0.00002
1314.23984,0.00068
1313.27562,0.00124
1312.31139,0.00147
1311.34716,0.00130
1310.38294,0.00090
1309.41871,0.00059
1308.45449,0.00073
1307.49026,0.00137
1306.52604,0.00220
1305.56181,0.00276
1304.59758,0.00291
1303.63336,0.00285
1302.66913,0.00287
1301.70491,0.00293
1300.74068,0.00275
1299.77645,0.00212
1298.81223,0.00116
1297.84800,0.00014
1296.88378,-0.00076
1295.91955,-0.00143
1294.95532,-0.00173
1293.99110,-0.00146
1293.02687,-0.00059
1292.06265,0.00059
1291.09842,0.00167
1290.13420,0.00247
1289.16997,0.00308
1288.20574,0.00364
1287.24152,0.00413
1286.27729,0.00445
1285.31307,0.00456
1284.34884,0.00450
1283.38461,0.00425
1282.42039,0.00370
1281.45616,0.00291
1280.49194,0.00215
1279.52771,0.00172
1278.56349,0.00164
1277.59926,0.00169
1276.63503,0.00160
1275.67081,0.00141
1274.70658,0.00132
1273.74236,0.00143
1272.77813,0.00159
1271.81390,0.00157
1270.84968,0.00130
1269.88545,0.00098
1268.92123,0.00085
1267.95700,0.00094
1266.99277,0.00104
1266.02855,0.00085
1265.06432,0.00024
1264.10010,-0.00052
1263.13587,-0.00102
1262.17165,-0.00095
1261.20742,-0.00035
1260.24319,0.00048
1259.27897,0.00124
1258.31474,0.00180
1257.35052,0.00206
1256.38629,0.00194
1255.42206,0.00147
1254.45784,0.00097
1253.49361,0.00086
1252.52939,0.00128
1251.56516,0.00186
1250.60094,0.00206
1249.63671,0.00165
1248.67248,0.00097
1247.70826,0.00052
1246.74403,0.00053
1245.77981,0.00084
1244.81558,0.00119
1243.85135,0.00150
1242.88713,0.00179
1241.92290,0.00206
1240.95868,0.00227
1239.99445,0.00241
1239.03023,0.00248
1238.06600,0.00236
1237.10177,0.00183
1236.13755,0.00087
1235.17332,-0.00018
1234.20910,-0.00080
1233.24487,-0.00074
1232.28064,-0.00023
1231.31642,0.00029
1230.35219,0.00059
1229.38797,0.00079
1228.42374,0.00104
1227.45951,0.00133
1226.49529,0.00147
1225.53106,0.00134
1224.56684,0.00102
1223.60261,0.00066
1222.63839,0.00043
1221.67416,0.00044
1220.70993,0.00080
1219.74571,0.00154
1218.78148,0.00254
1217.81726,0.00346
1216.85303,0.00389
1215.88880,0.00360
1214.92458,0.00272
1213.96035,0.00171
1212.99613,0.00109
1212.03190,0.00108
1211.06768,0.00140
1210.10345,0.00162
1209.13922,0.00147
1208.17500,0.00110
1207.21077,0.00075
1206.24655,0.00054
1205.28232,0.00044
1204.31809,0.00051
1203.35387,0.00094
1202.38964,0.00174
1201.42542,0.00250
1200.46119,0.00268
1199.49697,0.00214
1198.53274,0.00139
1197.56851,0.00113
1196.60429,0.00160
1195.64006,0.00238
1194.67584,0.00284
1193.71161,0.00267
1192.74738,0.00201
1191.78316,0.00117
1190.81893,0.00048
1189.85471,0.00019
1188.89048,0.00047
1187.92625,0.00119
1186.96203,0.00184
1185.99780,0.00189
1185.03358,0.00126
1184.06935,0.00047
1183.10513,0.00008
1182.14090,0.00019
1181.17667,0.00036
1180.21245,0.00021
1179.24822,-0.00018
1178.28400,-0.00045
1177.31977,-0.00048
1176.35554,-0.00069
1175.39132,-0.00155
1174.42709,-0.00295
1173.46287,-0.00409
1172.49864,-0.00414
1171.53442,-0.00289
1170.57019,-0.00095
1169.60596,0.00091
1168.64174,0.00231
1167.67751,0.00338
1166.71329,0.00423
1165.74906,0.00462
1164.78483,0.00420
1163.82061,0.00307
1162.85638,0.00184
1161.89216,0.00120
1160.92793,0.00132
1159.96370,0.00183
1158.99948,0.00215
1158.03525,0.00203
1157.07103,0.00158
1156.10680,0.00106
1155.14258,0.00070
1154.17835,0.00051
1153.21412,0.00039
1152.24990,0.00016
1151.28567,-0.00009
1150.32145,0.00003
1149.35722,0.00095
1148.39299,0.00261
1147.42877,0.00424
1146.46454,0.00479
1145.50032,0.00380
1144.53609,0.00179
1143.57187,-0.00023
1142.60764,-0.00156
1141.64341,-0.00214
1140.67919,-0.00231
1139.71496,-0.00224
1138.75074,-0.00179
1137.78651,-0.00076
1136.82228,0.00073
1135.85806,0.00219
1134.89383,0.00304
1133.92961,0.00310
1132.96538,0.00288
1132.00116,0.00325
1131.03693,0.00459
1130.07270,0.00623
1129.10848,0.00688
1128.14425,0.00561
1127.18003,0.00272
1126.21580,-0.00068
1125.25157,-0.00344
1124.28735,-0.00488
1123.32312,-0.00477
1122.35890,-0.00326
1121.39467,-0.00104
1120.43044,0.00074
1119.46622,0.00130
1118.50199,0.00098
1117.53777,0.00099
1116.57354,0.00203
1115.60932,0.00342
1114.64509,0.00375
1113.68086,0.00237
1112.71664,-0.00007
1111.75241,-0.00234
1110.78819,-0.00364
1109.82396,-0.00379
1108.85973,-0.00281
1107.89551,-0.00085
1106.93128,0.00135
1105.96706,0.00260
1105.00283,0.00211
1104.03861,0.00041
1103.07438,-0.00106
1102.11015,-0.00133
1101.14593,-0.00074
1100.18170,-0.00042
1099.21748,-0.00120
1098.25325,-0.00295
1097.28902,-0.00484
1096.32480,-0.00589
1095.36057,-0.00550
1094.39635,-0.00369
1093.43212,-0.00132
1092.46790,0.00038
1091.50367,0.00052
1090.53944,-0.00076
1089.57522,-0.00256
1088.61099,-0.00404
1087.64677,-0.00488
1086.68254,-0.00513
1085.71831,-0.00477
1084.75409,-0.00370
1083.78986,-0.00198
1082.82564,0.00001
1081.86141,0.00176
1080.89718,0.00283
1079.93296,0.00301
1078.96873,0.00246
1078.00451,0.00183
1077.04028,0.00187
1076.07606,0.00282
1075.11183,0.00405
1074.14760,0.00468
1073.18338,0.00454
1072.21915,0.00430
1071.25493,0.00460
1070.29070,0.00510
1069.32647,0.00478
1068.36225,0.00311
1067.39802,0.00074
1066.43380,-0.00108
1065.46957,-0.00166
1064.50535,-0.00119
1063.54112,-0.00014
1062.57689,0.00121
1061.61267,0.00269
1060.64844,0.00385
1059.68422,0.00418
1058.71999,0.00365
1057.75576,0.00290
1056.79154,0.00261
1055.82731,0.00283
1054.86309,0.00295
1053.89886,0.00243
1052.93463,0.00129
1051.97041,0.00009
1051.00618,-0.00064
1050.04196,-0.00059
1049.07773,0.00018
1048.11351,0.00132
1047.14928,0.00229
1046.18505,0.00257
1045.22083,0.00214
1044.25660,0.00147
1043.29238,0.00112
1042.32815,0.00125
1041.36392,0.00158
1040.39970,0.00179
1039.43547,0.00186
1038.47125,0.00191
1037.50702,0.00182
1036.54280,0.00127
1035.57857,0.00021
1034.61434,-0.00086
1033.65012,-0.00124
1032.68589,-0.00072
1031.72167,0.00022
1030.75744,0.00082
1029.79321,0.00089
1028.82899,0.00088
1027.86476,0.00140
1026.90054,0.00247
1025.93631,0.00356
1024.97209,0.00411
1024.00786,0.00404
1023.04363,0.00367
1022.07941,0.00331
1021.11518,0.00306
1020.15096,0.00294
1019.18673,0.00306
1018.22250,0.00340
1017.25828,0.00358
1016.29405,0.00305
1015.32983,0.00165
1014.36560,0.00003
1013.40137,-0.00083
1012.43715,-0.00048
1011.47292,0.00059
1010.50870,0.00143
1009.54447,0.00161
1008.58025,0.00147
1007.61602,0.00161
1006.65179,0.00209
1005.68757,0.00238
1004.72334,0.00191
1003.75912,0.00069
1002.79489,-0.00062
1001.83066,-0.00133
1000.86644,-0.00126
999.90221,-0.00075
998.93799,-0.00031
997.97376,-0.00015
997.00954,-0.00006
996.04531,0.00021
995.08108,0.00071
994.11686,0.00125
993.15263,0.00160
992.18841,0.00164
991.22418,0.00131
990.25995,0.00053
989.29573,-0.00055
988.33150,-0.00142
987.36728,-0.00145
986.40305,-0.00057
985.43882,0.00045
984.47460,0.00066
983.51037,-0.00018
982.54615,-0.00127
981.58192,-0.00168
980.61770,-0.00119
979.65347,-0.00023
978.68924,0.00087
977.72502,0.00215
976.76079,0.00339
975.79657,0.00376
974.83234,0.00252
973.86811,0.00028
972.90389,-0.00096
971.93966,0.00043
970.97544,0.00391
970.01121,0.00701
969.04699,0.00741
968.08276,0.00491
967.11853,0.00127
966.15431,-0.00142
965.19008,-0.00230
964.22586,-0.00192
963.26163,-0.00140
962.29740,-0.00159
961.33318,-0.00268
960.36895,-0.00405
959.40473,-0.00470
958.44050,-0.00417
957.47628,-0.00313
956.51205,-0.00307
955.54782,-0.00479
954.58360,-0.00734
953.61937,-0.00871
952.65515,-0.00759
951.69092,-0.00457
950.72669,-0.00142
949.76247,0.00064
948.79824,0.00169
947.83402,0.00234
946.86979,0.00268
945.90556,0.00232
944.94134,0.00131
943.97711,0.00046
943.01289,0.00076
942.04866,0.00237
941.08444,0.00455
940.12021,0.00636
939.15598,0.00726
938.19176,0.00697
937.22753,0.00535
936.26331,0.00255
935.29908,-0.00064
934.33485,-0.00304
933.37063,-0.00394
932.40640,-0.00356
931.44218,-0.00265
930.47795,-0.00167
929.51373,-0.00062
928.54950,0.00040
927.58527,0.00092
926.62105,0.00067
925.65682,0.00023
924.69260,0.00066
923.72837,0.00236
922.76414,0.00439
921.79992,0.00515
920.83569,0.00380
919.87147,0.00104
918.90724,-0.00153
917.94302,-0.00259
916.97879,-0.00175
916.01456,0.00063
915.05034,0.00381
914.08611,0.00690
913.12189,0.00895
912.15766,0.00925
911.19343,0.00767
910.22921,0.00476
909.26498,0.00164
908.30076,-0.00028
907.33653,0.00010
906.37230,0.00282
905.40808,0.00632
904.44385,0.00823
903.47963,0.00713
902.51540,0.00376
901.55118,0.00040
900.58695,-0.00122
899.62272,-0.00122
898.65850,-0.00090
897.69427,-0.00105
896.73005,-0.00121
895.76582,-0.00051
894.80159,0.00112
893.83737,0.00294
892.87314,0.00438
891.90892,0.00559
890.94469,0.00690
889.98047,0.00798
889.01624,0.00793
888.05201,0.00617
887.08779,0.00318
886.12356,0.00026
885.15934,-0.00135
884.19511,-0.00116
883.23088,0.00046
882.26666,0.00242
881.30243,0.00317
880.33821,0.00158
879.37398,-0.00195
878.40975,-0.00523
877.44553,-0.00561
876.48130,-0.00233
875.51708,0.00237
874.55285,0.00474
873.58863,0.00269
872.62440,-0.00239
871.66017,-0.00708
870.69595,-0.00882
869.73172,-0.00751
868.76750,-0.00458
867.80327,-0.00145
866.83904,0.00105
865.87482,0.00200
864.91059,0.00033
863.94637,-0.00425
862.98214,-0.01025
862.01792,-0.01493
861.05369,-0.01630
860.08946,-0.01455
859.12524,-0.01137
858.16101,-0.00814
857.19679,-0.00522
856.23256,-0.00270
855.26833,-0.00131
854.30411,-0.00189
853.33988,-0.00413
852.37566,-0.00627
851.41143,-0.00645
850.44721,-0.00438
849.48298,-0.00143
848.51875,0.00071
847.55453,0.00155
846.59030,0.00177
845.62608,0.00206
844.66185,0.00234
843.69762,0.00221
842.73340,0.00177
841.76917,0.00151
840.80495,0.00150
839.84072,0.00092
838.87649,-0.00116
837.91227,-0.00475
836.94804,-0.00870
835.98382,-0.01162
835.01959,-0.01285
834.05537,-0.01241
833.09114,-0.01045
832.12691,-0.00720
831.16269,-0.00359
830.19846,-0.00113
829.23424,-0.00070
828.27001,-0.00141
827.30578,-0.00130
826.34156,0.00056
825.37733,0.00287
824.41311,0.00355
823.44888,0.00229
822.48466,0.00130
821.52043,0.00317
820.55620,0.00813
819.59198,0.01341
818.62775,0.01551
817.66353,0.01285
816.69930,0.00680
815.73507,0.00071
814.77085,-0.00214
813.80662,-0.00053
812.84240,0.00403
811.87817,0.00836
810.91395,0.01002
809.94972,0.00885
808.98549,0.00644
808.02127,0.00420
807.05704,0.00210
806.09282,-0.00062
805.12859,-0.00376
804.16436,-0.00590
803.20014,-0.00587
802.23591,-0.00401
801.27169,-0.00157
800.30746,0.00058
799.34323,0.00234
798.37901,0.00358
797.41478,0.00370
796.45056,0.00237
795.48633,0.00054
794.52211,-0.00015
793.55788,0.00088
792.59365,0.00247
791.62943,0.00307
790.66520,0.00224
789.70098,0.00084
788.73675,-0.00024
787.77252,-0.00089
786.80830,-0.00132
785.84407,-0.00146
784.87985,-0.00117
783.91562,-0.00087
782.95140,-0.00136
781.98717,-0.00292
781.02294,-0.00488
780.05872,-0.00642
779.09449,-0.00736
778.13027,-0.00779
777.16604,-0.00714
776.20181,-0.00437
775.23759,0.00060
774.27336,0.00582
773.30914,0.00843
772.34491,0.00710
771.38068,0.00336
770.41646,0.00022
769.45223,-0.00045
768.48801,0.00071
767.52378,0.00157
766.55956,0.00068
765.59533,-0.00158
764.63110,-0.00366
763.66688,-0.00417
762.70265,-0.00286
761.73843,-0.00063
760.77420,0.00104
759.80997,0.00097
758.84575,-0.00099
757.88152,-0.00374
756.91730,-0.00545
755.95307,-0.00477
754.98885,-0.00196
754.02462,0.00118
753.06039,0.00283
752.09617,0.00268
751.13194,0.00191
750.16772,0.00184
749.20349,0.00265
748.23926,0.00351
747.27504,0.00361
746.31081,0.00284
745.34659,0.00152
744.38236,-0.00018
743.41814,-0.00215
742.45391,-0.00399
741.48968,-0.00504
740.52546,-0.00502
739.56123,-0.00433
738.59701,-0.00372
737.63278,-0.00357
736.66855,-0.00391
735.70433,-0.00469
734.74010,-0.00580
733.77588,-0.00671
732.81165,-0.00656
731.84742,-0.00505
730.88320,-0.00295
729.91897,-0.00147
728.95475,-0.00095
727.99052,-0.00072
727.02630,-0.00028
726.06207,-0.00032
725.09784,-0.00207
724.13362,-0.00557
723.16939,-0.00914
722.20517,-0.01061
721.24094,-0.00926
720.27671,-0.00628
719.31249,-0.00350
718.34826,-0.00209
717.38404,-0.00201
716.41981,-0.00228
715.45559,-0.00162
714.49136,0.00050
713.52713,0.00327
712.56291,0.00500
711.59868,0.00475
710.63446,0.00318
709.67023,0.00172
708.70600,0.00084
707.74178,-0.00028
706.77755,-0.00233
705.81333,-0.00453
704.84910,-0.00519
703.88487,-0.00355
702.92065,-0.00071
701.95642,0.00160
700.99220,0.00283
700.02797,0.00377
699.06375,0.00515
698.09952,0.00649
697.13529,0.00659
696.17107,0.00490
695.20684,0.00202
694.24262,-0.00104
693.27839,-0.00366
692.31416,-0.00548
691.34994,-0.00611
690.38571,-0.00538
689.42149,-0.00383
688.45726,-0.00240
687.49304,-0.00154
686.52881,-0.00090
685.56458,-0.00008
684.60036,0.00069
683.63613,0.00086
682.67191,0.00038
681.70768,-0.00026
680.74345,-0.00077
679.77923,-0.00144
678.81500,-0.00244
677.85078,-0.00313
676.88655,-0.00261
675.92233,-0.00088
674.95810,0.00085
673.99387,0.00133
673.02965,0.00049
672.06542,-0.00061
671.10120,-0.00083
670.13697,0.00019
669.17274,0.00190
668.20852,0.00303
667.24429,0.00202
666.28007,-0.00181
665.31584,-0.00724
664.35161,-0.01157
663.38739,-0.01236
662.42316,-0.00900
661.45894,-0.00328
660.49471,0.00194
659.53049,0.00500
658.56626,0.00608
657.60203,0.00605
656.63781,0.00524
655.67358,0.00326
654.70936,-0.00025
653.74513,-0.00480
652.78090,-0.00904
651.81668,-0.01118
650.85245,-0.00995
649.88823,-0.00531
648.92400,0.00120
647.95978,0.00705
646.99555,0.00997
646.03132,0.00927
645.06710,0.00601
644.10287,0.00221
643.13865,-0.00021
642.17442,-0.00024
641.21019,0.00185
640.24597,0.00458
639.28174,0.00619
638.31752,0.00572
637.35329,0.00365
636.38907,0.00118
635.42484,-0.00083
634.46061,-0.00196
633.49639,-0.00184
632.53216,-0.00003
631.56794,0.00336
630.60371,0.00694
629.63948,0.00886
628.67526,0.00823
627.71103,0.00607
626.74681,0.00448
625.78258,0.00465
624.81835,0.00594
623.85413,0.00682
622.88990,0.00646
621.92568,0.00530
620.96145,0.00419
619.99723,0.00338
619.03300,0.00243
618.06877,0.00125
617.10455,0.00100
616.14032,0.00338
615.17610,0.00860
614.21187,0.01403
613.24764,0.01570
612.28342,0.01179
611.31919,0.00451
610.35497,-0.00156
609.39074,-0.00362
608.42652,-0.00283
607.46229,-0.00221
606.49806,-0.00324
605.53384,-0.00502
604.56961,-0.00621
603.60539,-0.00619
602.64116,-0.00414
601.67693,0.00098
600.71271,0.00834
599.74848,0.01363
598.78426,0.01188
597.82003,0.00245
596.85580,-0.00973
595.89158,-0.01852
594.92735,-0.02244
593.96313,-0.02457
592.99890,-0.02683
592.03468,-0.02651
591.07045,-0.02014
590.10622,-0.00975
589.14200,-0.00221
588.17777,-0.00166
587.21355,-0.00444
586.24932,-0.00346
585.28509,0.00342
584.32087,0.01085
583.35664,0.01165
582.39242,0.00525
581.42819,-0.00159
580.46397,-0.00236
579.49974,0.00226
578.53551,0.00635
577.57129,0.00593
576.60706,0.00280
575.64284,0.00187
574.67861,0.00583
573.71438,0.01321
572.75016,0.02032
571.78593,0.02386
570.82171,0.02184
569.85748,0.01410
568.89326,0.00300
567.92903,-0.00724
566.96480,-0.01280
566.00058,-0.01272
565.03635,-0.00930
564.07213,-0.00587
563.10790,-0.00324
562.14367,0.00072
561.17945,0.00775
560.21522,0.01803
559.25100,0.03129
558.28677,0.04773
557.32254,0.06668
556.35832,0.08250
555.39409,0.08438
554.42987,0.06614
553.46564,0.03533
552.50142,0.00840
551.53719,-0.00294
550.57296,0.00207
549.60874,0.02058
548.64451,0.04964
547.68029,0.08385
546.71606,0.10894
545.75183,0.10299
544.78761,0.05606
543.82338,-0.00782
542.85916,-0.04549
541.89493,-0.04138
540.93071,-0.02673
539.96648,-0.03089
539.00225,-0.05340
538.03803,-0.05151
537.07380,0.00820
536.10958,0.10720
535.14535,0.19799
534.18112,0.24502
533.21690,0.23994
532.25267,0.20107
531.28845,0.15492
530.32422,0.11971
529.36000,0.09661
528.39577,0.07208
527.43154,0.03099
526.46732,-0.03381
525.50309,-0.09470
524.53887,-0.10485
523.57464,-0.01280
522.61041,0.19676
521.64619,0.32266
520.68196,0.34304
519.71774,0.35880
518.75351,0.32495
517.78928,0.21879
516.82506,0.08341
515.86083,-0.00082
514.89661,0.00504
513.93238,0.05010
512.96816,0.09078
512.00393,0.12262
511.03970,0.15979
510.07548,0.18509
509.11125,0.16139
508.14703,0.09900
507.18280,0.05747
506.21857,0.08336
505.25435,0.17203
504.29012,0.28076
503.32590,0.35451
502.36167,0.34023
501.39745,0.26260
500.43322,0.18744
499.46899,0.14695
498.50477,0.13017
497.54054,0.11413
496.57632,0.06504
495.61209,-0.01726
494.64786,-0.11446
493.68364,-0.18052
492.71941,-0.14851
491.75519,0.01986
490.79096,0.28066
489.82673,0.50469
488.86251,0.56127
487.89828,0.44918
486.93406,0.28842
485.96983,0.14254
485.00561,0.07074
484.04138,0.06097
483.07715,0.10638
482.11293,0.20754
481.14870,0.34430
480.18448,0.36047
479.22025,0.30262
478.25602,0.29853
477.29180,0.35527
476.32757,0.40155
475.36335,0.34847
474.39912,0.19872
473.43490,0.06264
472.47067,0.00174
471.50644,0.01005
470.54222,0.01808
469.57799,-0.00775
468.61377,-0.00175
467.64954,0.06702
466.68531,0.15236
465.72109,0.17403
464.75686,0.11592
463.79264,0.04259
462.82841,0.01044
461.86419,0.04139
460.89996,0.11157
459.93573,0.18630
458.97151,0.23180
458.00728,0.27696
457.04306,0.30429
456.07883,0.32954
455.11460,0.35244
454.15038,0.35201
453.18615,0.28875
452.22193,0.18058
451.25770,0.12781
450.29347,0.16144
449.32925,0.21000
448.36502,0.22949
447.40080,0.18932
446.43657,0.07111
445.47235,-0.08976
444.50812,-0.16585
443.54389,-0.10092
442.57967,-0.01037
441.61544,0.03651
440.65122,0.03457
439.68699,0.00141
438.72276,-0.01928
437.75854,0.03471
436.79431,0.17267
435.83009,0.35457
434.86586,0.49944
433.90164,0.51487
432.93741,0.42831
431.97318,0.30814
431.00896,0.17374
430.04473,-0.00023
429.08051,-0.22194
428.11628,-0.46319
427.15205,-0.54330
426.18783,-0.30242
425.22360,-0.07115
424.25938,-0.02976
423.29515,-0.10122
422.33092,-0.14310
421.36670,-0.09929
420.40247,0.04342
419.43825,0.25708
418.47402,0.45722
417.50980,0.49577
416.54557,0.38512
415.58134,0.28808
414.61712,0.25336
413.65289,0.18149
412.68867,0.02152
411.72444,-0.20683
410.76021,-0.44108
409.79599,-0.59234
408.83176,-0.58909
407.86754,-0.49946
406.90331,-0.37938
405.93909,-0.24254
404.97486,-0.13069
404.01063,-0.09159
403.04641,-0.13448
402.08218,-0.21577
401.11796,-0.28723
400.15373,-0.30052
399.18950,-0.19874
398.22528,-0.05034
397.26105,0.02152
396.29683,0.05532
395.33260,0.04929
394.36838,0.06376
393.40415,0.12448
392.43992,0.19524
391.47570,0.21588
390.51147,0.16560
389.54725,0.07855
388.58302,0.00772
387.61879,-0.07725
386.65457,-0.18973
385.69034,-0.30820
384.72612,-0.33133
383.76189,-0.18753
382.79766,0.08045
381.83344,0.42937
380.86921,0.88618
379.90499,2.06232
378.94076,6.00000
377.97654,1.22655
377.01231,0.86805
376.04808,0.71832
375.08386,0.62239
374.11963,0.50261
373.15541,0.35690
372.19118,0.20958
371.22695,0.16068
370.26273,0.19124
369.29850,0.19841
368.33428,0.15613
367.37005,0.07864
366.40583,-0.03116
365.44160,-0.18888
364.47737,-0.38923
363.51315,-0.51451
362.54892,-0.48315
361.58470,-0.48724
360.62047,-0.30617
359.65624,0.18351
358.69202,6.00000
357.72779,6.00000
356.76357,6.00000
355.79934,0.49740
354.83512,0.08650
353.87089,-0.02380
352.90666,-0.01670
351.94244,0.11577
350.97821,0.25818
350.01399,0.31954
349.04976,0.32110
