3946.57643,0.00188
3945.61220,0.00105
3944.64798,0.00031
3943.68375,0.00004
3942.71953,0.00018
3941.75530,0.00026
3940.79107,-0.00008
3939.82685,-0.00062
3938.86262,-0.00080
3937.89840,-0.00034
3936.93417,0.00039
3935.96994,0.00082
3935.00572,0.00074
3934.04149,0.00045
3933.07727,0.00025
3932.11304,0.00004
3931.14882,-0.00046
3930.18459,-0.00128
3929.22036,-0.00205
3928.25614,-0.00241
3927.29191,-0.00240
3926.32769,-0.00232
3925.36346,-0.00236
3924.39923,-0.00240
3923.43501,-0.00231
3922.47078,-0.00213
3921.50656,-0.00203
3920.54233,-0.00203
3919.57811,-0.00197
3918.61388,-0.00167
3917.64965,-0.00118
3916.68543,-0.00068
3915.72120,-0.00030
3914.75698,-0.00009
3913.79275,-0.00007
3912.82852,-0.00023
3911.86430,-0.00049
3910.90007,-0.00062
3909.93585,-0.00045
3908.97162,0.00000
3908.00739,0.00046
3907.04317,0.00065
3906.07894,0.00055
3905.11472,0.00040
3904.15049,0.00047
3903.18627,0.00070
3902.22204,0.00072
3901.25781,0.00012
3900.29359,-0.00104
3899.32936,-0.00211
3898.36514,-0.00239
3897.40091,-0.00172
3896.43668,-0.00064
3895.47246,0.00015
3894.50823,0.00042
3893.54401,0.00046
3892.57978,0.00049
3891.61556,0.00030
3890.65133,-0.00053
3889.68710,-0.00192
3888.72288,-0.00318
3887.75865,-0.00351
3886.79443,-0.00275
3885.83020,-0.00144
3884.86597,-0.00035
3883.90175,0.00017
3882.93752,0.00029
3881.97330,0.00027
3881.00907,0.00021
3880.04485,0.00003
3879.08062,-0.00029
3878.11639,-0.00068
3877.15217,-0.00097
3876.18794,-0.00106
3875.22372,-0.00093
3874.25949,-0.00069
3873.29526,-0.00055
3872.33104,-0.00068
3871.36681,-0.00115
3870.40259,-0.00178
3869.43836,-0.00228
3868.47413,-0.00240
3867.50991,-0.00211
3866.54568,-0.00154
3865.58146,-0.00089
3864.61723,-0.00039
3863.65301,-0.00019
3862.68878,-0.00045
3861.72455,-0.00117
3860.76033,-0.00220
3859.79610,-0.00315
3858.83188,-0.00355
3857.86765,-0.00316
3856.90342,-0.00214
3855.93920,-0.00102
3854.97497,-0.00031
3854.01075,-0.00022
3853.04652,-0.00057
3852.08230,-0.00107
3851.11807,-0.00155
3850.15384,-0.00204
3849.18962,-0.00252
3848.22539,-0.00291
3847.26117,-0.00305
3846.29694,-0.00279
3845.33271,-0.00213
3844.36849,-0.00122
3843.40426,-0.00039
3842.44004,0.00003
3841.47581,-0.00012
3840.51159,-0.00061
3839.54736,-0.00103
3838.58313,-0.00112
3837.61891,-0.00100
3836.65468,-0.00104
3835.69046,-0.00141
3834.72623,-0.00196
3833.76200,-0.00229
3832.79778,-0.00217
3831.83355,-0.00168
3830.86933,-0.00112
3829.90510,-0.00079
3828.94087,-0.00078
3827.97665,-0.00102
3827.01242,-0.00135
3826.04820,-0.00166
3825.08397,-0.00191
3824.11975,-0.00212
3823.15552,-0.00224
3822.19129,-0.00221
3821.22707,-0.00200
3820.26284,-0.00171
3819.29862,-0.00154
3818.33439,-0.00159
3817.37016,-0.00181
3816.40594,-0.00201
3815.44171,-0.00200
3814.47749,-0.00172
3813.51326,-0.00125
3812.54904,-0.00082
3811.58481,-0.00066
3810.62058,-0.00086
3809.65636,-0.00130
3808.69213,-0.00169
3807.72791,-0.00180
3806.76368,-0.00162
3805.79945,-0.00130
3804.83523,-0.00090
3803.87100,-0.00039
3802.90678,0.00018
3801.94255,0.00063
3800.97832,0.00073
3800.01410,0.00043
3799.04987,-0.00008
3798.08565,-0.00059
3797.12142,-0.00104
3796.15720,-0.00142
3795.19297,-0.00165
3794.22874,-0.00158
3793.26452,-0.00118
3792.30029,-0.00064
3791.33607,-0.00018
3790.37184,0.00005
3789.40761,0.00004
3788.44339,-0.00025
3787.47916,-0.00082
3786.51494,-0.00157
3785.55071,-0.00219
3784.58649,-0.00243
3783.62226,-0.00226
3782.65803,-0.00187
3781.69381,-0.00147
3780.72958,-0.00111
3779.76536,-0.00071
3778.80113,-0.00032
3777.83690,-0.00007
3776.87268,-0.00003
3775.90845,-0.00010
3774.94423,-0.00010
3773.98000,0.00001
3773.01578,0.00003
3772.05155,-0.00027
3771.08732,-0.00099
3770.12310,-0.00190
3769.15887,-0.00261
3768.19465,-0.00281
3767.23042,-0.00238
3766.26619,-0.00150
3765.30197,-0.00046
3764.33774,0.00044
3763.37352,0.00104
3762.40929,0.00122
3761.44506,0.00097
3760.48084,0.00037
3759.51661,-0.00037
3758.55239,-0.00098
3757.58816,-0.00130
3756.62394,-0.00133
3755.65971,-0.00118
3754.69548,-0.00093
3753.73126,-0.00064
3752.76703,-0.00041
3751.80281,-0.00039
3750.83858,-0.00061
3749.87435,-0.00092
3748.91013,-0.00105
3747.94590,-0.00091
3746.98168,-0.00075
3746.01745,-0.00088
3745.05323,-0.00136
3744.08900,-0.00183
3743.12477,-0.00188
3742.16055,-0.00140
3741.19632,-0.00072
3740.23210,-0.00027
3739.26787,-0.00027
3738.30364,-0.00061
3737.33942,-0.00105
3736.37519,-0.00138
3735.41097,-0.00150
3734.44674,-0.00146
3733.48251,-0.00134
3732.51829,-0.00131
3731.55406,-0.00150
3730.58984,-0.00193
3729.62561,-0.00237
3728.66139,-0.00250
3727.69716,-0.00212
3726.73293,-0.00136
3725.76871,-0.00055
3724.80448,-0.00001
3723.84026,0.00011
3722.87603,-0.00012
3721.91180,-0.00056
3720.94758,-0.00103
3719.98335,-0.00139
3719.01913,-0.00150
3718.05490,-0.00136
3717.09068,-0.00108
3716.12645,-0.00084
3715.16222,-0.00073
3714.19800,-0.00070
3713.23377,-0.00063
3712.26955,-0.00045
3711.30532,-0.00019
3710.34109,0.00004
3709.37687,0.00011
3708.41264,-0.00008
3707.44842,-0.00053
3706.48419,-0.00110
3705.51997,-0.00150
3704.55574,-0.00147
3703.59151,-0.00097
3702.62729,-0.00023
3701.66306,0.00036
3700.69884,0.00049
3699.73461,0.00014
3698.77038,-0.00047
3697.80616,-0.00103
3696.84193,-0.00128
3695.87771,-0.00116
3694.91348,-0.00075
3693.94925,-0.00028
3692.98503,0.00010
3692.02080,0.00039
3691.05658,0.00069
3690.09235,0.00104
3689.12813,0.00130
3688.16390,0.00121
3687.19967,0.00066
3686.23545,-0.00011
3685.27122,-0.00070
3684.30700,-0.00079
3683.34277,-0.00041
3682.37854,0.00011
3681.41432,0.00040
3680.45009,0.00036
3679.48587,0.00014
3678.52164,-0.00008
3677.55742,-0.00024
3676.59319,-0.00037
3675.62896,-0.00044
3674.66474,-0.00032
3673.70051,0.00006
3672.73629,0.00052
3671.77206,0.00078
3670.80783,0.00076
3669.84361,0.00065
3668.87938,0.00076
3667.91516,0.00115
3666.95093,0.00155
3665.98671,0.00166
3665.02248,0.00146
3664.05825,0.00124
3663.09403,0.00123
3662.12980,0.00142
3661.16558,0.00164
3660.20135,0.00180
3659.23712,0.00203
3658.27290,0.00247
3657.30867,0.00303
3656.34445,0.00342
3655.38022,0.00341
3654.41599,0.00306
3653.45177,0.00260
3652.48754,0.00219
3651.52332,0.00187
3650.55909,0.00162
3649.59487,0.00144
3648.63064,0.00134
3647.66641,0.00119
3646.70219,0.00093
3645.73796,0.00069
3644.77374,0.00078
3643.80951,0.00137
3642.84528,0.00227
3641.88106,0.00293
3640.91683,0.00287
3639.95261,0.00214
3638.98838,0.00128
3638.02416,0.00091
3637.05993,0.00125
3636.09570,0.00202
3635.13148,0.00266
3634.16725,0.00276
3633.20303,0.00234
3632.23880,0.00173
3631.27457,0.00139
3630.31035,0.00155
3629.34612,0.00208
3628.38190,0.00260
3627.41767,0.00283
3626.45344,0.00275
3625.48922,0.00262
3624.52499,0.00264
3623.56077,0.00287
3622.59654,0.00321
3621.63232,0.00351
3620.66809,0.00367
3619.70386,0.00360
3618.73964,0.00325
3617.77541,0.00270
3616.81119,0.00215
3615.84696,0.00181
3614.88273,0.00177
3613.91851,0.00196
3612.95428,0.00230
3611.99006,0.00275
3611.02583,0.00331
3610.06161,0.00389
3609.09738,0.00426
3608.13315,0.00422
3607.16893,0.00374
3606.20470,0.00304
3605.24048,0.00247
3604.27625,0.00224
3603.31202,0.00241
3602.34780,0.00285
3601.38357,0.00339
3600.41935,0.00389
3599.45512,0.00425
3598.49090,0.00439
3597.52667,0.00423
3596.56244,0.00382
3595.59822,0.00335
3594.63399,0.00312
3593.66977,0.00333
3592.70554,0.00384
3591.74131,0.00436
3590.77709,0.00463
3589.81286,0.00462
3588.84864,0.00440
3587.88441,0.00409
3586.92018,0.00382
3585.95596,0.00377
3584.99173,0.00407
3584.02751,0.00460
3583.06328,0.00502
3582.09906,0.00504
3581.13483,0.00474
3580.17060,0.00450
3579.20638,0.00462
3578.24215,0.00496
3577.27793,0.00513
3576.31370,0.00491
3575.34947,0.00446
3574.38525,0.00413
3573.42102,0.00402
3572.45680,0.00400
3571.49257,0.00391
3570.52835,0.00377
3569.56412,0.00365
3568.59989,0.00356
3567.63567,0.00339
3566.67144,0.00316
3565.70722,0.00303
3564.74299,0.00321
3563.77876,0.00368
3562.81454,0.00424
3561.85031,0.00466
3560.88609,0.00488
3559.92186,0.00491
3558.95764,0.00475
3557.99341,0.00444
3557.02918,0.00412
3556.06496,0.00404
3555.10073,0.00424
3554.13651,0.00445
3553.17228,0.00425
3552.20805,0.00354
3551.24383,0.00268
3550.27960,0.00223
3549.31538,0.00244
3548.35115,0.00309
3547.38692,0.00371
3546.42270,0.00403
3545.45847,0.00410
3544.49425,0.00408
3543.53002,0.00405
3542.56580,0.00403
3541.60157,0.00410
3540.63734,0.00443
3539.67312,0.00501
3538.70889,0.00562
3537.74467,0.00599
3536.78044,0.00609
3535.81621,0.00614
3534.85199,0.00631
3533.88776,0.00650
3532.92354,0.00643
3531.95931,0.00595
3530.99509,0.00526
3530.03086,0.00468
3529.06663,0.00446
3528.10241,0.00453
3527.13818,0.00466
3526.17396,0.00461
3525.20973,0.00427
3524.24550,0.00369
3523.28128,0.00317
3522.31705,0.00306
3521.35283,0.00355
3520.38860,0.00447
3519.42437,0.00540
3518.46015,0.00594
3517.49592,0.00593
3516.53170,0.00555
3515.56747,0.00508
3514.60325,0.00475
3513.63902,0.00465
3512.67479,0.00475
3511.71057,0.00495
3510.74634,0.00513
3509.78212,0.00519
3508.81789,0.00511
3507.85366,0.00493
3506.88944,0.00475
3505.92521,0.00464
3504.96099,0.00460
3503.99676,0.00458
3503.03254,0.00450
3502.06831,0.00434
3501.10408,0.00421
3500.13986,0.00429
3499.17563,0.00467
3498.21141,0.00529
3497.24718,0.00591
3496.28295,0.00625
3495.31873,0.00616
3494.35450,0.00565
3493.39028,0.00492
3492.42605,0.00429
3491.46183,0.00402
3490.49760,0.00413
3489.53337,0.00441
3488.56915,0.00460
3487.60492,0.00459
3486.64070,0.00447
3485.67647,0.00435
3484.71224,0.00431
3483.74802,0.00434
3482.78379,0.00445
3481.81957,0.00461
3480.85534,0.00477
3479.89111,0.00481
3478.92689,0.00466
3477.96266,0.00444
3476.99844,0.00425
3476.03421,0.00417
3475.06999,0.00417
3474.10576,0.00431
3473.14153,0.00472
3472.17731,0.00548
3471.21308,0.00647
3470.24886,0.00738
3469.28463,0.00796
3468.32040,0.00815
3467.35618,0.00800
3466.39195,0.00761
3465.42773,0.00709
3464.46350,0.00659
3463.49928,0.00629
3462.53505,0.00622
3461.57082,0.00627
3460.60660,0.00633
3459.64237,0.00639
3458.67815,0.00650
3457.71392,0.00664
3456.74969,0.00671
3455.78547,0.00668
3454.82124,0.00664
3453.85702,0.00661
3452.89279,0.00646
3451.92856,0.00604
3450.96434,0.00539
3450.00011,0.00486
3449.03589,0.00478
3448.07166,0.00506
3447.10744,0.00525
3446.14321,0.00493
3445.17898,0.00416
3444.21476,0.00348
3443.25053,0.00346
3442.28631,0.00423
3441.32208,0.00537
3440.35785,0.00617
3439.39363,0.00621
3438.42940,0.00558
3437.46518,0.00482
3436.50095,0.00447
3435.53673,0.00471
3434.57250,0.00534
3433.60827,0.00604
3432.64405,0.00665
3431.67982,0.00715
3430.71560,0.00753
3429.75137,0.00763
3428.78714,0.00733
3427.82292,0.00668
3426.85869,0.00596
3425.89447,0.00551
3424.93024,0.00547
3423.96602,0.00570
3423.00179,0.00591
3422.03756,0.00589
3421.07334,0.00569
3420.10911,0.00550
3419.14489,0.00548
3418.18066,0.00550
3417.21643,0.00531
3416.25221,0.00487
3415.28798,0.00450
3414.32376,0.00457
3413.35953,0.00506
3412.39530,0.00555
3411.43108,0.00564
3410.46685,0.00541
3409.50263,0.00533
3408.53840,0.00576
3407.57418,0.00653
3406.60995,0.00721
3405.64572,0.00754
3404.68150,0.00763
3403.71727,0.00763
3402.75305,0.00747
3401.78882,0.00705
3400.82459,0.00652
3399.86037,0.00634
3398.89614,0.00681
3397.93192,0.00774
3396.96769,0.00855
3396.00347,0.00876
3395.03924,0.00838
3394.07501,0.00775
3393.11079,0.00724
3392.14656,0.00705
3391.18234,0.00718
3390.21811,0.00754
3389.25388,0.00794
3388.28966,0.00815
3387.32543,0.00801
3386.36121,0.00755
3385.39698,0.00700
3384.43276,0.00654
3383.46853,0.00620
3382.50430,0.00592
3381.54008,0.00572
3380.57585,0.00568
3379.61163,0.00585
3378.64740,0.00619
3377.68317,0.00649
3376.71895,0.00652
3375.75472,0.00617
3374.79050,0.00546
3373.82627,0.00458
3372.86204,0.00384
3371.89782,0.00350
3370.93359,0.00365
3369.96937,0.00410
3369.00514,0.00449
3368.04092,0.00459
3367.07669,0.00443
3366.11246,0.00426
3365.14824,0.00429
3364.18401,0.00457
3363.21979,0.00496
3362.25556,0.00541
3361.29133,0.00591
3360.32711,0.00646
3359.36288,0.00687
3358.39866,0.00690
3357.43443,0.00643
3356.47021,0.00561
3355.50598,0.00478
3354.54175,0.00424
3353.57753,0.00418
3352.61330,0.00459
3351.64908,0.00535
3350.68485,0.00614
3349.72062,0.00662
3348.75640,0.00655
3347.79217,0.00601
3346.82795,0.00536
3345.86372,0.00492
3344.89949,0.00479
3343.93527,0.00485
3342.97104,0.00502
3342.00682,0.00534
3341.04259,0.00587
3340.07837,0.00649
3339.11414,0.00690
3338.14991,0.00686
3337.18569,0.00636
3336.22146,0.00567
3335.25724,0.00518
3334.29301,0.00511
3333.32878,0.00545
3332.36456,0.00597
3331.40033,0.00640
3330.43611,0.00654
3329.47188,0.00637
3328.50766,0.00602
3327.54343,0.00563
3326.57920,0.00531
3325.61498,0.00511
3324.65075,0.00511
3323.68653,0.00533
3322.72230,0.00575
3321.75807,0.00622
3320.79385,0.00654
3319.82962,0.00658
3318.86540,0.00636
3317.90117,0.00604
3316.93695,0.00586
3315.97272,0.00598
3315.00849,0.00635
3314.04427,0.00669
3313.08004,0.00668
3312.11582,0.00627
3311.15159,0.00576
3310.18736,0.00559
3309.22314,0.00599
3308.25891,0.00676
3307.29469,0.00751
3306.33046,0.00795
3305.36623,0.00807
3304.40201,0.00802
3303.43778,0.00795
3302.47356,0.00788
3301.50933,0.00777
3300.54511,0.00753
3299.58088,0.00707
3298.61665,0.00639
3297.65243,0.00568
3296.68820,0.00524
3295.72398,0.00526
3294.75975,0.00566
3293.79552,0.00612
3292.83130,0.00638
3291.86707,0.00638
3290.90285,0.00625
3289.93862,0.00612
3288.97440,0.00599
3288.01017,0.00577
3287.04594,0.00544
3286.08172,0.00510
3285.11749,0.00494
3284.15327,0.00502
3283.18904,0.00525
3282.22481,0.00538
3281.26059,0.00521
3280.29636,0.00481
3279.33214,0.00448
3278.36791,0.00448
3277.40369,0.00476
3276.43946,0.00503
3275.47523,0.00510
3274.51101,0.00509
3273.54678,0.00527
3272.58256,0.00572
3271.61833,0.00618
3270.65410,0.00635
3269.68988,0.00623
3268.72565,0.00615
3267.76143,0.00636
3266.79720,0.00678
3265.83297,0.00713
3264.86875,0.00715
3263.90452,0.00682
3262.94030,0.00628
3261.97607,0.00574
3261.01185,0.00538
3260.04762,0.00533
3259.08339,0.00555
3258.11917,0.00582
3257.15494,0.00592
3256.19072,0.00582
3255.22649,0.00567
3254.26226,0.00561
3253.29804,0.00562
3252.33381,0.00560
3251.36959,0.00556
3250.40536,0.00560
3249.44114,0.00575
3248.47691,0.00582
3247.51268,0.00561
3246.54846,0.00510
3245.58423,0.00452
3244.62001,0.00416
3243.65578,0.00420
3242.69155,0.00463
3241.72733,0.00529
3240.76310,0.00587
3239.79888,0.00604
3238.83465,0.00562
3237.87042,0.00487
3236.90620,0.00426
3235.94197,0.00413
3234.97775,0.00443
3234.01352,0.00478
3233.04930,0.00488
3232.08507,0.00473
3231.12084,0.00456
3230.15662,0.00460
3229.19239,0.00495
3228.22817,0.00551
3227.26394,0.00600
3226.29971,0.00612
3225.33549,0.00572
3224.37126,0.00498
3223.40704,0.00427
3222.44281,0.00385
3221.47859,0.00371
3220.51436,0.00374
3219.55013,0.00390
3218.58591,0.00424
3217.62168,0.00468
3216.65746,0.00497
3215.69323,0.00495
3214.72900,0.00471
3213.76478,0.00450
3212.80055,0.00440
3211.83633,0.00431
3210.87210,0.00417
3209.90788,0.00413
3208.94365,0.00440
3207.97942,0.00493
3207.01520,0.00534
3206.05097,0.00533
3205.08675,0.00492
3204.12252,0.00447
3203.15829,0.00430
3202.19407,0.00447
3201.22984,0.00484
3200.26562,0.00516
3199.30139,0.00523
3198.33716,0.00495
3197.37294,0.00444
3196.40871,0.00399
3195.44449,0.00386
3194.48026,0.00414
3193.51604,0.00468
3192.55181,0.00530
3191.58758,0.00589
3190.62336,0.00635
3189.65913,0.00654
3188.69491,0.00639
3187.73068,0.00601
3186.76645,0.00566
3185.80223,0.00547
3184.83800,0.00531
3183.87378,0.00497
3182.90955,0.00443
3181.94533,0.00392
3180.98110,0.00362
3180.01687,0.00354
3179.05265,0.00353
3178.08842,0.00351
3177.12420,0.00351
3176.15997,0.00359
3175.19574,0.00370
3174.23152,0.00380
3173.26729,0.00388
3172.30307,0.00396
3171.33884,0.00402
3170.37461,0.00398
3169.41039,0.00380
3168.44616,0.00352
3167.48194,0.00319
3166.51771,0.00285
3165.55349,0.00258
3164.58926,0.00250
3163.62503,0.00269
3162.66081,0.00312
3161.69658,0.00366
3160.73236,0.00420
3159.76813,0.00467
3158.80390,0.00496
3157.83968,0.00493
3156.87545,0.00456
3155.91123,0.00405
3154.94700,0.00368
3153.98278,0.00355
3153.01855,0.00353
3152.05432,0.00347
3151.09010,0.00334
3150.12587,0.00325
3149.16165,0.00321
3148.19742,0.00312
3147.23319,0.00295
3146.26897,0.00282
3145.30474,0.00289
3144.34052,0.00312
3143.37629,0.00329
3142.41207,0.00328
3141.44784,0.00320
3140.48361,0.00327
3139.51939,0.00356
3138.55516,0.00386
3137.59094,0.00388
3136.62671,0.00356
3135.66248,0.00307
3134.69826,0.00269
3133.73403,0.00266
3132.76981,0.00301
3131.80558,0.00352
3130.84135,0.00388
3129.87713,0.00384
3128.91290,0.00345
3127.94868,0.00291
3126.98445,0.00244
3126.02023,0.00209
3125.05600,0.00188
3124.09177,0.00186
3123.12755,0.00210
3122.16332,0.00253
3121.19910,0.00293
3120.23487,0.00314
3119.27064,0.00317
3118.30642,0.00311
3117.34219,0.00301
3116.37797,0.00280
3115.41374,0.00255
3114.44952,0.00244
3113.48529,0.00259
3112.52106,0.00287
3111.55684,0.00302
3110.59261,0.00291
3109.62839,0.00266
3108.66416,0.00246
3107.69993,0.00235
3106.73571,0.00224
3105.77148,0.00219
3104.80726,0.00230
3103.84303,0.00256
3102.87881,0.00276
3101.91458,0.00268
3100.95035,0.00235
3099.98613,0.00209
3099.02190,0.00213
3098.05768,0.00236
3097.09345,0.00254
3096.12922,0.00254
3095.16500,0.00241
3094.20077,0.00231
3093.23655,0.00231
3092.27232,0.00241
3091.30809,0.00262
3090.34387,0.00291
3089.37964,0.00313
3088.41542,0.00307
3087.45119,0.00266
3086.48697,0.00208
3085.52274,0.00162
3084.55851,0.00144
3083.59429,0.00146
3082.63006,0.00156
3081.66584,0.00168
3080.70161,0.00183
3079.73738,0.00195
3078.77316,0.00194
3077.80893,0.00170
3076.84471,0.00131
3075.88048,0.00091
3074.91626,0.00065
3073.95203,0.00061
3072.98780,0.00081
3072.02358,0.00119
3071.05935,0.00165
3070.09513,0.00205
3069.13090,0.00229
3068.16667,0.00236
3067.20245,0.00230
3066.23822,0.00218
3065.27400,0.00204
3064.30977,0.00197
3063.34554,0.00204
3062.38132,0.00229
3061.41709,0.00263
3060.45287,0.00289
3059.48864,0.00292
3058.52442,0.00272
3057.56019,0.00239
3056.59596,0.00210
3055.63174,0.00196
3054.66751,0.00198
3053.70329,0.00205
3052.73906,0.00204
3051.77483,0.00198
3050.81061,0.00200
3049.84638,0.00222
3048.88216,0.00259
3047.91793,0.00285
3046.95371,0.00278
3045.98948,0.00235
3045.02525,0.00179
3044.06103,0.00142
3043.09680,0.00136
3042.13258,0.00152
3041.16835,0.00169
3040.20412,0.00168
3039.23990,0.00150
3038.27567,0.00129
3037.31145,0.00127
3036.34722,0.00149
3035.38300,0.00179
3034.41877,0.00187
3033.45454,0.00159
3032.49032,0.00110
3031.52609,0.00071
3030.56187,0.00063
3029.59764,0.00082
3028.63341,0.00106
3027.66919,0.00117
3026.70496,0.00115
3025.74074,0.00110
3024.77651,0.00111
3023.81228,0.00119
3022.84806,0.00132
3021.88383,0.00145
3020.91961,0.00154
3019.95538,0.00154
3018.99116,0.00147
3018.02693,0.00146
3017.06270,0.00163
3016.09848,0.00194
3015.13425,0.00219
3014.17003,0.00212
3013.20580,0.00173
3012.24157,0.00120
3011.27735,0.00080
3010.31312,0.00065
3009.34890,0.00065
3008.38467,0.00068
3007.42045,0.00068
3006.45622,0.00073
3005.49199,0.00092
3004.52777,0.00125
3003.56354,0.00157
3002.59932,0.00173
3001.63509,0.00168
3000.67086,0.00150
2999.70664,0.00137
2998.74241,0.00136
2997.77819,0.00142
2996.81396,0.00141
2995.84974,0.00120
2994.88551,0.00078
2993.92128,0.00027
2992.95706,-0.00015
2991.99283,-0.00037
2991.02861,-0.00034
2990.06438,-0.00010
2989.10015,0.00029
2988.13593,0.00075
2987.17170,0.00119
2986.20748,0.00149
2985.24325,0.00152
2984.27902,0.00126
2983.31480,0.00078
2982.35057,0.00025
2981.38635,-0.00011
2980.42212,-0.00019
2979.45790,-0.00003
2978.49367,0.00018
2977.52944,0.00026
2976.56522,0.00010
2975.60099,-0.00018
2974.63677,-0.00037
2973.67254,-0.00024
2972.70831,0.00023
2971.74409,0.00085
2970.77986,0.00136
2969.81564,0.00160
2968.85141,0.00161
2967.88719,0.00156
2966.92296,0.00152
2965.95873,0.00151
2964.99451,0.00145
2964.03028,0.00132
2963.06606,0.00117
2962.10183,0.00100
2961.13760,0.00086
2960.17338,0.00076
2959.20915,0.00075
2958.24493,0.00085
2957.28070,0.00104
2956.31647,0.00123
2955.35225,0.00134
2954.38802,0.00134
2953.42380,0.00124
2952.45957,0.00109
2951.49535,0.00094
2950.53112,0.00088
2949.56689,0.00091
2948.60267,0.00095
2947.63844,0.00089
2946.67422,0.00070
2945.70999,0.00049
2944.74576,0.00042
2943.78154,0.00058
2942.81731,0.00087
2941.85309,0.00111
2940.88886,0.00120
2939.92464,0.00114
2938.96041,0.00104
2937.99618,0.00095
2937.03196,0.00090
2936.06773,0.00091
2935.10351,0.00099
2934.13928,0.00116
2933.17505,0.00138
2932.21083,0.00155
2931.24660,0.00158
2930.28238,0.00151
2929.31815,0.00140
2928.35393,0.00131
2927.38970,0.00124
2926.42547,0.00116
2925.46125,0.00108
2924.49702,0.00105
2923.53280,0.00109
2922.56857,0.00118
2921.60434,0.00124
2920.64012,0.00125
2919.67589,0.00120
2918.71167,0.00107
2917.74744,0.00084
2916.78321,0.00058
2915.81899,0.00047
2914.85476,0.00063
2913.89054,0.00097
2912.92631,0.00116
2911.96209,0.00097
2910.99786,0.00052
2910.03363,0.00019
2909.06941,0.00024
2908.10518,0.00055
2907.14096,0.00072
2906.17673,0.00053
2905.21250,0.00010
2904.24828,-0.00022
2903.28405,-0.00023
2902.31983,0.00004
2901.35560,0.00043
2900.39138,0.00077
2899.42715,0.00096
2898.46292,0.00094
2897.49870,0.00080
2896.53447,0.00070
2895.57025,0.00083
2894.60602,0.00116
2893.64179,0.00148
2892.67757,0.00161
2891.71334,0.00154
2890.74912,0.00138
2889.78489,0.00117
2888.82066,0.00088
2887.85644,0.00050
2886.89221,0.00019
2885.92799,0.00015
2884.96376,0.00037
2883.99954,0.00063
2883.03531,0.00071
2882.07108,0.00063
2881.10686,0.00054
2880.14263,0.00055
2879.17841,0.00064
2878.21418,0.00078
2877.24995,0.00100
2876.28573,0.00137
2875.32150,0.00178
2874.35728,0.00198
2873.39305,0.00179
2872.42883,0.00128
2871.46460,0.00069
2870.50037,0.00027
2869.53615,0.00010
2868.57192,0.00009
2867.60770,0.00017
2866.64347,0.00029
2865.67924,0.00047
2864.71502,0.00067
2863.75079,0.00081
2862.78657,0.00076
2861.82234,0.00047
2860.85812,-0.00003
2859.89389,-0.00054
2858.92966,-0.00083
2857.96544,-0.00075
2857.00121,-0.00036
2856.03699,0.00014
2855.07276,0.00052
2854.10853,0.00065
2853.14431,0.00052
2852.18008,0.00027
2851.21586,0.00004
2850.25163,-0.00004
2849.28740,0.00006
2848.32318,0.00027
2847.35895,0.00052
2846.39473,0.00074
2845.43050,0.00090
2844.46628,0.00094
2843.50205,0.00082
2842.53782,0.00051
2841.57360,0.00011
2840.60937,-0.00020
2839.64515,-0.00033
2838.68092,-0.00031
2837.71669,-0.00026
2836.75247,-0.00029
2835.78824,-0.00034
2834.82402,-0.00035
2833.85979,-0.00024
2832.89557,-0.00007
2831.93134,0.00010
2830.96711,0.00021
2830.00289,0.00023
2829.03866,0.00015
2828.07444,0.00003
2827.11021,-0.00003
2826.14598,0.00008
2825.18176,0.00036
2824.21753,0.00070
2823.25331,0.00093
2822.28908,0.00090
2821.32486,0.00065
2820.36063,0.00033
2819.39640,0.00014
2818.43218,0.00016
2817.46795,0.00028
2816.50373,0.00030
2815.53950,0.00011
2814.57527,-0.00022
2813.61105,-0.00051
2812.64682,-0.00063
2811.68260,-0.00061
2810.71837,-0.00056
2809.75414,-0.00055
2808.78992,-0.00054
2807.82569,-0.00047
2806.86147,-0.00036
2805.89724,-0.00030
2804.93302,-0.00036
2803.96879,-0.00053
2803.00456,-0.00073
2802.04034,-0.00093
2801.07611,-0.00103
2800.11189,-0.00092
2799.14766,-0.00056
2798.18343,-0.00002
2797.21921,0.00042
2796.25498,0.00056
2795.29076,0.00036
2794.32653,0.00005
2793.36231,-0.00015
2792.39808,-0.00018
2791.43385,-0.00011
2790.46963,-0.00002
2789.50540,0.00010
2788.54118,0.00027
2787.57695,0.00042
2786.61272,0.00044
2785.64850,0.00022
2784.68427,-0.00019
2783.72005,-0.00061
2782.75582,-0.00080
2781.79159,-0.00065
2780.82737,-0.00025
2779.86314,0.00011
2778.89892,0.00020
2777.93469,-0.00006
2776.97047,-0.00051
2776.00624,-0.00087
2775.04201,-0.00098
2774.07779,-0.00085
2773.11356,-0.00065
2772.14934,-0.00053
2771.18511,-0.00055
2770.22088,-0.00065
2769.25666,-0.00074
2768.29243,-0.00072
2767.32821,-0.00055
2766.36398,-0.00027
2765.39976,0.00005
2764.43553,0.00028
2763.47130,0.00036
2762.50708,0.00024
2761.54285,-0.00001
2760.57863,-0.00025
2759.61440,-0.00038
2758.65017,-0.00040
2757.68595,-0.00051
2756.72172,-0.00084
2755.75750,-0.00130
2754.79327,-0.00159
2753.82905,-0.00144
2752.86482,-0.00090
2751.90059,-0.00028
2750.93637,0.00013
2749.97214,0.00030
2749.00792,0.00033
2748.04369,0.00028
2747.07946,0.00009
2746.11524,-0.00025
2745.15101,-0.00053
2744.18679,-0.00058
2743.22256,-0.00040
2742.25833,-0.00025
2741.29411,-0.00029
2740.32988,-0.00041
2739.36566,-0.00038
2738.40143,-0.00018
2737.43721,-0.00000
2736.47298,-0.00003
2735.50875,-0.00020
2734.54453,-0.00030
2733.58030,-0.00025
2732.61608,-0.00014
2731.65185,-0.00014
2730.68762,-0.00025
2729.72340,-0.00039
2728.75917,-0.00055
2727.79495,-0.00077
2726.83072,-0.00105
2725.86650,-0.00122
2724.90227,-0.00112
2723.93804,-0.00080
2722.97382,-0.00045
2722.00959,-0.00022
2721.04537,-0.00015
2720.08114,-0.00019
2719.11691,-0.00032
2718.15269,-0.00057
2717.18846,-0.00087
2716.22424,-0.00106
2715.26001,-0.00103
2714.29579,-0.00082
2713.33156,-0.00057
2712.36733,-0.00042
2711.40311,-0.00041
2710.43888,-0.00049
2709.47466,-0.00064
2708.51043,-0.00086
2707.54620,-0.00108
2706.58198,-0.00118
2705.61775,-0.00108
2704.65353,-0.00083
2703.68930,-0.00053
2702.72507,-0.00031
2701.76085,-0.00023
2700.79662,-0.00027
2699.83240,-0.00045
2698.86817,-0.00073
2697.90395,-0.00104
2696.93972,-0.00123
2695.97549,-0.00119
2695.01127,-0.00096
2694.04704,-0.00067
2693.08282,-0.00050
2692.11859,-0.00046
2691.15436,-0.00048
2690.19014,-0.00044
2689.22591,-0.00031
2688.26169,-0.00017
2687.29746,-0.00009
2686.33324,-0.00005
2685.36901,0.00002
2684.40478,0.00017
2683.44056,0.00039
2682.47633,0.00059
2681.51211,0.00073
2680.54788,0.00076
2679.58365,0.00072
2678.61943,0.00068
2677.65520,0.00070
2676.69098,0.00079
2675.72675,0.00083
2674.76252,0.00067
2673.79830,0.00026
2672.83407,-0.00026
2671.86985,-0.00063
2670.90562,-0.00069
2669.94140,-0.00055
2668.97717,-0.00046
2668.01294,-0.00063
2667.04872,-0.00101
2666.08449,-0.00140
2665.12027,-0.00160
2664.15604,-0.00154
2663.19181,-0.00133
2662.22759,-0.00111
2661.26336,-0.00092
2660.29914,-0.00079
2659.33491,-0.00069
2658.37069,-0.00067
2657.40646,-0.00079
2656.44223,-0.00101
2655.47801,-0.00120
2654.51378,-0.00125
2653.54956,-0.00113
2652.58533,-0.00093
2651.62110,-0.00077
2650.65688,-0.00066
2649.69265,-0.00054
2648.72843,-0.00039
2647.76420,-0.00024
2646.79998,-0.00015
2645.83575,-0.00011
2644.87152,-0.00005
2643.90730,0.00000
2642.94307,-0.00010
2641.97885,-0.00047
2641.01462,-0.00104
2640.05039,-0.00149
2639.08617,-0.00155
2638.12194,-0.00118
2637.15772,-0.00061
2636.19349,-0.00014
2635.22926,0.00006
2634.26504,0.00005
2633.30081,-0.00008
2632.33659,-0.00027
2631.37236,-0.00047
2630.40814,-0.00059
2629.44391,-0.00056
2628.47968,-0.00039
2627.51546,-0.00024
2626.55123,-0.00027
2625.58701,-0.00048
2624.62278,-0.00067
2623.65855,-0.00063
2622.69433,-0.00035
2621.73010,0.00001
2620.76588,0.00021
2619.80165,0.00013
2618.83743,-0.00010
2617.87320,-0.00031
2616.90897,-0.00038
2615.94475,-0.00035
2614.98052,-0.00038
2614.01630,-0.00056
2613.05207,-0.00082
2612.08784,-0.00102
2611.12362,-0.00103
2610.15939,-0.00092
2609.19517,-0.00086
2608.23094,-0.00096
2607.26672,-0.00108
2606.30249,-0.00097
2605.33826,-0.00053
2604.37404,0.00007
2603.40981,0.00050
2602.44559,0.00051
2601.48136,0.00018
2600.51713,-0.00023
2599.55291,-0.00050
2598.58868,-0.00057
2597.62446,-0.00052
2596.66023,-0.00045
2595.69600,-0.00043
2594.73178,-0.00049
2593.76755,-0.00062
2592.80333,-0.00079
2591.83910,-0.00096
2590.87488,-0.00106
2589.91065,-0.00105
2588.94642,-0.00093
2587.98220,-0.00070
2587.01797,-0.00040
2586.05375,-0.00010
2585.08952,0.00010
2584.12529,0.00014
2583.16107,-0.00002
2582.19684,-0.00036
2581.23262,-0.00079
2580.26839,-0.00117
2579.30417,-0.00133
2578.33994,-0.00125
2577.37571,-0.00106
2576.41149,-0.00094
2575.44726,-0.00096
2574.48304,-0.00098
2573.51881,-0.00083
2572.55458,-0.00049
2571.59036,-0.00010
2570.62613,0.00017
2569.66191,0.00024
2568.69768,0.00015
2567.73345,-0.00005
2566.76923,-0.00029
2565.80500,-0.00047
2564.84078,-0.00054
2563.87655,-0.00056
2562.91233,-0.00066
2561.94810,-0.00094
2560.98387,-0.00133
2560.01965,-0.00161
2559.05542,-0.00164
2558.09120,-0.00139
2557.12697,-0.00094
2556.16274,-0.00040
2555.19852,0.00009
2554.23429,0.00033
2553.27007,0.00021
2552.30584,-0.00023
2551.34162,-0.00072
2550.37739,-0.00104
2549.41316,-0.00111
2548.44894,-0.00099
2547.48471,-0.00076
2546.52049,-0.00043
2545.55626,-0.00008
2544.59203,0.00017
2543.62781,0.00018
2542.66358,0.00001
2541.69936,-0.00019
2540.73513,-0.00030
2539.77091,-0.00035
2538.80668,-0.00037
2537.84245,-0.00034
2536.87823,-0.00022
2535.91400,-0.00003
2534.94978,0.00004
2533.98555,-0.00012
2533.02132,-0.00046
2532.05710,-0.00083
2531.09287,-0.00110
2530.12865,-0.00124
2529.16442,-0.00130
2528.20019,-0.00124
2527.23597,-0.00103
2526.27174,-0.00069
2525.30752,-0.00033
2524.34329,-0.00008
2523.37907,-0.00002
2522.41484,-0.00016
2521.45061,-0.00044
2520.48639,-0.00078
2519.52216,-0.00108
2518.55794,-0.00121
2517.59371,-0.00113
2516.62948,-0.00087
2515.66526,-0.00054
2514.70103,-0.00030
2513.73681,-0.00023
2512.77258,-0.00036
2511.80836,-0.00057
2510.84413,-0.00072
2509.87990,-0.00073
2508.91568,-0.00065
2507.95145,-0.00056
2506.98723,-0.00049
2506.02300,-0.00044
2505.05877,-0.00045
2504.09455,-0.00060
2503.13032,-0.00088
2502.16610,-0.00112
2501.20187,-0.00111
2500.23764,-0.00082
2499.27342,-0.00047
2498.30919,-0.00031
2497.34497,-0.00039
2496.38074,-0.00050
2495.41652,-0.00049
2494.45229,-0.00040
2493.48806,-0.00038
2492.52384,-0.00048
2491.55961,-0.00057
2490.59539,-0.00051
2489.63116,-0.00030
2488.66693,-0.00003
2487.70271,0.00023
2486.73848,0.00046
2485.77426,0.00064
2484.81003,0.00064
2483.84581,0.00040
2482.88158,0.00000
2481.91735,-0.00036
2480.95313,-0.00054
2479.98890,-0.00056
2479.02468,-0.00054
2478.06045,-0.00058
2477.09622,-0.00071
2476.13200,-0.00088
2475.16777,-0.00101
2474.20355,-0.00102
2473.23932,-0.00087
2472.27510,-0.00063
2471.31087,-0.00045
2470.34664,-0.00044
2469.38242,-0.00059
2468.41819,-0.00077
2467.45397,-0.00091
2466.48974,-0.00100
2465.52551,-0.00109
2464.56129,-0.00114
2463.59706,-0.00104
2462.63284,-0.00082
2461.66861,-0.00066
2460.70438,-0.00075
2459.74016,-0.00111
2458.77593,-0.00153
2457.81171,-0.00172
2456.84748,-0.00153
2455.88326,-0.00108
2454.91903,-0.00058
2453.95480,-0.00022
2452.99058,-0.00007
2452.02635,-0.00009
2451.06213,-0.00019
2450.09790,-0.00033
2449.13367,-0.00049
2448.16945,-0.00064
2447.20522,-0.00075
2446.24100,-0.00079
2445.27677,-0.00072
2444.31255,-0.00058
2443.34832,-0.00047
2442.38409,-0.00046
2441.41987,-0.00056
2440.45564,-0.00070
2439.49142,-0.00082
2438.52719,-0.00087
2437.56296,-0.00084
2436.59874,-0.00070
2435.63451,-0.00047
2434.67029,-0.00027
2433.70606,-0.00025
2432.74184,-0.00048
2431.77761,-0.00082
2430.81338,-0.00104
2429.84916,-0.00095
2428.88493,-0.00058
2427.92071,-0.00017
2426.95648,0.00005
2425.99225,-0.00001
2425.02803,-0.00027
2424.06380,-0.00062
2423.09958,-0.00095
2422.13535,-0.00117
2421.17112,-0.00118
2420.20690,-0.00096
2419.24267,-0.00064
2418.27845,-0.00042
2417.31422,-0.00043
2416.35000,-0.00058
2415.38577,-0.00069
2414.42154,-0.00070
2413.45732,-0.00069
2412.49309,-0.00075
2411.52887,-0.00088
2410.56464,-0.00093
2409.60041,-0.00080
2408.63619,-0.00057
2407.67196,-0.00036
2406.70774,-0.00026
2405.74351,-0.00022
2404.77929,-0.00014
2403.81506,-0.00003
2402.85083,0.00010
2401.88661,0.00022
2400.92238,0.00031
2399.95816,0.00037
2398.99393,0.00037
2398.02970,0.00032
2397.06548,0.00024
2396.10125,0.00017
2395.13703,0.00008
2394.17280,-0.00002
2393.20857,-0.00009
2392.24435,-0.00005
2391.28012,0.00007
2390.31590,0.00014
2389.35167,0.00011
2388.38745,0.00004
2387.42322,0.00007
2386.45899,0.00020
2385.49477,0.00028
2384.53054,0.00017
2383.56632,-0.00007
2382.60209,-0.00025
2381.63786,-0.00024
2380.67364,-0.00012
2379.70941,-0.00005
2378.74519,-0.00008
2377.78096,-0.00016
2376.81674,-0.00026
2375.85251,-0.00045
2374.88828,-0.00083
2373.92406,-0.00135
2372.95983,-0.00182
2371.99561,-0.00205
2371.03138,-0.00204
2370.06715,-0.00188
2369.10293,-0.00167
2368.13870,-0.00150
2367.17448,-0.00139
2366.21025,-0.00140
2365.24603,-0.00151
2364.28180,-0.00166
2363.31757,-0.00176
2362.35335,-0.00179
2361.38912,-0.00181
2360.42490,-0.00189
2359.46067,-0.00200
2358.49644,-0.00201
2357.53222,-0.00178
2356.56799,-0.00125
2355.60377,-0.00053
2354.63954,0.00013
2353.67531,0.00056
2352.71109,0.00074
2351.74686,0.00078
2350.78264,0.00080
2349.81841,0.00077
2348.85419,0.00067
2347.88996,0.00051
2346.92573,0.00032
2345.96151,0.00007
2344.99728,-0.00035
2344.03306,-0.00092
2343.06883,-0.00141
2342.10460,-0.00153
2341.14038,-0.00125
2340.17615,-0.00087
2339.21193,-0.00070
2338.24770,-0.00072
2337.28348,-0.00069
2336.31925,-0.00050
2335.35502,-0.00033
2334.39080,-0.00042
2333.42657,-0.00071
2332.46235,-0.00087
2331.49812,-0.00068
2330.53389,-0.00026
2329.56967,0.00012
2328.60544,0.00027
2327.64122,0.00017
2326.67699,-0.00006
2325.71277,-0.00033
2324.74854,-0.00051
2323.78431,-0.00047
2322.82009,-0.00020
2321.85586,0.00012
2320.89164,0.00027
2319.92741,0.00020
2318.96318,0.00002
2317.99896,-0.00016
2317.03473,-0.00035
2316.07051,-0.00057
2315.10628,-0.00074
2314.14205,-0.00070
2313.17783,-0.00048
2312.21360,-0.00029
2311.24938,-0.00032
2310.28515,-0.00054
2309.32093,-0.00073
2308.35670,-0.00069
2307.39247,-0.00046
2306.42825,-0.00021
2305.46402,-0.00006
2304.49980,-0.00003
2303.53557,-0.00009
2302.57134,-0.00024
2301.60712,-0.00043
2300.64289,-0.00059
2299.67867,-0.00060
2298.71444,-0.00044
2297.75022,-0.00015
2296.78599,0.00014
2295.82176,0.00030
2294.85754,0.00025
2293.89331,0.00004
2292.92909,-0.00015
2291.96486,-0.00017
2291.00063,-0.00002
2290.03641,0.00013
2289.07218,0.00015
2288.10796,0.00004
2287.14373,-0.00011
2286.17950,-0.00023
2285.21528,-0.00036
2284.25105,-0.00053
2283.28683,-0.00072
2282.32260,-0.00084
2281.35838,-0.00086
2280.39415,-0.00084
2279.42992,-0.00077
2278.46570,-0.00062
2277.50147,-0.00039
2276.53725,-0.00017
2275.57302,-0.00003
2274.60879,0.00003
2273.64457,0.00006
2272.68034,0.00004
2271.71612,-0.00009
2270.75189,-0.00033
2269.78767,-0.00051
2268.82344,-0.00047
2267.85921,-0.00025
2266.89499,-0.00009
2265.93076,-0.00014
2264.96654,-0.00032
2264.00231,-0.00043
2263.03808,-0.00038
2262.07386,-0.00027
2261.10963,-0.00019
2260.14541,-0.00014
2259.18118,-0.00004
2258.21696,0.00001
2257.25273,-0.00007
2256.28850,-0.00025
2255.32428,-0.00030
2254.36005,-0.00008
2253.39583,0.00031
2252.43160,0.00060
2251.46737,0.00075
2250.50315,0.00095
2249.53892,0.00140
2248.57470,0.00194
2247.61047,0.00217
2246.64624,0.00179
2245.68202,0.00091
2244.71779,-0.00005
2243.75357,-0.00070
2242.78934,-0.00093
2241.82512,-0.00084
2240.86089,-0.00059
2239.89666,-0.00033
2238.93244,-0.00016
2237.96821,-0.00016
2237.00399,-0.00035
2236.03976,-0.00059
2235.07553,-0.00072
2234.11131,-0.00069
2233.14708,-0.00055
2232.18286,-0.00044
2231.21863,-0.00036
2230.25441,-0.00024
2229.29018,0.00002
2228.32595,0.00040
2227.36173,0.00074
2226.39750,0.00089
2225.43328,0.00078
2224.46905,0.00050
2223.50482,0.00016
2222.54060,-0.00014
2221.57637,-0.00038
2220.61215,-0.00052
2219.64792,-0.00056
2218.68369,-0.00057
2217.71947,-0.00061
2216.75524,-0.00075
2215.79102,-0.00093
2214.82679,-0.00106
2213.86257,-0.00104
2212.89834,-0.00085
2211.93411,-0.00053
2210.96989,-0.00021
2210.00566,-0.00001
2209.04144,-0.00000
2208.07721,-0.00014
2207.11298,-0.00027
2206.14876,-0.00027
2205.18453,-0.00013
2204.22031,0.00006
2203.25608,0.00017
2202.29186,0.00018
2201.32763,0.00012
2200.36340,0.00002
2199.39918,-0.00013
2198.43495,-0.00032
2197.47073,-0.00049
2196.50650,-0.00051
2195.54227,-0.00033
2194.57805,0.00001
2193.61382,0.00037
2192.64960,0.00065
2191.68537,0.00076
2190.72115,0.00069
2189.75692,0.00048
2188.79269,0.00021
2187.82847,-0.00004
2186.86424,-0.00020
2185.90002,-0.00024
2184.93579,-0.00018
2183.97156,-0.00008
2183.00734,-0.00005
2182.04311,-0.00016
2181.07889,-0.00038
2180.11466,-0.00059
2179.15043,-0.00065
2178.18621,-0.00054
2177.22198,-0.00031
2176.25776,-0.00008
2175.29353,0.00008
2174.32931,0.00018
2173.36508,0.00024
2172.40085,0.00027
2171.43663,0.00031
2170.47240,0.00034
2169.50818,0.00031
2168.54395,0.00022
2167.57972,0.00011
2166.61550,0.00005
2165.65127,0.00009
2164.68705,0.00017
2163.72282,0.00024
2162.75860,0.00029
2161.79437,0.00040
2160.83014,0.00054
2159.86592,0.00061
2158.90169,0.00052
2157.93747,0.00027
2156.97324,0.00000
2156.00901,-0.00020
2155.04479,-0.00033
2154.08056,-0.00041
2153.11634,-0.00039
2152.15211,-0.00021
2151.18789,0.00005
2150.22366,0.00020
2149.25943,0.00009
2148.29521,-0.00016
2147.33098,-0.00033
2146.36676,-0.00025
2145.40253,0.00001
2144.43830,0.00033
2143.47408,0.00065
2142.50985,0.00102
2141.54563,0.00146
2140.58140,0.00188
2139.61717,0.00217
2138.65295,0.00231
2137.68872,0.00237
2136.72450,0.00246
2135.76027,0.00260
2134.79605,0.00272
2133.83182,0.00276
2132.86759,0.00270
2131.90337,0.00264
2130.93914,0.00269
2129.97492,0.00290
2129.01069,0.00320
2128.04646,0.00340
2127.08224,0.00333
2126.11801,0.00298
2125.15379,0.00255
2124.18956,0.00224
2123.22534,0.00215
2122.26111,0.00218
2121.29688,0.00215
2120.33266,0.00194
2119.36843,0.00154
2118.40421,0.00109
2117.43998,0.00080
2116.47575,0.00078
2115.51153,0.00099
2114.54730,0.00124
2113.58308,0.00135
2112.61885,0.00128
2111.65462,0.00114
2110.69040,0.00101
2109.72617,0.00089
2108.76195,0.00074
2107.79772,0.00056
2106.83350,0.00036
2105.86927,0.00015
2104.90504,-0.00012
2103.94082,-0.00043
2102.97659,-0.00067
2102.01237,-0.00070
2101.04814,-0.00048
2100.08391,-0.00009
2099.11969,0.00031
2098.15546,0.00055
2097.19124,0.00054
2096.22701,0.00033
2095.26279,0.00013
2094.29856,0.00012
2093.33433,0.00036
2092.37011,0.00061
2091.40588,0.00059
2090.44166,0.00023
2089.47743,-0.00024
2088.51320,-0.00055
2087.54898,-0.00062
2086.58475,-0.00060
2085.62053,-0.00057
2084.65630,-0.00047
2083.69208,-0.00022
2082.72785,0.00005
2081.76362,0.00012
2080.79940,-0.00009
2079.83517,-0.00037
2078.87095,-0.00043
2077.90672,-0.00023
2076.94249,0.00000
2075.97827,0.00002
2075.01404,-0.00020
2074.04982,-0.00047
2073.08559,-0.00061
2072.12136,-0.00061
2071.15714,-0.00058
2070.19291,-0.00058
2069.22869,-0.00058
2068.26446,-0.00051
2067.30024,-0.00032
2066.33601,-0.00005
2065.37178,0.00024
2064.40756,0.00042
2063.44333,0.00044
2062.47911,0.00031
2061.51488,0.00009
2060.55065,-0.00012
2059.58643,-0.00025
2058.62220,-0.00029
2057.65798,-0.00028
2056.69375,-0.00026
2055.72953,-0.00025
2054.76530,-0.00024
2053.80107,-0.00015
2052.83685,0.00005
2051.87262,0.00032
2050.90840,0.00056
2049.94417,0.00071
2048.97994,0.00074
2048.01572,0.00064
2047.05149,0.00039
2046.08727,0.00004
2045.12304,-0.00025
2044.15882,-0.00032
2043.19459,-0.00015
2042.23036,0.00004
2041.26614,0.00002
2040.30191,-0.00022
2039.33769,-0.00044
2038.37346,-0.00046
2037.40923,-0.00030
2036.44501,-0.00021
2035.48078,-0.00032
2034.51656,-0.00058
2033.55233,-0.00080
2032.58810,-0.00087
2031.62388,-0.00077
2030.65965,-0.00058
2029.69543,-0.00040
2028.73120,-0.00032
2027.76698,-0.00041
2026.80275,-0.00064
2025.83852,-0.00091
2024.87430,-0.00105
2023.91007,-0.00102
2022.94585,-0.00087
2021.98162,-0.00068
2021.01739,-0.00050
2020.05317,-0.00038
2019.08894,-0.00035
2018.12472,-0.00036
2017.16049,-0.00035
2016.19627,-0.00022
2015.23204,-0.00001
2014.26781,0.00016
2013.30359,0.00016
2012.33936,0.00003
2011.37514,-0.00017
2010.41091,-0.00034
2009.44668,-0.00051
2008.48246,-0.00066
2007.51823,-0.00076
2006.55401,-0.00077
2005.58978,-0.00069
2004.62555,-0.00054
2003.66133,-0.00033
2002.69710,-0.00009
2001.73288,0.00014
2000.76865,0.00029
1999.80443,0.00034
1998.84020,0.00032
1997.87597,0.00031
1996.91175,0.00032
1995.94752,0.00031
1994.98330,0.00029
1994.01907,0.00023
1993.05484,0.00011
1992.09062,-0.00010
1991.12639,-0.00035
1990.16217,-0.00051
1989.19794,-0.00045
1988.23372,-0.00024
1987.26949,-0.00007
1986.30526,-0.00004
1985.34104,-0.00008
1984.37681,-0.00005
1983.41259,0.00007
1982.44836,0.00020
1981.48413,0.00024
1980.51991,0.00026
1979.55568,0.00029
1978.59146,0.00028
1977.62723,0.00016
1976.66301,-0.00006
1975.69878,-0.00021
1974.73455,-0.00017
1973.77033,0.00001
1972.80610,0.00013
1971.84188,0.00009
1970.87765,-0.00004
1969.91342,-0.00019
1968.94920,-0.00036
1967.98497,-0.00059
1967.02075,-0.00085
1966.05652,-0.00102
1965.09229,-0.00104
1964.12807,-0.00091
1963.16384,-0.00072
1962.19962,-0.00049
1961.23539,-0.00026
1960.27117,-0.00009
1959.30694,-0.00004
1958.34271,-0.00006
1957.37849,-0.00003
1956.41426,0.00009
1955.45004,0.00021
1954.48581,0.00019
1953.52158,0.00002
1952.55736,-0.00019
1951.59313,-0.00030
1950.62891,-0.00028
1949.66468,-0.00017
1948.70046,-0.00007
1947.73623,-0.00002
1946.77200,-0.00013
1945.80778,-0.00043
1944.84355,-0.00085
1943.87933,-0.00118
1942.91510,-0.00123
1941.95087,-0.00099
1940.98665,-0.00066
1940.02242,-0.00045
1939.05820,-0.00046
1938.09397,-0.00059
1937.12974,-0.00069
1936.16552,-0.00068
1935.20129,-0.00055
1934.23707,-0.00039
1933.27284,-0.00028
1932.30862,-0.00023
1931.34439,-0.00015
1930.38016,0.00004
1929.41594,0.00037
1928.45171,0.00073
1927.48749,0.00096
1926.52326,0.00094
1925.55903,0.00066
1924.59481,0.00017
1923.63058,-0.00042
1922.66636,-0.00090
1921.70213,-0.00106
1920.73791,-0.00084
1919.77368,-0.00038
1918.80945,0.00003
1917.84523,0.00023
1916.88100,0.00023
1915.91678,0.00013
1914.95255,0.00002
1913.98832,-0.00012
1913.02410,-0.00026
1912.05987,-0.00037
1911.09565,-0.00041
1910.13142,-0.00043
1909.16720,-0.00044
1908.20297,-0.00045
1907.23874,-0.00040
1906.27452,-0.00029
1905.31029,-0.00021
1904.34607,-0.00021
1903.38184,-0.00029
1902.41761,-0.00040
1901.45339,-0.00050
1900.48916,-0.00064
1899.52494,-0.00079
1898.56071,-0.00092
1897.59648,-0.00095
1896.63226,-0.00089
1895.66803,-0.00076
1894.70381,-0.00058
1893.73958,-0.00036
1892.77536,-0.00010
1891.81113,0.00011
1890.84690,0.00023
1889.88268,0.00024
1888.91845,0.00019
1887.95423,0.00012
1886.99000,0.00005
1886.02577,-0.00006
1885.06155,-0.00019
1884.09732,-0.00029
1883.13310,-0.00029
1882.16887,-0.00017
1881.20465,0.00002
1880.24042,0.00015
1879.27619,0.00012
1878.31197,-0.00006
1877.34774,-0.00027
1876.38352,-0.00035
1875.41929,-0.00029
1874.45506,-0.00022
1873.49084,-0.00026
1872.52661,-0.00039
1871.56239,-0.00042
1870.59816,-0.00030
1869.63394,-0.00014
1868.66971,-0.00013
1867.70548,-0.00032
1866.74126,-0.00059
1865.77703,-0.00076
1864.81281,-0.00077
1863.84858,-0.00065
1862.88435,-0.00044
1861.92013,-0.00018
1860.95590,0.00007
1859.99168,0.00020
1859.02745,0.00016
1858.06322,0.00003
1857.09900,-0.00009
1856.13477,-0.00018
1855.17055,-0.00025
1854.20632,-0.00036
1853.24210,-0.00047
1852.27787,-0.00055
1851.31364,-0.00063
1850.34942,-0.00072
1849.38519,-0.00075
1848.42097,-0.00065
1847.45674,-0.00041
1846.49251,-0.00019
1845.52829,-0.00017
1844.56406,-0.00037
1843.59984,-0.00063
1842.63561,-0.00076
1841.67139,-0.00073
1840.70716,-0.00057
1839.74293,-0.00039
1838.77871,-0.00021
1837.81448,-0.00009
1836.85026,-0.00006
1835.88603,-0.00012
1834.92180,-0.00017
1833.95758,-0.00010
1832.99335,0.00005
1832.02913,0.00016
1831.06490,0.00011
1830.10067,-0.00006
1829.13645,-0.00024
1828.17222,-0.00035
1827.20800,-0.00036
1826.24377,-0.00032
1825.27955,-0.00029
1824.31532,-0.00031
1823.35109,-0.00039
1822.38687,-0.00047
1821.42264,-0.00045
1820.45842,-0.00027
1819.49419,-0.00002
1818.52996,0.00012
1817.56574,0.00003
1816.60151,-0.00024
1815.63729,-0.00047
1814.67306,-0.00054
1813.70884,-0.00048
1812.74461,-0.00043
1811.78038,-0.00049
1810.81616,-0.00060
1809.85193,-0.00064
1808.88771,-0.00058
1807.92348,-0.00045
1806.95925,-0.00033
1805.99503,-0.00025
1805.03080,-0.00018
1804.06658,-0.00005
1803.10235,0.00017
1802.13813,0.00046
1801.17390,0.00071
1800.20967,0.00076
1799.24545,0.00055
1798.28122,0.00017
1797.31700,-0.00019
1796.35277,-0.00038
1795.38854,-0.00038
1794.42432,-0.00028
1793.46009,-0.00019
1792.49587,-0.00011
1791.53164,0.00003
1790.56741,0.00025
1789.60319,0.00048
1788.63896,0.00061
1787.67474,0.00055
1786.71051,0.00034
1785.74629,0.00008
1784.78206,-0.00011
1783.81783,-0.00020
1782.85361,-0.00022
1781.88938,-0.00022
1780.92516,-0.00018
1779.96093,-0.00010
1778.99670,0.00002
1778.03248,0.00013
1777.06825,0.00020
1776.10403,0.00027
1775.13980,0.00039
1774.17558,0.00055
1773.21135,0.00066
1772.24712,0.00067
1771.28290,0.00062
1770.31867,0.00060
1769.35445,0.00063
1768.39022,0.00063
1767.42599,0.00053
1766.46177,0.00033
1765.49754,0.00014
1764.53332,0.00004
1763.56909,0.00003
1762.60487,0.00005
1761.64064,0.00007
1760.67641,0.00010
1759.71219,0.00015
1758.74796,0.00017
1757.78374,0.00014
1756.81951,0.00007
1755.85528,-0.00001
1754.89106,-0.00005
1753.92683,-0.00003
1752.96261,0.00002
1751.99838,0.00008
1751.03415,0.00016
1750.06993,0.00030
1749.10570,0.00051
1748.14148,0.00080
1747.17725,0.00112
1746.21303,0.00138
1745.24880,0.00153
1744.28457,0.00156
1743.32035,0.00152
1742.35612,0.00140
1741.39190,0.00119
1740.42767,0.00088
1739.46344,0.00056
1738.49922,0.00037
1737.53499,0.00041
1736.57077,0.00068
1735.60654,0.00106
1734.64232,0.00145
1733.67809,0.00170
1732.71386,0.00176
1731.74964,0.00160
1730.78541,0.00130
1729.82119,0.00097
1728.85696,0.00075
1727.89273,0.00064
1726.92851,0.00060
1725.96428,0.00055
1725.00006,0.00046
1724.03583,0.00034
1723.07160,0.00028
1722.10738,0.00034
1721.14315,0.00053
1720.17893,0.00082
1719.21470,0.00110
1718.25048,0.00130
1717.28625,0.00137
1716.32202,0.00132
1715.35780,0.00123
1714.39357,0.00115
1713.42935,0.00109
1712.46512,0.00106
1711.50089,0.00106
1710.53667,0.00107
1709.57244,0.00109
1708.60822,0.00116
1707.64399,0.00136
1706.67977,0.00168
1705.71554,0.00204
1704.75131,0.00231
1703.78709,0.00241
1702.82286,0.00240
1701.85864,0.00236
1700.89441,0.00231
1699.93018,0.00226
1698.96596,0.00227
1698.00173,0.00239
1697.03751,0.00263
1696.07328,0.00287
1695.10906,0.00290
1694.14483,0.00266
1693.18060,0.00232
1692.21638,0.00209
1691.25215,0.00210
1690.28793,0.00225
1689.32370,0.00237
1688.35947,0.00235
1687.39525,0.00221
1686.43102,0.00206
1685.46680,0.00203
1684.50257,0.00215
1683.53834,0.00233
1682.57412,0.00244
1681.60989,0.00234
1680.64567,0.00208
1679.68144,0.00180
1678.71722,0.00172
1677.75299,0.00191
1676.78876,0.00224
1675.82454,0.00249
1674.86031,0.00254
1673.89609,0.00241
1672.93186,0.00228
1671.96763,0.00229
1671.00341,0.00243
1670.03918,0.00267
1669.07496,0.00294
1668.11073,0.00321
1667.14651,0.00344
1666.18228,0.00360
1665.21805,0.00363
1664.25383,0.00354
1663.28960,0.00339
1662.32538,0.00328
1661.36115,0.00329
1660.39692,0.00346
1659.43270,0.00372
1658.46847,0.00401
1657.50425,0.00420
1656.54002,0.00422
1655.57579,0.00410
1654.61157,0.00394
1653.64734,0.00379
1652.68312,0.00363
1651.71889,0.00339
1650.75467,0.00308
1649.79044,0.00283
1648.82621,0.00279
1647.86199,0.00298
1646.89776,0.00333
1645.93354,0.00365
1644.96931,0.00381
1644.00508,0.00379
1643.04086,0.00362
1642.07663,0.00337
1641.11241,0.00310
1640.14818,0.00285
1639.18396,0.00262
1638.21973,0.00239
1637.25550,0.00217
1636.29128,0.00205
1635.32705,0.00207
1634.36283,0.00218
1633.39860,0.00227
1632.43437,0.00231
1631.47015,0.00237
1630.50592,0.00252
1629.54170,0.00272
1628.57747,0.00283
1627.61325,0.00277
1626.64902,0.00258
1625.68479,0.00240
1624.72057,0.00232
1623.75634,0.00234
1622.79212,0.00242
1621.82789,0.00249
1620.86366,0.00253
1619.89944,0.00253
1618.93521,0.00251
1617.97099,0.00253
1617.00676,0.00260
1616.04253,0.00270
1615.07831,0.00277
1614.11408,0.00277
1613.14986,0.00270
1612.18563,0.00256
1611.22141,0.00238
1610.25718,0.00217
1609.29295,0.00195
1608.32873,0.00174
1607.36450,0.00151
1606.40028,0.00129
1605.43605,0.00118
1604.47182,0.00127
1603.50760,0.00155
1602.54337,0.00183
1601.57915,0.00189
1600.61492,0.00165
1599.65070,0.00127
1598.68647,0.00093
1597.72224,0.00075
1596.75802,0.00069
1595.79379,0.00071
1594.82957,0.00080
1593.86534,0.00101
1592.90111,0.00129
1591.93689,0.00155
1590.97266,0.00167
1590.00844,0.00161
1589.04421,0.00140
1588.07999,0.00112
1587.11576,0.00092
1586.15153,0.00085
1585.18731,0.00089
1584.22308,0.00099
1583.25886,0.00112
1582.29463,0.00132
1581.33040,0.00161
1580.36618,0.00190
1579.40195,0.00202
1578.43773,0.00184
1577.47350,0.00143
1576.50927,0.00093
1575.54505,0.00046
1574.58082,0.00011
1573.61660,-0.00005
1572.65237,0.00007
1571.68815,0.00048
1570.72392,0.00097
1569.75969,0.00126
1568.79547,0.00116
1567.83124,0.00077
1566.86702,0.00035
1565.90279,0.00013
1564.93856,0.00016
1563.97434,0.00034
1563.01011,0.00056
1562.04589,0.00074
1561.08166,0.00086
1560.11744,0.00096
1559.15321,0.00107
1558.18898,0.00113
1557.22476,0.00101
1556.26053,0.00065
1555.29631,0.00017
1554.33208,-0.00018
1553.36785,-0.00023
1552.40363,0.00003
1551.43940,0.00037
1550.47518,0.00058
1549.51095,0.00057
1548.54672,0.00045
1547.58250,0.00040
1546.61827,0.00054
1545.65405,0.00087
1544.68982,0.00124
1543.72560,0.00144
1542.76137,0.00136
1541.79714,0.00105
1540.83292,0.00067
1539.86869,0.00035
1538.90447,0.00012
1537.94024,-0.00002
1536.97601,-0.00004
1536.01179,0.00007
1535.04756,0.00028
1534.08334,0.00049
1533.11911,0.00061
1532.15489,0.00062
1531.19066,0.00053
1530.22643,0.00039
1529.26221,0.00025
1528.29798,0.00016
1527.33376,0.00023
1526.36953,0.00047
1525.40530,0.00081
1524.44108,0.00111
1523.47685,0.00130
1522.51263,0.00134
1521.54840,0.00122
1520.58418,0.00094
1519.61995,0.00055
1518.65572,0.00019
1517.69150,-0.00003
1516.72727,-0.00012
1515.76305,-0.00016
1514.79882,-0.00023
1513.83459,-0.00028
1512.87037,-0.00020
1511.90614,0.00001
1510.94192,0.00028
1509.97769,0.00051
1509.01346,0.00067
1508.04924,0.00080
1507.08501,0.00085
1506.12079,0.00080
1505.15656,0.00064
1504.19234,0.00049
1503.22811,0.00045
1502.26388,0.00047
1501.29966,0.00043
1500.33543,0.00020
1499.37121,-0.00016
1498.40698,-0.00044
1497.44275,-0.00042
1496.47853,-0.00001
1495.51430,0.00064
1494.55008,0.00123
1493.58585,0.00154
1492.62163,0.00152
1491.65740,0.00130
1490.69317,0.00110
1489.72895,0.00102
1488.76472,0.00102
1487.80050,0.00095
1486.83627,0.00069
1485.87204,0.00026
1484.90782,-0.00018
1483.94359,-0.00048
1482.97937,-0.00053
1482.01514,-0.00032
1481.05092,0.00010
1480.08669,0.00060
1479.12246,0.00102
1478.15824,0.00126
1477.19401,0.00130
1476.22979,0.00124
1475.26556,0.00114
1474.30133,0.00101
1473.33711,0.00078
1472.37288,0.00046
1471.40866,0.00021
1470.44443,0.00020
1469.48020,0.00040
1468.51598,0.00060
1467.55175,0.00060
1466.58753,0.00048
1465.62330,0.00046
1464.65908,0.00055
1463.69485,0.00046
1462.73062,-0.00004
1461.76640,-0.00070
1460.80217,-0.00095
1459.83795,-0.00047
1458.87372,0.00042
1457.90949,0.00102
1456.94527,0.00086
1455.98104,0.00009
1455.01682,-0.00082
1454.05259,-0.00152
1453.08837,-0.00186
1452.12414,-0.00172
1451.15991,-0.00111
1450.19569,-0.00035
1449.23146,0.00001
1448.26724,-0.00033
1447.30301,-0.00107
1446.33878,-0.00158
1445.37456,-0.00159
1444.41033,-0.00137
1443.44611,-0.00131
1442.48188,-0.00143
1441.51765,-0.00145
1440.55343,-0.00121
1439.58920,-0.00085
1438.62498,-0.00058
1437.66075,-0.00044
1436.69653,-0.00034
1435.73230,-0.00027
1434.76807,-0.00027
1433.80385,-0.00024
1432.83962,0.00009
1431.87540,0.00077
1430.91117,0.00151
1429.94694,0.00183
1428.98272,0.00159
1428.01849,0.00108
1427.05427,0.00075
1426.09004,0.00075
1425.12582,0.00092
1424.16159,0.00105
1423.19736,0.00117
1422.23314,0.00142
1421.26891,0.00185
1420.30469,0.00224
1419.34046,0.00229
1418.37623,0.00186
1417.41201,0.00108
1416.44778,0.00023
1415.48356,-0.00043
1414.51933,-0.00081
1413.55511,-0.00092
1412.59088,-0.00081
1411.62665,-0.00051
1410.66243,-0.00001
1409.69820,0.00062
1408.73398,0.00121
1407.76975,0.00157
1406.80552,0.00158
1405.84130,0.00129
1404.87707,0.00090
1403.91285,0.00066
1402.94862,0.00067
1401.98439,0.00089
1401.02017,0.00115
1400.05594,0.00128
1399.09172,0.00123
1398.12749,0.00101
1397.16327,0.00065
1396.19904,0.00017
1395.23481,-0.00041
1394.27059,-0.00096
1393.30636,-0.00127
1392.34214,-0.00118
1391.37791,-0.00069
1390.41368,0.00001
1389.44946,0.00065
1388.48523,0.00097
1387.52101,0.00087
1386.55678,0.00050
1385.59256,0.00014
1384.62833,0.00004
1383.66410,0.00025
1382.69988,0.00055
1381.73565,0.00073
1380.77143,0.00070
1379.80720,0.00058
1378.84297,0.00048
1377.87875,0.00045
1376.91452,0.00052
1375.95030,0.00079
1374.98607,0.00129
1374.02184,0.00186
1373.05762,0.00217
1372.09339,0.00196
1371.12917,0.00133
1370.16494,0.00067
1369.20072,0.00035
1368.23649,0.00042
1367.27226,0.00063
1366.30804,0.00072
1365.34381,0.00064
1364.37959,0.00060
1363.41536,0.00085
1362.45113,0.00138
1361.48691,0.00189
1360.52268,0.00200
1359.55846,0.00160
1358.59423,0.00093
1357.63001,0.00045
1356.66578,0.00036
1355.70155,0.00054
1354.73733,0.00070
1353.77310,0.00069
1352.80888,0.00056
1351.84465,0.00038
1350.88042,0.00015
1349.91620,-0.00014
1348.95197,-0.00037
1347.98775,-0.00045
1347.02352,-0.00039
1346.05930,-0.00029
1345.09507,-0.00016
1344.13084,0.00013
1343.16662,0.00066
1342.20239,0.00121
1341.23817,0.00145
1340.27394,0.00126
1339.30971,0.00082
1338.34549,0.00043
1337.38126,0.00015
1336.41704,-0.00012
1335.45281,-0.00044
1334.48858,-0.00066
1333.52436,-0.00061
1332.56013,-0.00028
1331.59591,0.00017
1330.63168,0.00062
1329.66746,0.00104
1328.70323,0.00132
1327.73900,0.00124
1326.77478,0.00071
1325.81055,0.00000
1324.84633,-0.00036
1323.88210,-0.00006
1322.91787,0.00073
1321.95365,0.00142
1320.98942,0.00153
1320.02520,0.00102
1319.06097,0.00026
1318.09675,-0.00025
1317.13252,-0.00027
1316.16829,0.00006
1315.20407,0.00041
1314.23984,0.00056
1313.27562,0.00053
1312.31139,0.00048
1311.34716,0.00044
1310.38294,0.00029
1309.41871,0.00000
1308.45449,-0.00021
1307.49026,-0.00007
1306.52604,0.00044
1305.56181,0.00101
1304.59758,0.00137
1303.63336,0.00156
1302.66913,0.00178
1301.70491,0.00207
1300.74068,0.00221
1299.77645,0.00194
1298.81223,0.00124
1297.84800,0.00028
1296.88378,-0.00076
1295.91955,-0.00167
1294.95532,-0.00216
1293.99110,-0.00193
1293.02687,-0.00101
1292.06265,0.00011
1291.09842,0.00083
1290.13420,0.00092
1289.16997,0.00063
1288.20574,0.00034
1287.24152,0.00020
1286.27729,0.00023
1285.31307,0.00045
1284.34884,0.00093
1283.38461,0.00152
1282.42039,0.00191
1281.45616,0.00187
1280.49194,0.00153
1279.52771,0.00128
1278.56349,0.00137
1277.59926,0.00168
1276.63503,0.00193
1275.67081,0.00199
1274.70658,0.00189
1273.74236,0.00168
1272.77813,0.00127
1271.81390,0.00065
1270.84968,0.00006
1269.88545,-0.00012
1268.92123,0.00035
1267.95700,0.00123
1266.99277,0.00201
1266.02855,0.00221
1265.06432,0.00182
1264.10010,0.00123
1263.13587,0.00085
1262.17165,0.00072
1261.20742,0.00056
1260.24319,0.00015
1259.27897,-0.00042
1258.31474,-0.00084
1257.35052,-0.00094
1256.38629,-0.00086
1255.42206,-0.00080
1254.45784,-0.00079
1253.49361,-0.00070
1252.52939,-0.00051
1251.56516,-0.00044
1250.60094,-0.00066
1249.63671,-0.00108
1248.67248,-0.00139
1247.70826,-0.00138
1246.74403,-0.00107
1245.77981,-0.00065
1244.81558,-0.00019
1243.85135,0.00027
1242.88713,0.00070
1241.92290,0.00101
1240.95868,0.00121
1239.99445,0.00134
1239.03023,0.00142
1238.06600,0.00129
1237.10177,0.00084
1236.13755,0.00025
1235.17332,-0.00018
1234.20910,-0.00029
1233.24487,-0.00025
1232.28064,-0.00029
1231.31642,-0.00033
1230.35219,-0.00010
1229.38797,0.00049
1228.42374,0.00115
1227.45951,0.00147
1226.49529,0.00130
1225.53106,0.00087
1224.56684,0.00041
1223.60261,0.00003
1222.63839,-0.00021
1221.67416,-0.00012
1220.70993,0.00054
1219.74571,0.00167
1218.78148,0.00282
1217.81726,0.00344
1216.85303,0.00330
1215.88880,0.00256
1214.92458,0.00159
1213.96035,0.00075
1212.99613,0.00032
1212.03190,0.00032
1211.06768,0.00053
1210.10345,0.00058
1209.13922,0.00024
1208.17500,-0.00035
1207.21077,-0.00088
1206.24655,-0.00119
1205.28232,-0.00126
1204.31809,-0.00114
1203.35387,-0.00069
1202.38964,0.00017
1201.42542,0.00119
1200.46119,0.00187
1199.49697,0.00188
1198.53274,0.00142
1197.56851,0.00106
1196.60429,0.00119
1195.64006,0.00168
1194.67584,0.00213
1193.71161,0.00227
1192.74738,0.00211
1191.78316,0.00181
1190.81893,0.00145
1189.85471,0.00103
1188.89048,0.00058
1187.92625,0.00021
1186.96203,-0.00001
1185.99780,-0.00015
1185.03358,-0.00030
1184.06935,-0.00051
1183.10513,-0.00066
1182.14090,-0.00061
1181.17667,-0.00029
1180.21245,0.00019
1179.24822,0.00065
1178.28400,0.00092
1177.31977,0.00088
1176.35554,0.00042
1175.39132,-0.00048
1174.42709,-0.00165
1173.46287,-0.00263
1172.49864,-0.00294
1171.53442,-0.00243
1170.57019,-0.00143
1169.60596,-0.00054
1168.64174,-0.00016
1167.67751,-0.00022
1166.71329,-0.00032
1165.74906,-0.00023
1164.78483,0.00004
1163.82061,0.00036
1162.85638,0.00072
1161.89216,0.00121
1160.92793,0.00182
1159.96370,0.00234
1158.99948,0.00245
1158.03525,0.00205
1157.07103,0.00128
1156.10680,0.00050
1155.14258,0.00003
1154.17835,0.00004
1153.21412,0.00053
1152.24990,0.00130
1151.28567,0.00209
1150.32145,0.00269
1149.35722,0.00294
1148.39299,0.00274
1147.42877,0.00200
1146.46454,0.00070
1145.50032,-0.00100
1144.53609,-0.00277
1143.57187,-0.00425
1142.60764,-0.00519
1141.64341,-0.00544
1140.67919,-0.00487
1139.71496,-0.00340
1138.75074,-0.00121
1137.78651,0.00111
1136.82228,0.00277
1135.85806,0.00321
1134.89383,0.00251
1133.92961,0.00127
1132.96538,0.00018
1132.00116,-0.00042
1131.03693,-0.00068
1130.07270,-0.00093
1129.10848,-0.00143
1128.14425,-0.00208
1127.18003,-0.00259
1126.21580,-0.00264
1125.25157,-0.00213
1124.28735,-0.00119
1123.32312,-0.00011
1122.35890,0.00073
1121.39467,0.00097
1120.43044,0.00053
1119.46622,-0.00017
1118.50199,-0.00035
1117.53777,0.00050
1116.57354,0.00201
1115.60932,0.00301
1114.64509,0.00241
1113.68086,0.00025
1112.71664,-0.00226
1111.75241,-0.00365
1110.78819,-0.00321
1109.82396,-0.00134
1108.85973,0.00107
1107.89551,0.00321
1106.93128,0.00446
1105.96706,0.00432
1105.00283,0.00270
1104.03861,0.00029
1103.07438,-0.00160
1102.11015,-0.00202
1101.14593,-0.00127
1100.18170,-0.00063
1099.21748,-0.00115
1098.25325,-0.00265
1097.28902,-0.00393
1096.32480,-0.00395
1095.36057,-0.00274
1094.39635,-0.00123
1093.43212,-0.00035
1092.46790,-0.00031
1091.50367,-0.00068
1090.53944,-0.00093
1089.57522,-0.00087
1088.61099,-0.00063
1087.64677,-0.00047
1086.68254,-0.00049
1085.71831,-0.00061
1084.75409,-0.00073
1083.78986,-0.00071
1082.82564,-0.00049
1081.86141,-0.00009
1080.89718,0.00029
1079.93296,0.00028
1078.96873,-0.00036
1078.00451,-0.00138
1077.04028,-0.00210
1076.07606,-0.00191
1075.11183,-0.00089
1074.14760,0.00024
1073.18338,0.00077
1072.21915,0.00062
1071.25493,0.00023
1070.29070,-0.00019
1069.32647,-0.00097
1068.36225,-0.00246
1067.39802,-0.00429
1066.43380,-0.00528
1065.46957,-0.00433
1064.50535,-0.00142
1063.54112,0.00226
1062.57689,0.00508
1061.61267,0.00590
1060.64844,0.00457
1059.68422,0.00186
1058.71999,-0.00096
1057.75576,-0.00279
1056.79154,-0.00328
1055.82731,-0.00295
1054.86309,-0.00264
1053.89886,-0.00271
1052.93463,-0.00277
1051.97041,-0.00228
1051.00618,-0.00122
1050.04196,-0.00021
1049.07773,0.00020
1048.11351,0.00007
1047.14928,-0.00004
1046.18505,0.00036
1045.22083,0.00133
1044.25660,0.00252
1043.29238,0.00351
1042.32815,0.00389
1041.36392,0.00343
1040.39970,0.00223
1039.43547,0.00074
1038.47125,-0.00046
1037.50702,-0.00115
1036.54280,-0.00154
1035.57857,-0.00191
1034.61434,-0.00220
1033.65012,-0.00204
1032.68589,-0.00125
1031.72167,-0.00011
1030.75744,0.00086
1029.79321,0.00135
1028.82899,0.00150
1027.86476,0.00161
1026.90054,0.00182
1025.93631,0.00210
1024.97209,0.00242
1024.00786,0.00282
1023.04363,0.00329
1022.07941,0.00366
1021.11518,0.00369
1020.15096,0.00327
1019.18673,0.00253
1018.22250,0.00174
1017.25828,0.00109
1016.29405,0.00060
1015.32983,0.00011
1014.36560,-0.00052
1013.40137,-0.00134
1012.43715,-0.00220
1011.47292,-0.00288
1010.50870,-0.00308
1009.54447,-0.00260
1008.58025,-0.00155
1007.61602,-0.00048
1006.65179,-0.00023
1005.68757,-0.00127
1004.72334,-0.00312
1003.75912,-0.00454
1002.79489,-0.00455
1001.83066,-0.00333
1000.86644,-0.00202
999.90221,-0.00162
998.93799,-0.00204
997.97376,-0.00239
997.00954,-0.00198
996.04531,-0.00093
995.08108,0.00025
994.11686,0.00126
993.15263,0.00213
992.18841,0.00273
991.22418,0.00258
990.25995,0.00139
989.29573,-0.00044
988.33150,-0.00203
987.36728,-0.00271
986.40305,-0.00262
985.43882,-0.00246
984.47460,-0.00280
983.51037,-0.00367
982.54615,-0.00459
981.58192,-0.00499
980.61770,-0.00457
979.65347,-0.00351
978.68924,-0.00231
977.72502,-0.00140
976.76079,-0.00092
975.79657,-0.00071
974.83234,-0.00042
973.86811,0.00033
972.90389,0.00184
971.93966,0.00392
970.97544,0.00557
970.01121,0.00546
969.04699,0.00303
968.08276,-0.00072
967.11853,-0.00385
966.15431,-0.00503
965.19008,-0.00453
964.22586,-0.00360
963.26163,-0.00319
962.29740,-0.00334
961.33318,-0.00385
960.36895,-0.00464
959.40473,-0.00546
958.44050,-0.00555
957.47628,-0.00434
956.51205,-0.00250
955.54782,-0.00171
954.58360,-0.00297
953.61937,-0.00540
952.65515,-0.00702
951.69092,-0.00680
950.72669,-0.00547
949.76247,-0.00442
948.79824,-0.00414
947.83402,-0.00422
946.86979,-0.00422
945.90556,-0.00428
944.94134,-0.00452
943.97711,-0.00447
943.01289,-0.00340
942.04866,-0.00115
941.08444,0.00170
940.12021,0.00437
939.15598,0.00619
938.19176,0.00656
937.22753,0.00503
936.26331,0.00192
935.29908,-0.00135
934.33485,-0.00306
933.37063,-0.00261
932.40640,-0.00105
931.44218,-0.00002
930.47795,-0.00039
929.51373,-0.00189
928.54950,-0.00365
927.58527,-0.00486
926.62105,-0.00491
925.65682,-0.00346
924.69260,-0.00061
923.72837,0.00295
922.76414,0.00624
921.79992,0.00832
920.83569,0.00846
919.87147,0.00639
918.90724,0.00283
917.94302,-0.00039
916.97879,-0.00134
916.01456,0.00038
915.05034,0.00307
914.08611,0.00433
913.12189,0.00321
912.15766,0.00087
911.19343,-0.00083
910.22921,-0.00101
909.26498,0.00010
908.30076,0.00214
907.33653,0.00494
906.37230,0.00791
905.40808,0.00978
904.44385,0.00969
903.47963,0.00827
902.51540,0.00701
901.55118,0.00657
900.58695,0.00608
899.62272,0.00427
898.65850,0.00121
897.69427,-0.00160
896.73005,-0.00263
895.76582,-0.00156
894.80159,0.00084
893.83737,0.00372
892.87314,0.00659
891.90892,0.00898
890.94469,0.00997
889.98047,0.00857
889.01624,0.00444
888.05201,-0.00162
887.08779,-0.00785
886.12356,-0.01232
885.15934,-0.01391
884.19511,-0.01292
883.23088,-0.01056
882.26666,-0.00789
881.30243,-0.00544
880.33821,-0.00356
879.37398,-0.00275
878.40975,-0.00323
877.44553,-0.00407
876.48130,-0.00368
875.51708,-0.00141
874.55285,0.00156
873.58863,0.00317
872.62440,0.00258
871.66017,0.00079
870.69595,-0.00063
869.73172,-0.00104
868.76750,-0.00079
867.80327,-0.00021
866.83904,0.00052
865.87482,0.00073
864.91059,-0.00081
863.94637,-0.00462
862.98214,-0.00948
862.01792,-0.01314
861.05369,-0.01439
860.08946,-0.01394
859.12524,-0.01306
858.16101,-0.01198
857.19679,-0.01004
856.23256,-0.00714
855.26833,-0.00425
854.30411,-0.00231
853.33988,-0.00119
852.37566,-0.00017
851.41143,0.00073
850.44721,0.00053
849.48298,-0.00140
848.51875,-0.00416
847.55453,-0.00587
846.59030,-0.00542
845.62608,-0.00331
844.66185,-0.00089
843.69762,0.00118
842.73340,0.00316
841.76917,0.00528
840.80495,0.00683
839.84072,0.00640
838.87649,0.00306
837.91227,-0.00256
836.94804,-0.00829
835.98382,-0.01175
835.01959,-0.01172
834.05537,-0.00880
833.09114,-0.00476
832.12691,-0.00142
831.16269,0.00019
830.19846,0.00005
829.23424,-0.00104
828.27001,-0.00175
827.30578,-0.00091
826.34156,0.00154
825.37733,0.00416
824.41311,0.00504
823.44888,0.00355
822.48466,0.00107
821.52043,-0.00013
820.55620,0.00103
819.59198,0.00336
818.62775,0.00445
817.66353,0.00269
816.69930,-0.00135
815.73507,-0.00508
814.77085,-0.00546
813.80662,-0.00126
812.84240,0.00576
811.87817,0.01174
810.91395,0.01342
809.94972,0.01048
808.98549,0.00532
808.02127,0.00086
807.05704,-0.00176
806.09282,-0.00323
805.12859,-0.00447
804.16436,-0.00550
803.20014,-0.00585
802.23591,-0.00545
801.27169,-0.00470
800.30746,-0.00378
799.34323,-0.00259
798.37901,-0.00132
797.41478,-0.00075
796.45056,-0.00153
795.48633,-0.00326
794.52211,-0.00467
793.55788,-0.00484
792.59365,-0.00407
791.62943,-0.00336
790.66520,-0.00348
789.70098,-0.00447
788.73675,-0.00577
787.77252,-0.00678
786.80830,-0.00718
785.84407,-0.00721
784.87985,-0.00755
783.91562,-0.00867
782.95140,-0.01004
781.98717,-0.01051
781.02294,-0.00958
780.05872,-0.00828
779.09449,-0.00825
778.13027,-0.00991
777.16604,-0.01174
776.20181,-0.01193
775.23759,-0.01020
774.27336,-0.00790
773.30914,-0.00638
772.34491,-0.00565
771.38068,-0.00482
770.41646,-0.00332
769.45223,-0.00145
768.48801,0.00011
767.52378,0.00092
766.55956,0.00081
765.59533,-0.00020
764.63110,-0.00163
763.66688,-0.00250
762.70265,-0.00200
761.73843,-0.00045
760.77420,0.00083
759.80997,0.00066
758.84575,-0.00098
757.88152,-0.00305
756.91730,-0.00435
755.95307,-0.00432
754.98885,-0.00311
754.02462,-0.00143
753.06039,-0.00014
752.09617,0.00015
751.13194,-0.00060
750.16772,-0.00184
749.20349,-0.00298
748.23926,-0.00387
747.27504,-0.00471
746.31081,-0.00569
745.34659,-0.00687
744.38236,-0.00823
743.41814,-0.00957
742.45391,-0.01025
741.48968,-0.00946
740.52546,-0.00705
739.56123,-0.00410
738.59701,-0.00230
737.63278,-0.00245
736.66855,-0.00404
735.70433,-0.00613
734.74010,-0.00830
733.77588,-0.01035
732.81165,-0.01147
731.84742,-0.01045
730.88320,-0.00706
729.91897,-0.00260
728.95475,0.00114
727.99052,0.00339
727.02630,0.00453
726.06207,0.00488
725.09784,0.00393
724.13362,0.00121
723.16939,-0.00248
722.20517,-0.00537
721.24094,-0.00619
720.27671,-0.00512
719.31249,-0.00320
718.34826,-0.00124
717.38404,0.00029
716.41981,0.00116
715.45559,0.00150
714.49136,0.00202
713.52713,0.00338
712.56291,0.00521
711.59868,0.00608
710.63446,0.00491
709.67023,0.00214
708.70600,-0.00060
707.74178,-0.00203
706.77755,-0.00203
705.81333,-0.00119
704.84910,-0.00007
703.88487,0.00111
702.92065,0.00219
701.95642,0.00308
700.99220,0.00390
700.02797,0.00485
699.06375,0.00577
698.09952,0.00609
697.13529,0.00542
696.17107,0.00419
695.20684,0.00316
694.24262,0.00244
693.27839,0.00136
692.31416,-0.00058
691.34994,-0.00296
690.38571,-0.00493
689.42149,-0.00635
688.45726,-0.00756
687.49304,-0.00832
686.52881,-0.00747
685.56458,-0.00437
684.60036,-0.00021
683.63613,0.00279
682.67191,0.00354
681.70768,0.00301
680.74345,0.00294
679.77923,0.00377
678.81500,0.00463
677.85078,0.00496
676.88655,0.00542
675.92233,0.00683
674.95810,0.00881
673.99387,0.00996
673.02965,0.00943
672.06542,0.00781
671.10120,0.00629
670.13697,0.00531
669.17274,0.00415
668.20852,0.00168
667.24429,-0.00268
666.28007,-0.00849
665.31584,-0.01440
664.35161,-0.01857
663.38739,-0.01918
662.42316,-0.01555
661.45894,-0.00915
660.49471,-0.00287
659.53049,0.00124
658.56626,0.00325
657.60203,0.00434
656.63781,0.00503
655.67358,0.00447
654.70936,0.00169
653.74513,-0.00299
652.78090,-0.00787
651.81668,-0.01110
650.85245,-0.01190
649.88823,-0.01063
648.92400,-0.00822
647.95978,-0.00544
646.99555,-0.00261
646.03132,0.00024
645.06710,0.00298
644.10287,0.00489
643.13865,0.00481
642.17442,0.00236
641.21019,-0.00099
640.24597,-0.00242
639.28174,-0.00014
638.31752,0.00444
637.35329,0.00731
636.38907,0.00537
635.42484,-0.00018
634.46061,-0.00416
633.49639,-0.00164
632.53216,0.00738
631.56794,0.01730
630.60371,0.02123
629.63948,0.01624
628.67526,0.00496
627.71103,-0.00730
626.74681,-0.01605
625.78258,-0.01912
624.81835,-0.01669
623.85413,-0.01128
622.88990,-0.00690
621.92568,-0.00660
620.96145,-0.01000
619.99723,-0.01356
619.03300,-0.01382
618.06877,-0.01066
617.10455,-0.00691
616.14032,-0.00494
615.17610,-0.00463
614.21187,-0.00477
613.24764,-0.00522
612.28342,-0.00638
611.31919,-0.00728
610.35497,-0.00540
609.39074,0.00062
608.42652,0.00871
607.46229,0.01487
606.49806,0.01664
605.53384,0.01431
604.56961,0.00929
603.60539,0.00272
602.64116,-0.00367
601.67693,-0.00753
600.71271,-0.00818
599.74848,-0.00830
598.78426,-0.01135
597.82003,-0.01718
596.85580,-0.02168
595.89158,-0.02157
594.92735,-0.01903
593.96313,-0.01927
592.99890,-0.02353
592.03468,-0.02654
591.07045,-0.02259
590.10622,-0.01275
589.14200,-0.00408
588.17777,-0.00183
587.21355,-0.00448
586.24932,-0.00671
585.28509,-0.00530
584.32087,-0.00139
583.35664,0.00195
582.39242,0.00242
581.42819,-0.00082
580.46397,-0.00656
579.49974,-0.01162
578.53551,-0.01232
577.57129,-0.00752
576.60706,-0.00030
575.64284,0.00394
574.67861,0.00368
573.71438,0.00417
572.75016,0.01170
571.78593,0.02700
570.82171,0.04318
569.85748,0.05087
568.89326,0.04419
567.92903,0.02451
566.96480,-0.00312
566.00058,-0.03169
565.03635,-0.05144
564.07213,-0.05222
563.10790,-0.02896
562.14367,0.01590
561.17945,0.07147
560.21522,0.12031
559.25100,0.14198
558.28677,0.12721
557.32254,0.08818
556.35832,0.04634
555.39409,0.01633
554.42987,0.00314
553.46564,0.00457
552.50142,0.01841
551.53719,0.04471
550.57296,0.07860
549.60874,0.10608
548.64451,0.10766
547.68029,0.08177
546.71606,0.04876
545.75183,0.02870
544.78761,0.02958
543.82338,0.05042
542.85916,0.08834
541.89493,0.13646
540.93071,0.17645
539.96648,0.18581
539.00225,0.14438
538.03803,0.07960
537.07380,0.04309
536.10958,0.05071
535.14535,0.07568
534.18112,0.08994
533.21690,0.08285
532.25267,0.07019
531.28845,0.07299
530.32422,0.08223
529.36000,0.06754
528.39577,0.01089
527.43154,-0.06701
526.46732,-0.13759
525.50309,-0.18718
524.53887,-0.21691
523.57464,-0.22298
522.61041,-0.17410
521.64619,-0.06786
520.68196,0.06868
519.71774,0.24629
518.75351,0.39180
517.78928,0.36648
516.82506,0.17543
515.86083,0.00943
514.89661,-0.06352
513.93238,-0.07652
512.96816,-0.06093
512.00393,-0.01791
511.03970,0.06345
510.07548,0.16886
509.11125,0.26437
508.14703,0.32651
507.18280,0.33480
506.21857,0.31642
505.25435,0.30060
504.29012,0.29844
503.32590,0.29555
502.36167,0.30446
501.39745,0.34401
500.43322,0.41996
499.46899,0.48223
498.50477,0.44285
497.54054,0.30030
496.57632,0.13377
495.61209,-0.01016
494.64786,-0.12173
493.68364,-0.19352
492.71941,-0.19574
491.75519,-0.09987
490.79096,0.04972
489.82673,0.16976
488.86251,0.21344
487.89828,0.21313
486.93406,0.23145
485.96983,0.29826
485.00561,0.38350
484.04138,0.43624
483.07715,0.44089
482.11293,0.42562
481.14870,0.42771
480.18448,0.40751
479.22025,0.39550
478.25602,0.43561
477.29180,0.55252
476.32757,0.76898
475.36335,1.16719
474.39912,2.00538
473.43490,1.43301
472.47067,0.66839
471.50644,0.30019
470.54222,0.11460
469.57799,0.04289
468.61377,0.05959
467.64954,0.13117
466.68531,0.20408
465.72109,0.24350
464.75686,0.24049
463.79264,0.21228
462.82841,0.17768
461.86419,0.13783
460.89996,0.08719
459.93573,0.02877
458.97151,0.00526
458.00728,0.08331
457.04306,0.25641
456.07883,0.44170
455.11460,0.53386
454.15038,0.46592
453.18615,0.27695
452.22193,0.11510
451.25770,0.12197
450.29347,0.29217
449.32925,0.50786
448.36502,0.63704
447.40080,0.60805
446.43657,0.51409
445.47235,0.46041
444.50812,0.52715
443.54389,0.55209
442.57967,0.42017
441.61544,0.25698
440.65122,0.11151
439.68699,0.01401
438.72276,0.03332
437.75854,0.23007
436.79431,0.53362
435.83009,0.69532
434.86586,0.94940
433.90164,0.89752
432.93741,0.79945
431.97318,0.74154
431.00896,0.70689
430.04473,0.49699
429.08051,0.07324
428.11628,-0.38635
427.15205,-0.62832
426.18783,-0.46443
425.22360,-0.17825
424.25938,0.02693
423.29515,0.09625
422.33092,0.10804
421.36670,0.13528
420.40247,0.21604
419.43825,0.32251
418.47402,0.36332
417.50980,0.29561
416.54557,0.18887
415.58134,0.17159
414.61712,0.31079
413.65289,0.61562
412.68867,1.46584
411.72444,6.00000
410.76021,1.36221
409.79599,0.20873
408.83176,-0.10364
407.86754,-0.19459
406.90331,-0.18651
405.93909,-0.11978
404.97486,-0.03423
404.01063,0.00527
403.04641,-0.02338
402.08218,-0.12041
401.11796,-0.25480
400.15373,-0.36065
399.18950,-0.34352
398.22528,-0.21323
397.26105,-0.05255
396.29683,0.09832
395.33260,0.22627
394.36838,0.38110
393.40415,0.70742
392.43992,6.00000
391.47570,6.00000
390.51147,6.00000
389.54725,6.00000
388.58302,6.00000
387.61879,1.32591
386.65457,0.18297
385.69034,-0.23437
384.72612,-0.43083
383.76189,-0.38831
382.79766,-0.19074
381.83344,0.06065
380.86921,0.30547
379.90499,0.45083
378.94076,0.51320
377.97654,0.52426
377.01231,0.47724
376.04808,0.38631
375.08386,0.34605
374.11963,0.36828
373.15541,0.38860
372.19118,0.41030
371.22695,0.44320
370.26273,0.49513
369.29850,0.54247
368.33428,0.50986
367.37005,0.35665
366.40583,0.11544
365.44160,-0.13211
364.47737,-0.31748
363.51315,-0.35544
362.54892,-0.29069
361.58470,-0.27659
360.62047,-0.18687
359.65624,-0.12329
358.69202,-0.15530
357.72779,-0.21033
356.76357,-0.23037
355.79934,-0.22802
354.83512,-0.20983
353.87089,-0.14429
352.90666,0.05208
351.94244,0.36493
350.97821,0.47858
350.01399,0.30807
349.04976,0.14308
