3946.57643,-0.00126
3945.61220,-0.00120
3944.64798,-0.00098
3943.68375,-0.00083
3942.71953,-0.00082
3941.75530,-0.00091
3940.79107,-0.00090
3939.82685,-0.00063
3938.86262,-0.00007
3937.89840,0.00061
3936.93417,0.00112
3935.96994,0.00115
3935.00572,0.00070
3934.04149,0.00005
3933.07727,-0.00037
3932.11304,-0.00040
3931.14882,-0.00022
3930.18459,-0.00017
3929.22036,-0.00050
3928.25614,-0.00118
3927.29191,-0.00202
3926.32769,-0.00282
3925.36346,-0.00345
3924.39923,-0.00383
3923.43501,-0.00389
3922.47078,-0.00362
3921.50656,-0.00312
3920.54233,-0.00253
3919.57811,-0.00202
3918.61388,-0.00165
3917.64965,-0.00131
3916.68543,-0.00089
3915.72120,-0.00039
3914.75698,-0.00001
3913.79275,-0.00003
3912.82852,-0.00050
3911.86430,-0.00116
3910.90007,-0.00163
3909.93585,-0.00173
3908.97162,-0.00156
3908.00739,-0.00138
3907.04317,-0.00128
3906.07894,-0.00115
3905.11472,-0.00082
3904.15049,-0.00028
3903.18627,0.00022
3902.22204,0.00033
3901.25781,-0.00020
3900.29359,-0.00126
3899.32936,-0.00240
3898.36514,-0.00304
3897.40091,-0.00287
3896.43668,-0.00202
3895.47246,-0.00090
3894.50823,0.00005
3893.54401,0.00060
3892.57978,0.00066
3891.61556,0.00014
3890.65133,-0.00095
3889.68710,-0.00229
3888.72288,-0.00327
3887.75865,-0.00335
3886.79443,-0.00252
3885.83020,-0.00136
3884.86597,-0.00062
3883.90175,-0.00061
3882.93752,-0.00107
3881.97330,-0.00151
3881.00907,-0.00166
3880.04485,-0.00160
3879.08062,-0.00148
3878.11639,-0.00137
3877.15217,-0.00123
3876.18794,-0.00102
3875.22372,-0.00083
3874.25949,-0.00078
3873.29526,-0.00089
3872.33104,-0.00111
3871.36681,-0.00137
3870.40259,-0.00165
3869.43836,-0.00193
3868.47413,-0.00219
3867.50991,-0.00244
3866.54568,-0.00266
3865.58146,-0.00277
3864.61723,-0.00267
3863.65301,-0.00232
3862.68878,-0.00188
3861.72455,-0.00170
3860.76033,-0.00199
3859.79610,-0.00266
3858.83188,-0.00327
3857.86765,-0.00349
3856.90342,-0.00329
3855.93920,-0.00302
3854.97497,-0.00296
3854.01075,-0.00310
3853.04652,-0.00314
3852.08230,-0.00282
3851.11807,-0.00229
3850.15384,-0.00196
3849.18962,-0.00216
3848.22539,-0.00286
3847.26117,-0.00362
3846.29694,-0.00390
3845.33271,-0.00340
3844.36849,-0.00228
3843.40426,-0.00107
3842.44004,-0.00024
3841.47581,0.00004
3840.51159,-0.00006
3839.54736,-0.00029
3838.58313,-0.00059
3837.61891,-0.00104
3836.65468,-0.00164
3835.69046,-0.00219
3834.72623,-0.00240
3833.76200,-0.00210
3832.79778,-0.00145
3831.83355,-0.00076
3830.86933,-0.00032
3829.90510,-0.00027
3828.94087,-0.00057
3827.97665,-0.00109
3827.01242,-0.00169
3826.04820,-0.00224
3825.08397,-0.00265
3824.11975,-0.00289
3823.15552,-0.00297
3822.19129,-0.00294
3821.22707,-0.00283
3820.26284,-0.00273
3819.29862,-0.00269
3818.33439,-0.00274
3817.37016,-0.00285
3816.40594,-0.00297
3815.44171,-0.00299
3814.47749,-0.00282
3813.51326,-0.00245
3812.54904,-0.00204
3811.58481,-0.00182
3810.62058,-0.00195
3809.65636,-0.00231
3808.69213,-0.00255
3807.72791,-0.00229
3806.76368,-0.00149
3805.79945,-0.00047
3804.83523,0.00025
3803.87100,0.00034
3802.90678,-0.00018
3801.94255,-0.00098
3800.97832,-0.00160
3800.01410,-0.00175
3799.04987,-0.00143
3798.08565,-0.00090
3797.12142,-0.00040
3796.15720,-0.00004
3795.19297,0.00022
3794.22874,0.00037
3793.26452,0.00036
3792.30029,0.00014
3791.33607,-0.00019
3790.37184,-0.00051
3789.40761,-0.00079
3788.44339,-0.00115
3787.47916,-0.00171
3786.51494,-0.00236
3785.55071,-0.00285
3784.58649,-0.00299
3783.62226,-0.00282
3782.65803,-0.00249
3781.69381,-0.00207
3780.72958,-0.00149
3779.76536,-0.00076
3778.80113,-0.00012
3777.83690,0.00011
3776.87268,-0.00015
3775.90845,-0.00061
3774.94423,-0.00083
3773.98000,-0.00061
3773.01578,-0.00020
3772.05155,-0.00007
3771.08732,-0.00048
3770.12310,-0.00130
3769.15887,-0.00210
3768.19465,-0.00256
3767.23042,-0.00257
3766.26619,-0.00223
3765.30197,-0.00161
3764.33774,-0.00080
3763.37352,0.00004
3762.40929,0.00062
3761.44506,0.00071
3760.48084,0.00036
3759.51661,-0.00015
3758.55239,-0.00059
3757.58816,-0.00094
3756.62394,-0.00127
3755.65971,-0.00158
3754.69548,-0.00173
3753.73126,-0.00164
3752.76703,-0.00144
3751.80281,-0.00132
3750.83858,-0.00127
3749.87435,-0.00115
3748.91013,-0.00087
3747.94590,-0.00061
3746.98168,-0.00062
3746.01745,-0.00095
3745.05323,-0.00139
3744.08900,-0.00171
3743.12477,-0.00184
3742.16055,-0.00186
3741.19632,-0.00181
3740.23210,-0.00166
3739.26787,-0.00143
3738.30364,-0.00130
3737.33942,-0.00140
3736.37519,-0.00166
3735.41097,-0.00179
3734.44674,-0.00155
3733.48251,-0.00103
3732.51829,-0.00055
3731.55406,-0.00043
3730.58984,-0.00074
3729.62561,-0.00122
3728.66139,-0.00155
3727.69716,-0.00154
3726.73293,-0.00131
3725.76871,-0.00111
3724.80448,-0.00108
3723.84026,-0.00114
3722.87603,-0.00107
3721.91180,-0.00079
3720.94758,-0.00049
3719.98335,-0.00040
3719.01913,-0.00058
3718.05490,-0.00086
3717.09068,-0.00110
3716.12645,-0.00123
3715.16222,-0.00127
3714.19800,-0.00118
3713.23377,-0.00094
3712.26955,-0.00065
3711.30532,-0.00051
3710.34109,-0.00056
3709.37687,-0.00067
3708.41264,-0.00074
3707.44842,-0.00084
3706.48419,-0.00119
3705.51997,-0.00170
3704.55574,-0.00200
3703.59151,-0.00178
3702.62729,-0.00116
3701.66306,-0.00062
3700.69884,-0.00047
3699.73461,-0.00058
3698.77038,-0.00064
3697.80616,-0.00058
3696.84193,-0.00064
3695.87771,-0.00095
3694.91348,-0.00130
3693.94925,-0.00141
3692.98503,-0.00128
3692.02080,-0.00113
3691.05658,-0.00109
3690.09235,-0.00102
3689.12813,-0.00071
3688.16390,-0.00028
3687.19967,-0.00010
3686.23545,-0.00034
3685.27122,-0.00077
3684.30700,-0.00105
3683.34277,-0.00107
3682.37854,-0.00101
3681.41432,-0.00104
3680.45009,-0.00107
3679.48587,-0.00092
3678.52164,-0.00058
3677.55742,-0.00028
3676.59319,-0.00019
3675.62896,-0.00026
3674.66474,-0.00022
3673.70051,0.00013
3672.73629,0.00069
3671.77206,0.00121
3670.80783,0.00144
3669.84361,0.00133
3668.87938,0.00104
3667.91516,0.00080
3666.95093,0.00072
3665.98671,0.00066
3665.02248,0.00047
3664.05825,0.00013
3663.09403,-0.00015
3662.12980,-0.00013
3661.16558,0.00021
3660.20135,0.00071
3659.23712,0.00120
3658.27290,0.00167
3657.30867,0.00215
3656.34445,0.00260
3655.38022,0.00282
3654.41599,0.00265
3653.45177,0.00217
3652.48754,0.00161
3651.52332,0.00117
3650.55909,0.00089
3649.59487,0.00076
3648.63064,0.00070
3647.66641,0.00061
3646.70219,0.00043
3645.73796,0.00017
3644.77374,0.00002
3643.80951,0.00018
3642.84528,0.00068
3641.88106,0.00129
3640.91683,0.00165
3639.95261,0.00155
3638.98838,0.00111
3638.02416,0.00071
3637.05993,0.00071
3636.09570,0.00119
3635.13148,0.00189
3634.16725,0.00240
3633.20303,0.00244
3632.23880,0.00209
3631.27457,0.00171
3630.31035,0.00162
3629.34612,0.00184
3628.38190,0.00208
3627.41767,0.00206
3626.45344,0.00176
3625.48922,0.00138
3624.52499,0.00115
3623.56077,0.00117
3622.59654,0.00141
3621.63232,0.00179
3620.66809,0.00215
3619.70386,0.00236
3618.73964,0.00235
3617.77541,0.00222
3616.81119,0.00210
3615.84696,0.00198
3614.88273,0.00180
3613.91851,0.00159
3612.95428,0.00153
3611.99006,0.00182
3611.02583,0.00230
3610.06161,0.00262
3609.09738,0.00251
3608.13315,0.00207
3607.16893,0.00170
3606.20470,0.00165
3605.24048,0.00188
3604.27625,0.00221
3603.31202,0.00257
3602.34780,0.00296
3601.38357,0.00339
3600.41935,0.00378
3599.45512,0.00400
3598.49090,0.00399
3597.52667,0.00369
3596.56244,0.00309
3595.59822,0.00234
3594.63399,0.00180
3593.66977,0.00182
3592.70554,0.00239
3591.74131,0.00317
3590.77709,0.00372
3589.81286,0.00386
3588.84864,0.00368
3587.88441,0.00337
3586.92018,0.00300
3585.95596,0.00266
3584.99173,0.00250
3584.02751,0.00261
3583.06328,0.00285
3582.09906,0.00297
3581.13483,0.00286
3580.17060,0.00269
3579.20638,0.00270
3578.24215,0.00293
3577.27793,0.00316
3576.31370,0.00326
3575.34947,0.00330
3574.38525,0.00344
3573.42102,0.00370
3572.45680,0.00385
3571.49257,0.00368
3570.52835,0.00319
3569.56412,0.00258
3568.59989,0.00205
3567.63567,0.00168
3566.67144,0.00147
3565.70722,0.00145
3564.74299,0.00164
3563.77876,0.00198
3562.81454,0.00233
3561.85031,0.00255
3560.88609,0.00262
3559.92186,0.00268
3558.95764,0.00294
3557.99341,0.00347
3557.02918,0.00414
3556.06496,0.00459
3555.10073,0.00456
3554.13651,0.00406
3553.17228,0.00339
3552.20805,0.00291
3551.24383,0.00280
3550.27960,0.00298
3549.31538,0.00322
3548.35115,0.00332
3547.38692,0.00318
3546.42270,0.00282
3545.45847,0.00238
3544.49425,0.00205
3543.53002,0.00197
3542.56580,0.00212
3541.60157,0.00235
3540.63734,0.00251
3539.67312,0.00264
3538.70889,0.00291
3537.74467,0.00349
3536.78044,0.00433
3535.81621,0.00515
3534.85199,0.00560
3533.88776,0.00548
3532.92354,0.00486
3531.95931,0.00409
3530.99509,0.00355
3530.03086,0.00342
3529.06663,0.00349
3528.10241,0.00341
3527.13818,0.00296
3526.17396,0.00230
3525.20973,0.00181
3524.24550,0.00177
3523.28128,0.00211
3522.31705,0.00259
3521.35283,0.00294
3520.38860,0.00306
3519.42437,0.00298
3518.46015,0.00275
3517.49592,0.00245
3516.53170,0.00218
3515.56747,0.00206
3514.60325,0.00219
3513.63902,0.00259
3512.67479,0.00313
3511.71057,0.00363
3510.74634,0.00390
3509.78212,0.00385
3508.81789,0.00353
3507.85366,0.00308
3506.88944,0.00269
3505.92521,0.00244
3504.96099,0.00233
3503.99676,0.00226
3503.03254,0.00215
3502.06831,0.00199
3501.10408,0.00189
3500.13986,0.00202
3499.17563,0.00253
3498.21141,0.00340
3497.24718,0.00437
3496.28295,0.00504
3495.31873,0.00507
3494.35450,0.00447
3493.39028,0.00356
3492.42605,0.00278
3491.46183,0.00242
3490.49760,0.00250
3489.53337,0.00288
3488.56915,0.00337
3487.60492,0.00379
3486.64070,0.00395
3485.67647,0.00374
3484.71224,0.00328
3483.74802,0.00294
3482.78379,0.00308
3481.81957,0.00373
3480.85534,0.00458
3479.89111,0.00523
3478.92689,0.00548
3477.96266,0.00544
3476.99844,0.00527
3476.03421,0.00505
3475.06999,0.00477
3474.10576,0.00449
3473.14153,0.00432
3472.17731,0.00432
3471.21308,0.00452
3470.24886,0.00491
3469.28463,0.00546
3468.32040,0.00606
3467.35618,0.00646
3466.39195,0.00640
3465.42773,0.00593
3464.46350,0.00537
3463.49928,0.00508
3462.53505,0.00509
3461.57082,0.00514
3460.60660,0.00505
3459.64237,0.00491
3458.67815,0.00497
3457.71392,0.00527
3456.74969,0.00557
3455.78547,0.00558
3454.82124,0.00523
3453.85702,0.00469
3452.89279,0.00416
3451.92856,0.00373
3450.96434,0.00343
3450.00011,0.00333
3449.03589,0.00351
3448.07166,0.00392
3447.10744,0.00432
3446.14321,0.00445
3445.17898,0.00422
3444.21476,0.00377
3443.25053,0.00337
3442.28631,0.00326
3441.32208,0.00353
3440.35785,0.00403
3439.39363,0.00449
3438.42940,0.00469
3437.46518,0.00456
3436.50095,0.00421
3435.53673,0.00376
3434.57250,0.00332
3433.60827,0.00303
3432.64405,0.00310
3431.67982,0.00366
3430.71560,0.00454
3429.75137,0.00530
3428.78714,0.00549
3427.82292,0.00500
3426.85869,0.00417
3425.89447,0.00347
3424.93024,0.00314
3423.96602,0.00309
3423.00179,0.00308
3422.03756,0.00302
3421.07334,0.00303
3420.10911,0.00327
3419.14489,0.00373
3418.18066,0.00418
3417.21643,0.00439
3416.25221,0.00428
3415.28798,0.00409
3414.32376,0.00410
3413.35953,0.00440
3412.39530,0.00474
3411.43108,0.00485
3410.46685,0.00469
3409.50263,0.00460
3408.53840,0.00487
3407.57418,0.00547
3406.60995,0.00603
3405.64572,0.00620
3404.68150,0.00594
3403.71727,0.00548
3402.75305,0.00497
3401.78882,0.00445
3400.82459,0.00395
3399.86037,0.00364
3398.89614,0.00370
3397.93192,0.00414
3396.96769,0.00471
3396.00347,0.00518
3395.03924,0.00554
3394.07501,0.00589
3393.11079,0.00619
3392.14656,0.00628
3391.18234,0.00605
3390.21811,0.00560
3389.25388,0.00519
3388.28966,0.00492
3387.32543,0.00467
3386.36121,0.00433
3385.39698,0.00395
3384.43276,0.00372
3383.46853,0.00372
3382.50430,0.00384
3381.54008,0.00398
3380.57585,0.00417
3379.61163,0.00446
3378.64740,0.00480
3377.68317,0.00497
3376.71895,0.00484
3375.75472,0.00445
3374.79050,0.00395
3373.82627,0.00336
3372.86204,0.00267
3371.89782,0.00199
3370.93359,0.00159
3369.96937,0.00164
3369.00514,0.00198
3368.04092,0.00228
3367.07669,0.00241
3366.11246,0.00262
3365.14824,0.00317
3364.18401,0.00403
3363.21979,0.00481
3362.25556,0.00518
3361.29133,0.00518
3360.32711,0.00504
3359.36288,0.00486
3358.39866,0.00453
3357.43443,0.00394
3356.47021,0.00322
3355.50598,0.00270
3354.54175,0.00258
3353.57753,0.00288
3352.61330,0.00347
3351.64908,0.00422
3350.68485,0.00495
3349.72062,0.00541
3348.75640,0.00545
3347.79217,0.00515
3346.82795,0.00483
3345.86372,0.00472
3344.89949,0.00475
3343.93527,0.00469
3342.97104,0.00447
3342.00682,0.00431
3341.04259,0.00451
3340.07837,0.00504
3339.11414,0.00556
3338.14991,0.00566
3337.18569,0.00528
3336.22146,0.00477
3335.25724,0.00457
3334.29301,0.00485
3333.32878,0.00534
3332.36456,0.00561
3331.40033,0.00542
3330.43611,0.00490
3329.47188,0.00441
3328.50766,0.00418
3327.54343,0.00412
3326.57920,0.00400
3325.61498,0.00369
3324.65075,0.00336
3323.68653,0.00322
3322.72230,0.00331
3321.75807,0.00347
3320.79385,0.00351
3319.82962,0.00346
3318.86540,0.00354
3317.90117,0.00392
3316.93695,0.00458
3315.97272,0.00535
3315.00849,0.00594
3314.04427,0.00614
3313.08004,0.00585
3312.11582,0.00525
3311.15159,0.00472
3310.18736,0.00461
3309.22314,0.00498
3308.25891,0.00551
3307.29469,0.00584
3306.33046,0.00585
3305.36623,0.00567
3304.40201,0.00552
3303.43778,0.00542
3302.47356,0.00529
3301.50933,0.00514
3300.54511,0.00500
3299.58088,0.00484
3298.61665,0.00453
3297.65243,0.00400
3296.68820,0.00347
3295.72398,0.00331
3294.75975,0.00366
3293.79552,0.00424
3292.83130,0.00455
3291.86707,0.00431
3290.90285,0.00364
3289.93862,0.00296
3288.97440,0.00263
3288.01017,0.00275
3287.04594,0.00319
3286.08172,0.00371
3285.11749,0.00411
3284.15327,0.00427
3283.18904,0.00422
3282.22481,0.00406
3281.26059,0.00392
3280.29636,0.00382
3279.33214,0.00370
3278.36791,0.00351
3277.40369,0.00325
3276.43946,0.00293
3275.47523,0.00266
3274.51101,0.00256
3273.54678,0.00270
3272.58256,0.00303
3271.61833,0.00335
3270.65410,0.00349
3269.68988,0.00343
3268.72565,0.00331
3267.76143,0.00324
3266.79720,0.00326
3265.83297,0.00331
3264.86875,0.00339
3263.90452,0.00350
3262.94030,0.00354
3261.97607,0.00340
3261.01185,0.00310
3260.04762,0.00287
3259.08339,0.00296
3258.11917,0.00339
3257.15494,0.00389
3256.19072,0.00415
3255.22649,0.00410
3254.26226,0.00391
3253.29804,0.00375
3252.33381,0.00367
3251.36959,0.00365
3250.40536,0.00365
3249.44114,0.00367
3248.47691,0.00368
3247.51268,0.00364
3246.54846,0.00356
3245.58423,0.00346
3244.62001,0.00330
3243.65578,0.00307
3242.69155,0.00287
3241.72733,0.00288
3240.76310,0.00314
3239.79888,0.00339
3238.83465,0.00332
3237.87042,0.00297
3236.90620,0.00280
3235.94197,0.00322
3234.97775,0.00412
3234.01352,0.00490
3233.04930,0.00501
3232.08507,0.00449
3231.12084,0.00382
3230.15662,0.00346
3229.19239,0.00349
3228.22817,0.00366
3227.26394,0.00372
3226.29971,0.00359
3225.33549,0.00342
3224.37126,0.00336
3223.40704,0.00345
3222.44281,0.00356
3221.47859,0.00348
3220.51436,0.00315
3219.55013,0.00278
3218.58591,0.00265
3217.62168,0.00288
3216.65746,0.00323
3215.69323,0.00341
3214.72900,0.00336
3213.76478,0.00331
3212.80055,0.00345
3211.83633,0.00373
3210.87210,0.00395
3209.90788,0.00401
3208.94365,0.00396
3207.97942,0.00387
3207.01520,0.00371
3206.05097,0.00344
3205.08675,0.00311
3204.12252,0.00283
3203.15829,0.00260
3202.19407,0.00234
3201.22984,0.00203
3200.26562,0.00177
3199.30139,0.00167
3198.33716,0.00179
3197.37294,0.00204
3196.40871,0.00231
3195.44449,0.00257
3194.48026,0.00282
3193.51604,0.00310
3192.55181,0.00350
3191.58758,0.00403
3190.62336,0.00455
3189.65913,0.00479
3188.69491,0.00456
3187.73068,0.00395
3186.76645,0.00333
3185.80223,0.00297
3184.83800,0.00284
3183.87378,0.00277
3182.90955,0.00271
3181.94533,0.00276
3180.98110,0.00296
3180.01687,0.00312
3179.05265,0.00299
3178.08842,0.00255
3177.12420,0.00204
3176.15997,0.00173
3175.19574,0.00169
3174.23152,0.00177
3173.26729,0.00186
3172.30307,0.00192
3171.33884,0.00196
3170.37461,0.00198
3169.41039,0.00195
3168.44616,0.00187
3167.48194,0.00180
3166.51771,0.00181
3165.55349,0.00198
3164.58926,0.00230
3163.62503,0.00263
3162.66081,0.00278
3161.69658,0.00268
3160.73236,0.00251
3159.76813,0.00257
3158.80390,0.00291
3157.83968,0.00330
3156.87545,0.00344
3155.91123,0.00332
3154.94700,0.00316
3153.98278,0.00317
3153.01855,0.00328
3152.05432,0.00329
3151.09010,0.00313
3150.12587,0.00290
3149.16165,0.00267
3148.19742,0.00242
3147.23319,0.00215
3146.26897,0.00200
3145.30474,0.00205
3144.34052,0.00220
3143.37629,0.00218
3142.41207,0.00191
3141.44784,0.00161
3140.48361,0.00156
3139.51939,0.00182
3138.55516,0.00217
3137.59094,0.00237
3136.62671,0.00236
3135.66248,0.00220
3134.69826,0.00197
3133.73403,0.00173
3132.76981,0.00158
3131.80558,0.00165
3130.84135,0.00191
3129.87713,0.00215
3128.91290,0.00219
3127.94868,0.00201
3126.98445,0.00178
3126.02023,0.00163
3125.05600,0.00158
3124.09177,0.00162
3123.12755,0.00178
3122.16332,0.00202
3121.19910,0.00222
3120.23487,0.00221
3119.27064,0.00195
3118.30642,0.00156
3117.34219,0.00118
3116.37797,0.00085
3115.41374,0.00059
3114.44952,0.00047
3113.48529,0.00052
3112.52106,0.00065
3111.55684,0.00065
3110.59261,0.00049
3109.62839,0.00033
3108.66416,0.00044
3107.69993,0.00081
3106.73571,0.00124
3105.77148,0.00150
3104.80726,0.00163
3103.84303,0.00181
3102.87881,0.00213
3101.91458,0.00246
3100.95035,0.00259
3099.98613,0.00243
3099.02190,0.00202
3098.05768,0.00145
3097.09345,0.00083
3096.12922,0.00030
3095.16500,0.00002
3094.20077,0.00006
3093.23655,0.00037
3092.27232,0.00079
3091.30809,0.00119
3090.34387,0.00147
3089.37964,0.00155
3088.41542,0.00142
3087.45119,0.00119
3086.48697,0.00105
3085.52274,0.00110
3084.55851,0.00130
3083.59429,0.00152
3082.63006,0.00167
3081.66584,0.00175
3080.70161,0.00178
3079.73738,0.00170
3078.77316,0.00141
3077.80893,0.00096
3076.84471,0.00048
3075.88048,0.00011
3074.91626,-0.00012
3073.95203,-0.00021
3072.98780,-0.00015
3072.02358,0.00012
3071.05935,0.00057
3070.09513,0.00108
3069.13090,0.00145
3068.16667,0.00158
3067.20245,0.00147
3066.23822,0.00123
3065.27400,0.00102
3064.30977,0.00100
3063.34554,0.00125
3062.38132,0.00167
3061.41709,0.00203
3060.45287,0.00216
3059.48864,0.00204
3058.52442,0.00177
3057.56019,0.00146
3056.59596,0.00112
3055.63174,0.00077
3054.66751,0.00048
3053.70329,0.00030
3052.73906,0.00022
3051.77483,0.00020
3050.81061,0.00032
3049.84638,0.00069
3048.88216,0.00127
3047.91793,0.00174
3046.95371,0.00170
3045.98948,0.00110
3045.02525,0.00035
3044.06103,-0.00002
3043.09680,0.00020
3042.13258,0.00074
3041.16835,0.00112
3040.20412,0.00108
3039.23990,0.00072
3038.27567,0.00031
3037.31145,0.00011
3036.34722,0.00022
3035.38300,0.00056
3034.41877,0.00091
3033.45454,0.00101
3032.49032,0.00082
3031.52609,0.00050
3030.56187,0.00029
3029.59764,0.00024
3028.63341,0.00016
3027.66919,-0.00007
3026.70496,-0.00030
3025.74074,-0.00027
3024.77651,0.00010
3023.81228,0.00057
3022.84806,0.00082
3021.88383,0.00072
3020.91961,0.00046
3019.95538,0.00030
3018.99116,0.00033
3018.02693,0.00046
3017.06270,0.00052
3016.09848,0.00041
3015.13425,0.00016
3014.17003,-0.00013
3013.20580,-0.00027
3012.24157,-0.00014
3011.27735,0.00021
3010.31312,0.00057
3009.34890,0.00074
3008.38467,0.00067
3007.42045,0.00049
3006.45622,0.00036
3005.49199,0.00036
3004.52777,0.00048
3003.56354,0.00070
3002.59932,0.00098
3001.63509,0.00123
3000.67086,0.00137
2999.70664,0.00134
2998.74241,0.00115
2997.77819,0.00087
2996.81396,0.00049
2995.84974,0.00005
2994.88551,-0.00038
2993.92128,-0.00072
2992.95706,-0.00094
2991.99283,-0.00108
2991.02861,-0.00115
2990.06438,-0.00110
2989.10015,-0.00088
2988.13593,-0.00055
2987.17170,-0.00029
2986.20748,-0.00020
2985.24325,-0.00027
2984.27902,-0.00036
2983.31480,-0.00041
2982.35057,-0.00040
2981.38635,-0.00036
2980.42212,-0.00023
2979.45790,-0.00001
2978.49367,0.00022
2977.52944,0.00025
2976.56522,-0.00006
2975.60099,-0.00060
2974.63677,-0.00107
2973.67254,-0.00117
2972.70831,-0.00083
2971.74409,-0.00023
2970.77986,0.00034
2969.81564,0.00066
2968.85141,0.00067
2967.88719,0.00047
2966.92296,0.00023
2965.95873,0.00007
2964.99451,0.00004
2964.03028,0.00010
2963.06606,0.00018
2962.10183,0.00025
2961.13760,0.00032
2960.17338,0.00045
2959.20915,0.00062
2958.24493,0.00077
2957.28070,0.00083
2956.31647,0.00076
2955.35225,0.00064
2954.38802,0.00056
2953.42380,0.00056
2952.45957,0.00055
2951.49535,0.00045
2950.53112,0.00024
2949.56689,-0.00002
2948.60267,-0.00031
2947.63844,-0.00064
2946.67422,-0.00099
2945.70999,-0.00126
2944.74576,-0.00133
2943.78154,-0.00114
2942.81731,-0.00078
2941.85309,-0.00044
2940.88886,-0.00023
2939.92464,-0.00016
2938.96041,-0.00017
2937.99618,-0.00019
2937.03196,-0.00017
2936.06773,-0.00010
2935.10351,-0.00001
2934.13928,0.00001
2933.17505,-0.00013
2932.21083,-0.00041
2931.24660,-0.00075
2930.28238,-0.00100
2929.31815,-0.00108
2928.35393,-0.00097
2927.38970,-0.00068
2926.42547,-0.00028
2925.46125,0.00011
2924.49702,0.00037
2923.53280,0.00042
2922.56857,0.00032
2921.60434,0.00022
2920.64012,0.00025
2919.67589,0.00038
2918.71167,0.00048
2917.74744,0.00037
2916.78321,0.00003
2915.81899,-0.00040
2914.85476,-0.00066
2913.89054,-0.00063
2912.92631,-0.00037
2911.96209,-0.00015
2910.99786,-0.00015
2910.03363,-0.00035
2909.06941,-0.00054
2908.10518,-0.00053
2907.14096,-0.00035
2906.17673,-0.00016
2905.21250,-0.00012
2904.24828,-0.00019
2903.28405,-0.00024
2902.31983,-0.00014
2901.35560,0.00008
2900.39138,0.00026
2899.42715,0.00024
2898.46292,-0.00003
2897.49870,-0.00040
2896.53447,-0.00061
2895.57025,-0.00046
2894.60602,0.00005
2893.64179,0.00065
2892.67757,0.00108
2891.71334,0.00120
2890.74912,0.00111
2889.78489,0.00096
2888.82066,0.00079
2887.85644,0.00055
2886.89221,0.00023
2885.92799,-0.00007
2884.96376,-0.00024
2883.99954,-0.00028
2883.03531,-0.00029
2882.07108,-0.00036
2881.10686,-0.00046
2880.14263,-0.00051
2879.17841,-0.00045
2878.21418,-0.00027
2877.24995,0.00008
2876.28573,0.00065
2875.32150,0.00138
2874.35728,0.00200
2873.39305,0.00214
2872.42883,0.00159
2871.46460,0.00054
2870.50037,-0.00055
2869.53615,-0.00127
2868.57192,-0.00145
2867.60770,-0.00125
2866.64347,-0.00091
2865.67924,-0.00063
2864.71502,-0.00042
2863.75079,-0.00023
2862.78657,-0.00006
2861.82234,0.00001
2860.85812,-0.00012
2859.89389,-0.00048
2858.92966,-0.00092
2857.96544,-0.00122
2857.00121,-0.00122
2856.03699,-0.00096
2855.07276,-0.00064
2854.10853,-0.00047
2853.14431,-0.00050
2852.18008,-0.00057
2851.21586,-0.00052
2850.25163,-0.00029
2849.28740,0.00005
2848.32318,0.00038
2847.35895,0.00069
2846.39473,0.00097
2845.43050,0.00116
2844.46628,0.00105
2843.50205,0.00052
2842.53782,-0.00029
2841.57360,-0.00104
2840.60937,-0.00142
2839.64515,-0.00144
2838.68092,-0.00133
2837.71669,-0.00130
2836.75247,-0.00133
2835.78824,-0.00130
2834.82402,-0.00120
2833.85979,-0.00114
2832.89557,-0.00128
2831.93134,-0.00155
2830.96711,-0.00177
2830.00289,-0.00178
2829.03866,-0.00159
2828.07444,-0.00134
2827.11021,-0.00113
2826.14598,-0.00102
2825.18176,-0.00103
2824.21753,-0.00112
2823.25331,-0.00120
2822.28908,-0.00119
2821.32486,-0.00106
2820.36063,-0.00090
2819.39640,-0.00080
2818.43218,-0.00073
2817.46795,-0.00058
2816.50373,-0.00031
2815.53950,-0.00006
2814.57527,0.00002
2813.61105,-0.00009
2812.64682,-0.00027
2811.68260,-0.00039
2810.71837,-0.00052
2809.75414,-0.00075
2808.78992,-0.00103
2807.82569,-0.00116
2806.86147,-0.00100
2805.89724,-0.00066
2804.93302,-0.00039
2803.96879,-0.00037
2803.00456,-0.00060
2802.04034,-0.00095
2801.07611,-0.00133
2800.11189,-0.00163
2799.14766,-0.00170
2798.18343,-0.00146
2797.21921,-0.00101
2796.25498,-0.00062
2795.29076,-0.00057
2794.32653,-0.00086
2793.36231,-0.00124
2792.39808,-0.00149
2791.43385,-0.00148
2790.46963,-0.00127
2789.50540,-0.00090
2788.54118,-0.00042
2787.57695,0.00003
2786.61272,0.00026
2785.64850,0.00012
2784.68427,-0.00033
2783.72005,-0.00085
2782.75582,-0.00118
2781.79159,-0.00120
2780.82737,-0.00104
2779.86314,-0.00095
2778.89892,-0.00109
2777.93469,-0.00146
2776.97047,-0.00184
2776.00624,-0.00202
2775.04201,-0.00195
2774.07779,-0.00176
2773.11356,-0.00156
2772.14934,-0.00134
2771.18511,-0.00098
2770.22088,-0.00051
2769.25666,-0.00012
2768.29243,-0.00008
2767.32821,-0.00039
2766.36398,-0.00082
2765.39976,-0.00111
2764.43553,-0.00124
2763.47130,-0.00135
2762.50708,-0.00152
2761.54285,-0.00159
2760.57863,-0.00136
2759.61440,-0.00080
2758.65017,-0.00021
2757.68595,0.00005
2756.72172,-0.00015
2755.75750,-0.00057
2754.79327,-0.00087
2753.82905,-0.00085
2752.86482,-0.00063
2751.90059,-0.00044
2750.93637,-0.00040
2749.97214,-0.00042
2749.00792,-0.00038
2748.04369,-0.00028
2747.07946,-0.00023
2746.11524,-0.00029
2745.15101,-0.00037
2744.18679,-0.00038
2743.22256,-0.00031
2742.25833,-0.00029
2741.29411,-0.00039
2740.32988,-0.00048
2739.36566,-0.00041
2738.40143,-0.00017
2737.43721,0.00006
2736.47298,0.00006
2735.50875,-0.00017
2734.54453,-0.00047
2733.58030,-0.00065
2732.61608,-0.00069
2731.65185,-0.00065
2730.68762,-0.00062
2729.72340,-0.00063
2728.75917,-0.00072
2727.79495,-0.00091
2726.83072,-0.00114
2725.86650,-0.00133
2724.90227,-0.00135
2723.93804,-0.00120
2722.97382,-0.00096
2722.00959,-0.00076
2721.04537,-0.00066
2720.08114,-0.00068
2719.11691,-0.00082
2718.15269,-0.00102
2717.18846,-0.00118
2716.22424,-0.00119
2715.26001,-0.00101
2714.29579,-0.00075
2713.33156,-0.00052
2712.36733,-0.00040
2711.40311,-0.00040
2710.43888,-0.00047
2709.47466,-0.00057
2708.51043,-0.00063
2707.54620,-0.00060
2706.58198,-0.00042
2705.61775,-0.00016
2704.65353,0.00005
2703.68930,0.00011
2702.72507,0.00004
2701.76085,-0.00003
2700.79662,-0.00004
2699.83240,-0.00002
2698.86817,-0.00006
2697.90395,-0.00020
2696.93972,-0.00040
2695.97549,-0.00057
2695.01127,-0.00070
2694.04704,-0.00078
2693.08282,-0.00087
2692.11859,-0.00096
2691.15436,-0.00103
2690.19014,-0.00106
2689.22591,-0.00102
2688.26169,-0.00090
2687.29746,-0.00070
2686.33324,-0.00050
2685.36901,-0.00040
2684.40478,-0.00041
2683.44056,-0.00049
2682.47633,-0.00051
2681.51211,-0.00042
2680.54788,-0.00028
2679.58365,-0.00015
2678.61943,-0.00008
2677.65520,-0.00003
2676.69098,0.00004
2675.72675,0.00010
2674.76252,0.00006
2673.79830,-0.00016
2672.83407,-0.00054
2671.86985,-0.00097
2670.90562,-0.00127
2669.94140,-0.00131
2668.97717,-0.00113
2668.01294,-0.00091
2667.04872,-0.00091
2666.08449,-0.00125
2665.12027,-0.00177
2664.15604,-0.00213
2663.19181,-0.00209
2662.22759,-0.00168
2661.26336,-0.00111
2660.29914,-0.00060
2659.33491,-0.00025
2658.37069,-0.00005
2657.40646,0.00002
2656.44223,-0.00004
2655.47801,-0.00024
2654.51378,-0.00052
2653.54956,-0.00082
2652.58533,-0.00103
2651.62110,-0.00110
2650.65688,-0.00105
2649.69265,-0.00097
2648.72843,-0.00100
2647.76420,-0.00113
2646.79998,-0.00124
2645.83575,-0.00117
2644.87152,-0.00088
2643.90730,-0.00055
2642.94307,-0.00041
2641.97885,-0.00054
2641.01462,-0.00079
2640.05039,-0.00098
2639.08617,-0.00099
2638.12194,-0.00089
2637.15772,-0.00076
2636.19349,-0.00071
2635.22926,-0.00077
2634.26504,-0.00091
2633.30081,-0.00107
2632.33659,-0.00119
2631.37236,-0.00127
2630.40814,-0.00134
2629.44391,-0.00141
2628.47968,-0.00140
2627.51546,-0.00126
2626.55123,-0.00103
2625.58701,-0.00088
2624.62278,-0.00092
2623.65855,-0.00105
2622.69433,-0.00103
2621.73010,-0.00072
2620.76588,-0.00029
2619.80165,-0.00003
2618.83743,-0.00013
2617.87320,-0.00050
2616.90897,-0.00088
2615.94475,-0.00108
2614.98052,-0.00110
2614.01630,-0.00105
2613.05207,-0.00097
2612.08784,-0.00083
2611.12362,-0.00060
2610.15939,-0.00034
2609.19517,-0.00018
2608.23094,-0.00017
2607.26672,-0.00027
2606.30249,-0.00032
2605.33826,-0.00023
2604.37404,-0.00005
2603.40981,0.00008
2602.44559,0.00003
2601.48136,-0.00017
2600.51713,-0.00041
2599.55291,-0.00058
2598.58868,-0.00070
2597.62446,-0.00084
2596.66023,-0.00102
2595.69600,-0.00116
2594.73178,-0.00114
2593.76755,-0.00095
2592.80333,-0.00070
2591.83910,-0.00054
2590.87488,-0.00058
2589.91065,-0.00073
2588.94642,-0.00088
2587.98220,-0.00091
2587.01797,-0.00083
2586.05375,-0.00068
2585.08952,-0.00049
2584.12529,-0.00028
2583.16107,-0.00012
2582.19684,-0.00011
2581.23262,-0.00027
2580.26839,-0.00052
2579.30417,-0.00072
2578.33994,-0.00080
2577.37571,-0.00086
2576.41149,-0.00103
2575.44726,-0.00130
2574.48304,-0.00151
2573.51881,-0.00150
2572.55458,-0.00129
2571.59036,-0.00103
2570.62613,-0.00082
2569.66191,-0.00067
2568.69768,-0.00055
2567.73345,-0.00049
2566.76923,-0.00054
2565.80500,-0.00067
2564.84078,-0.00073
2563.87655,-0.00063
2562.91233,-0.00043
2561.94810,-0.00034
2560.98387,-0.00046
2560.01965,-0.00072
2559.05542,-0.00094
2558.09120,-0.00102
2557.12697,-0.00093
2556.16274,-0.00074
2555.19852,-0.00058
2554.23429,-0.00055
2553.27007,-0.00075
2552.30584,-0.00111
2551.34162,-0.00148
2550.37739,-0.00166
2549.41316,-0.00153
2548.44894,-0.00116
2547.48471,-0.00067
2546.52049,-0.00026
2545.55626,-0.00004
2544.59203,-0.00001
2543.62781,-0.00011
2542.66358,-0.00021
2541.69936,-0.00029
2540.73513,-0.00043
2539.77091,-0.00071
2538.80668,-0.00103
2537.84245,-0.00114
2536.87823,-0.00088
2535.91400,-0.00031
2534.94978,0.00027
2533.98555,0.00054
2533.02132,0.00038
2532.05710,-0.00013
2531.09287,-0.00082
2530.12865,-0.00143
2529.16442,-0.00177
2528.20019,-0.00171
2527.23597,-0.00137
2526.27174,-0.00101
2525.30752,-0.00083
2524.34329,-0.00088
2523.37907,-0.00102
2522.41484,-0.00112
2521.45061,-0.00116
2520.48639,-0.00119
2519.52216,-0.00123
2518.55794,-0.00124
2517.59371,-0.00116
2516.62948,-0.00099
2515.66526,-0.00072
2514.70103,-0.00041
2513.73681,-0.00016
2512.77258,-0.00010
2511.80836,-0.00030
2510.84413,-0.00065
2509.87990,-0.00094
2508.91568,-0.00099
2507.95145,-0.00079
2506.98723,-0.00047
2506.02300,-0.00021
2505.05877,-0.00015
2504.09455,-0.00037
2503.13032,-0.00080
2502.16610,-0.00120
2501.20187,-0.00132
2500.23764,-0.00107
2499.27342,-0.00064
2498.30919,-0.00033
2497.34497,-0.00029
2496.38074,-0.00042
2495.41652,-0.00056
2494.45229,-0.00069
2493.48806,-0.00090
2492.52384,-0.00119
2491.55961,-0.00136
2490.59539,-0.00123
2489.63116,-0.00084
2488.66693,-0.00046
2487.70271,-0.00031
2486.73848,-0.00035
2485.77426,-0.00042
2484.81003,-0.00041
2483.84581,-0.00036
2482.88158,-0.00040
2481.91735,-0.00052
2480.95313,-0.00061
2479.98890,-0.00060
2479.02468,-0.00055
2478.06045,-0.00060
2477.09622,-0.00078
2476.13200,-0.00105
2475.16777,-0.00125
2474.20355,-0.00128
2473.23932,-0.00111
2472.27510,-0.00082
2471.31087,-0.00053
2470.34664,-0.00033
2469.38242,-0.00027
2468.41819,-0.00032
2467.45397,-0.00045
2466.48974,-0.00064
2465.52551,-0.00089
2464.56129,-0.00110
2463.59706,-0.00123
2462.63284,-0.00126
2461.66861,-0.00126
2460.70438,-0.00133
2459.74016,-0.00144
2458.77593,-0.00149
2457.81171,-0.00135
2456.84748,-0.00107
2455.88326,-0.00080
2454.91903,-0.00070
2453.95480,-0.00080
2452.99058,-0.00099
2452.02635,-0.00109
2451.06213,-0.00100
2450.09790,-0.00075
2449.13367,-0.00052
2448.16945,-0.00047
2447.20522,-0.00065
2446.24100,-0.00092
2445.27677,-0.00108
2444.31255,-0.00101
2443.34832,-0.00075
2442.38409,-0.00044
2441.41987,-0.00022
2440.45564,-0.00013
2439.49142,-0.00014
2438.52719,-0.00022
2437.56296,-0.00027
2436.59874,-0.00025
2435.63451,-0.00015
2434.67029,-0.00006
2433.70606,-0.00008
2432.74184,-0.00024
2431.77761,-0.00047
2430.81338,-0.00066
2429.84916,-0.00073
2428.88493,-0.00068
2427.92071,-0.00055
2426.95648,-0.00043
2425.99225,-0.00041
2425.02803,-0.00058
2424.06380,-0.00092
2423.09958,-0.00129
2422.13535,-0.00145
2421.17112,-0.00127
2420.20690,-0.00084
2419.24267,-0.00039
2418.27845,-0.00016
2417.31422,-0.00020
2416.35000,-0.00040
2415.38577,-0.00055
2414.42154,-0.00056
2413.45732,-0.00049
2412.49309,-0.00048
2411.52887,-0.00059
2410.56464,-0.00075
2409.60041,-0.00081
2408.63619,-0.00072
2407.67196,-0.00055
2406.70774,-0.00045
2405.74351,-0.00043
2404.77929,-0.00041
2403.81506,-0.00029
2402.85083,-0.00010
2401.88661,0.00001
2400.92238,-0.00002
2399.95816,-0.00016
2398.99393,-0.00028
2398.02970,-0.00027
2397.06548,-0.00016
2396.10125,-0.00001
2395.13703,0.00008
2394.17280,0.00008
2393.20857,-0.00002
2392.24435,-0.00017
2391.28012,-0.00032
2390.31590,-0.00040
2389.35167,-0.00038
2388.38745,-0.00029
2387.42322,-0.00022
2386.45899,-0.00022
2385.49477,-0.00026
2384.53054,-0.00028
2383.56632,-0.00022
2382.60209,-0.00009
2381.63786,0.00001
2380.67364,0.00000
2379.70941,-0.00014
2378.74519,-0.00031
2377.78096,-0.00038
2376.81674,-0.00033
2375.85251,-0.00022
2374.88828,-0.00016
2373.92406,-0.00021
2372.95983,-0.00034
2371.99561,-0.00049
2371.03138,-0.00061
2370.06715,-0.00066
2369.10293,-0.00060
2368.13870,-0.00051
2367.17448,-0.00051
2366.21025,-0.00072
2365.24603,-0.00110
2364.28180,-0.00147
2363.31757,-0.00170
2362.35335,-0.00181
2361.38912,-0.00194
2360.42490,-0.00216
2359.46067,-0.00239
2358.49644,-0.00245
2357.53222,-0.00225
2356.56799,-0.00187
2355.60377,-0.00145
2354.63954,-0.00111
2353.67531,-0.00093
2352.71109,-0.00088
2351.74686,-0.00088
2350.78264,-0.00084
2349.81841,-0.00068
2348.85419,-0.00043
2347.88996,-0.00020
2346.92573,-0.00008
2345.96151,-0.00012
2344.99728,-0.00032
2344.03306,-0.00055
2343.06883,-0.00066
2342.10460,-0.00052
2341.14038,-0.00020
2340.17615,0.00008
2339.21193,0.00009
2338.24770,-0.00019
2337.28348,-0.00058
2336.31925,-0.00083
2335.35502,-0.00092
2334.39080,-0.00094
2333.42657,-0.00099
2332.46235,-0.00102
2331.49812,-0.00093
2330.53389,-0.00071
2329.56967,-0.00045
2328.60544,-0.00028
2327.64122,-0.00024
2326.67699,-0.00036
2325.71277,-0.00061
2324.74854,-0.00092
2323.78431,-0.00117
2322.82009,-0.00120
2321.85586,-0.00097
2320.89164,-0.00056
2319.92741,-0.00016
2318.96318,0.00003
2317.99896,-0.00012
2317.03473,-0.00056
2316.07051,-0.00107
2315.10628,-0.00137
2314.14205,-0.00129
2313.17783,-0.00097
2312.21360,-0.00068
2311.24938,-0.00059
2310.28515,-0.00063
2309.32093,-0.00058
2308.35670,-0.00035
2307.39247,-0.00007
2306.42825,0.00001
2305.46402,-0.00017
2304.49980,-0.00049
2303.53557,-0.00074
2302.57134,-0.00079
2301.60712,-0.00065
2300.64289,-0.00039
2299.67867,-0.00013
2298.71444,0.00007
2297.75022,0.00018
2296.78599,0.00023
2295.82176,0.00021
2294.85754,0.00009
2293.89331,-0.00019
2292.92909,-0.00056
2291.96486,-0.00086
2291.00063,-0.00095
2290.03641,-0.00088
2289.07218,-0.00084
2288.10796,-0.00099
2287.14373,-0.00132
2286.17950,-0.00167
2285.21528,-0.00183
2284.25105,-0.00171
2283.28683,-0.00136
2282.32260,-0.00095
2281.35838,-0.00066
2280.39415,-0.00061
2279.42992,-0.00070
2278.46570,-0.00076
2277.50147,-0.00065
2276.53725,-0.00044
2275.57302,-0.00024
2274.60879,-0.00011
2273.64457,0.00002
2272.68034,0.00020
2271.71612,0.00035
2270.75189,0.00035
2269.78767,0.00018
2268.82344,-0.00001
2267.85921,-0.00010
2266.89499,-0.00012
2265.93076,-0.00024
2264.96654,-0.00051
2264.00231,-0.00084
2263.03808,-0.00106
2262.07386,-0.00111
2261.10963,-0.00101
2260.14541,-0.00083
2259.18118,-0.00059
2258.21696,-0.00040
2257.25273,-0.00039
2256.28850,-0.00056
2255.32428,-0.00070
2254.36005,-0.00060
2253.39583,-0.00021
2252.43160,0.00024
2251.46737,0.00051
2250.50315,0.00060
2249.53892,0.00067
2248.57470,0.00083
2247.61047,0.00092
2246.64624,0.00074
2245.68202,0.00027
2244.71779,-0.00029
2243.75357,-0.00067
2242.78934,-0.00080
2241.82512,-0.00077
2240.86089,-0.00069
2239.89666,-0.00064
2238.93244,-0.00073
2237.96821,-0.00099
2237.00399,-0.00138
2236.03976,-0.00167
2235.07553,-0.00164
2234.11131,-0.00127
2233.14708,-0.00077
2232.18286,-0.00042
2231.21863,-0.00029
2230.25441,-0.00030
2229.29018,-0.00033
2228.32595,-0.00036
2227.36173,-0.00043
2226.39750,-0.00053
2225.43328,-0.00061
2224.46905,-0.00067
2223.50482,-0.00078
2222.54060,-0.00099
2221.57637,-0.00128
2220.61215,-0.00155
2219.64792,-0.00172
2218.68369,-0.00175
2217.71947,-0.00167
2216.75524,-0.00153
2215.79102,-0.00139
2214.82679,-0.00132
2213.86257,-0.00130
2212.89834,-0.00126
2211.93411,-0.00115
2210.96989,-0.00101
2210.00566,-0.00098
2209.04144,-0.00105
2208.07721,-0.00112
2207.11298,-0.00104
2206.14876,-0.00083
2205.18453,-0.00064
2204.22031,-0.00055
2203.25608,-0.00052
2202.29186,-0.00040
2201.32763,-0.00018
2200.36340,0.00000
2199.39918,0.00000
2198.43495,-0.00020
2197.47073,-0.00049
2196.50650,-0.00076
2195.54227,-0.00092
2194.57805,-0.00092
2193.61382,-0.00078
2192.64960,-0.00059
2191.68537,-0.00048
2190.72115,-0.00058
2189.75692,-0.00083
2188.79269,-0.00110
2187.82847,-0.00126
2186.86424,-0.00126
2185.90002,-0.00112
2184.93579,-0.00092
2183.97156,-0.00071
2183.00734,-0.00058
2182.04311,-0.00060
2181.07889,-0.00073
2180.11466,-0.00084
2179.15043,-0.00087
2178.18621,-0.00082
2177.22198,-0.00074
2176.25776,-0.00064
2175.29353,-0.00050
2174.32931,-0.00036
2173.36508,-0.00030
2172.40085,-0.00032
2171.43663,-0.00037
2170.47240,-0.00039
2169.50818,-0.00039
2168.54395,-0.00048
2167.57972,-0.00064
2166.61550,-0.00079
2165.65127,-0.00083
2164.68705,-0.00080
2163.72282,-0.00081
2162.75860,-0.00087
2161.79437,-0.00086
2160.83014,-0.00072
2159.86592,-0.00053
2158.90169,-0.00045
2157.93747,-0.00052
2156.97324,-0.00063
2156.00901,-0.00068
2155.04479,-0.00069
2154.08056,-0.00076
2153.11634,-0.00085
2152.15211,-0.00087
2151.18789,-0.00075
2150.22366,-0.00057
2149.25943,-0.00044
2148.29521,-0.00039
2147.33098,-0.00034
2146.36676,-0.00021
2145.40253,-0.00002
2144.43830,0.00020
2143.47408,0.00047
2142.50985,0.00080
2141.54563,0.00113
2140.58140,0.00137
2139.61717,0.00145
2138.65295,0.00147
2137.68872,0.00155
2136.72450,0.00179
2135.76027,0.00217
2134.79605,0.00263
2133.83182,0.00309
2132.86759,0.00354
2131.90337,0.00394
2130.93914,0.00428
2129.97492,0.00457
2129.01069,0.00482
2128.04646,0.00499
2127.08224,0.00505
2126.11801,0.00501
2125.15379,0.00495
2124.18956,0.00498
2123.22534,0.00514
2122.26111,0.00530
2121.29688,0.00526
2120.33266,0.00485
2119.36843,0.00413
2118.40421,0.00337
2117.43998,0.00287
2116.47575,0.00273
2115.51153,0.00280
2114.54730,0.00282
2113.58308,0.00265
2112.61885,0.00238
2111.65462,0.00214
2110.69040,0.00195
2109.72617,0.00177
2108.76195,0.00156
2107.79772,0.00131
2106.83350,0.00104
2105.86927,0.00069
2104.90504,0.00025
2103.94082,-0.00019
2102.97659,-0.00049
2102.01237,-0.00054
2101.04814,-0.00037
2100.08391,-0.00012
2099.11969,0.00012
2098.15546,0.00026
2097.19124,0.00025
2096.22701,0.00010
2095.26279,-0.00009
2094.29856,-0.00015
2093.33433,-0.00008
2092.37011,-0.00000
2091.40588,-0.00009
2090.44166,-0.00029
2089.47743,-0.00041
2088.51320,-0.00035
2087.54898,-0.00023
2086.58475,-0.00026
2085.62053,-0.00045
2084.65630,-0.00062
2083.69208,-0.00063
2082.72785,-0.00049
2081.76362,-0.00035
2080.79940,-0.00025
2079.83517,-0.00015
2078.87095,-0.00006
2077.90672,-0.00013
2076.94249,-0.00044
2075.97827,-0.00087
2075.01404,-0.00118
2074.04982,-0.00124
2073.08559,-0.00115
2072.12136,-0.00104
2071.15714,-0.00096
2070.19291,-0.00084
2069.22869,-0.00073
2068.26446,-0.00072
2067.30024,-0.00083
2066.33601,-0.00093
2065.37178,-0.00083
2064.40756,-0.00055
2063.44333,-0.00029
2062.47911,-0.00024
2061.51488,-0.00037
2060.55065,-0.00052
2059.58643,-0.00058
2058.62220,-0.00056
2057.65798,-0.00058
2056.69375,-0.00068
2055.72953,-0.00080
2054.76530,-0.00081
2053.80107,-0.00064
2052.83685,-0.00032
2051.87262,0.00003
2050.90840,0.00024
2049.94417,0.00025
2048.97994,0.00014
2048.01572,0.00004
2047.05149,0.00003
2046.08727,0.00006
2045.12304,0.00006
2044.15882,-0.00001
2043.19459,-0.00019
2042.23036,-0.00051
2041.26614,-0.00096
2040.30191,-0.00137
2039.33769,-0.00152
2038.37346,-0.00131
2037.40923,-0.00094
2036.44501,-0.00075
2035.48078,-0.00085
2034.51656,-0.00106
2033.55233,-0.00107
2032.58810,-0.00083
2031.62388,-0.00052
2030.65965,-0.00040
2029.69543,-0.00051
2028.73120,-0.00073
2027.76698,-0.00095
2026.80275,-0.00115
2025.83852,-0.00131
2024.87430,-0.00138
2023.91007,-0.00130
2022.94585,-0.00112
2021.98162,-0.00092
2021.01739,-0.00074
2020.05317,-0.00054
2019.08894,-0.00030
2018.12472,-0.00012
2017.16049,-0.00013
2016.19627,-0.00036
2015.23204,-0.00066
2014.26781,-0.00080
2013.30359,-0.00070
2012.33936,-0.00046
2011.37514,-0.00031
2010.41091,-0.00039
2009.44668,-0.00068
2008.48246,-0.00104
2007.51823,-0.00134
2006.55401,-0.00151
2005.58978,-0.00157
2004.62555,-0.00149
2003.66133,-0.00127
2002.69710,-0.00091
2001.73288,-0.00050
2000.76865,-0.00022
1999.80443,-0.00014
1998.84020,-0.00020
1997.87597,-0.00027
1996.91175,-0.00028
1995.94752,-0.00027
1994.98330,-0.00036
1994.01907,-0.00057
1993.05484,-0.00085
1992.09062,-0.00107
1991.12639,-0.00111
1990.16217,-0.00096
1989.19794,-0.00069
1988.23372,-0.00048
1987.26949,-0.00044
1986.30526,-0.00056
1985.34104,-0.00072
1984.37681,-0.00081
1983.41259,-0.00084
1982.44836,-0.00090
1981.48413,-0.00102
1980.51991,-0.00113
1979.55568,-0.00113
1978.59146,-0.00101
1977.62723,-0.00084
1976.66301,-0.00066
1975.69878,-0.00044
1974.73455,-0.00014
1973.77033,0.00012
1972.80610,0.00019
1971.84188,-0.00003
1970.87765,-0.00043
1969.91342,-0.00081
1968.94920,-0.00105
1967.98497,-0.00112
1967.02075,-0.00111
1966.05652,-0.00110
1965.09229,-0.00108
1964.12807,-0.00101
1963.16384,-0.00083
1962.19962,-0.00053
1961.23539,-0.00020
1960.27117,-0.00001
1959.30694,-0.00006
1958.34271,-0.00031
1957.37849,-0.00062
1956.41426,-0.00087
1955.45004,-0.00102
1954.48581,-0.00109
1953.52158,-0.00112
1952.55736,-0.00109
1951.59313,-0.00106
1950.62891,-0.00105
1949.66468,-0.00104
1948.70046,-0.00096
1947.73623,-0.00078
1946.77200,-0.00062
1945.80778,-0.00068
1944.84355,-0.00098
1943.87933,-0.00132
1942.91510,-0.00143
1941.95087,-0.00126
1940.98665,-0.00099
1940.02242,-0.00085
1939.05820,-0.00087
1938.09397,-0.00093
1937.12974,-0.00086
1936.16552,-0.00065
1935.20129,-0.00037
1934.23707,-0.00016
1933.27284,-0.00011
1932.30862,-0.00024
1931.34439,-0.00046
1930.38016,-0.00060
1929.41594,-0.00050
1928.45171,-0.00019
1927.48749,0.00011
1926.52326,0.00011
1925.55903,-0.00028
1924.59481,-0.00091
1923.63058,-0.00147
1922.66636,-0.00172
1921.70213,-0.00159
1920.73791,-0.00123
1919.77368,-0.00083
1918.80945,-0.00056
1917.84523,-0.00044
1916.88100,-0.00042
1915.91678,-0.00049
1914.95255,-0.00062
1913.98832,-0.00083
1913.02410,-0.00104
1912.05987,-0.00115
1911.09565,-0.00109
1910.13142,-0.00092
1909.16720,-0.00074
1908.20297,-0.00061
1907.23874,-0.00054
1906.27452,-0.00049
1905.31029,-0.00047
1904.34607,-0.00048
1903.38184,-0.00048
1902.41761,-0.00046
1901.45339,-0.00041
1900.48916,-0.00039
1899.52494,-0.00044
1898.56071,-0.00056
1897.59648,-0.00071
1896.63226,-0.00087
1895.66803,-0.00101
1894.70381,-0.00103
1893.73958,-0.00087
1892.77536,-0.00050
1891.81113,-0.00008
1890.84690,0.00020
1889.88268,0.00022
1888.91845,0.00003
1887.95423,-0.00020
1886.99000,-0.00031
1886.02577,-0.00027
1885.06155,-0.00015
1884.09732,-0.00006
1883.13310,-0.00003
1882.16887,-0.00007
1881.20465,-0.00012
1880.24042,-0.00013
1879.27619,-0.00015
1878.31197,-0.00024
1877.34774,-0.00044
1876.38352,-0.00067
1875.41929,-0.00082
1874.45506,-0.00083
1873.49084,-0.00074
1872.52661,-0.00063
1871.56239,-0.00053
1870.59816,-0.00046
1869.63394,-0.00044
1868.66971,-0.00052
1867.70548,-0.00071
1866.74126,-0.00095
1865.77703,-0.00116
1864.81281,-0.00125
1863.84858,-0.00119
1862.88435,-0.00101
1861.92013,-0.00077
1860.95590,-0.00053
1859.99168,-0.00039
1859.02745,-0.00039
1858.06322,-0.00051
1857.09900,-0.00071
1856.13477,-0.00091
1855.17055,-0.00104
1854.20632,-0.00103
1853.24210,-0.00088
1852.27787,-0.00065
1851.31364,-0.00054
1850.34942,-0.00061
1849.38519,-0.00077
1848.42097,-0.00077
1847.45674,-0.00052
1846.49251,-0.00015
1845.52829,0.00007
1844.56406,0.00000
1843.59984,-0.00025
1842.63561,-0.00048
1841.67139,-0.00060
1840.70716,-0.00068
1839.74293,-0.00083
1838.77871,-0.00104
1837.81448,-0.00121
1836.85026,-0.00122
1835.88603,-0.00103
1834.92180,-0.00070
1833.95758,-0.00031
1832.99335,0.00002
1832.02913,0.00021
1831.06490,0.00021
1830.10067,0.00005
1829.13645,-0.00020
1828.17222,-0.00046
1827.20800,-0.00066
1826.24377,-0.00074
1825.27955,-0.00069
1824.31532,-0.00056
1823.35109,-0.00046
1822.38687,-0.00045
1821.42264,-0.00048
1820.45842,-0.00047
1819.49419,-0.00038
1818.52996,-0.00032
1817.56574,-0.00035
1816.60151,-0.00047
1815.63729,-0.00053
1814.67306,-0.00044
1813.70884,-0.00025
1812.74461,-0.00010
1811.78038,-0.00010
1810.81616,-0.00021
1809.85193,-0.00033
1808.88771,-0.00039
1807.92348,-0.00038
1806.95925,-0.00036
1805.99503,-0.00038
1805.03080,-0.00048
1804.06658,-0.00062
1803.10235,-0.00073
1802.13813,-0.00075
1801.17390,-0.00066
1800.20967,-0.00052
1799.24545,-0.00045
1798.28122,-0.00050
1797.31700,-0.00062
1796.35277,-0.00070
1795.38854,-0.00067
1794.42432,-0.00050
1793.46009,-0.00029
1792.49587,-0.00013
1791.53164,-0.00006
1790.56741,-0.00008
1789.60319,-0.00015
1788.63896,-0.00021
1787.67474,-0.00022
1786.71051,-0.00015
1785.74629,-0.00005
1784.78206,0.00003
1783.81783,-0.00001
1782.85361,-0.00012
1781.88938,-0.00020
1780.92516,-0.00011
1779.96093,0.00016
1778.99670,0.00044
1778.03248,0.00052
1777.06825,0.00033
1776.10403,-0.00001
1775.13980,-0.00029
1774.17558,-0.00040
1773.21135,-0.00036
1772.24712,-0.00023
1771.28290,-0.00003
1770.31867,0.00022
1769.35445,0.00047
1768.39022,0.00062
1767.42599,0.00063
1766.46177,0.00049
1765.49754,0.00029
1764.53332,0.00009
1763.56909,-0.00008
1762.60487,-0.00017
1761.64064,-0.00017
1760.67641,-0.00008
1759.71219,0.00003
1758.74796,0.00012
1757.78374,0.00018
1756.81951,0.00022
1755.85528,0.00029
1754.89106,0.00036
1753.92683,0.00043
1752.96261,0.00049
1751.99838,0.00051
1751.03415,0.00051
1750.06993,0.00051
1749.10570,0.00054
1748.14148,0.00066
1747.17725,0.00082
1746.21303,0.00092
1745.24880,0.00090
1744.28457,0.00078
1743.32035,0.00068
1742.35612,0.00064
1741.39190,0.00058
1740.42767,0.00045
1739.46344,0.00030
1738.49922,0.00026
1737.53499,0.00041
1736.57077,0.00067
1735.60654,0.00088
1734.64232,0.00095
1733.67809,0.00089
1732.71386,0.00079
1731.74964,0.00068
1730.78541,0.00061
1729.82119,0.00063
1728.85696,0.00081
1727.89273,0.00113
1726.92851,0.00139
1725.96428,0.00141
1725.00006,0.00115
1724.03583,0.00071
1723.07160,0.00032
1722.10738,0.00013
1721.14315,0.00020
1720.17893,0.00050
1719.21470,0.00093
1718.25048,0.00133
1717.28625,0.00151
1716.32202,0.00142
1715.35780,0.00113
1714.39357,0.00085
1713.42935,0.00072
1712.46512,0.00073
1711.50089,0.00078
1710.53667,0.00075
1709.57244,0.00064
1708.60822,0.00050
1707.64399,0.00046
1706.67977,0.00060
1705.71554,0.00094
1704.75131,0.00139
1703.78709,0.00180
1702.82286,0.00201
1701.85864,0.00197
1700.89441,0.00175
1699.93018,0.00152
1698.96596,0.00142
1698.00173,0.00149
1697.03751,0.00168
1696.07328,0.00183
1695.10906,0.00185
1694.14483,0.00171
1693.18060,0.00149
1692.21638,0.00130
1691.25215,0.00122
1690.28793,0.00127
1689.32370,0.00141
1688.35947,0.00159
1687.39525,0.00176
1686.43102,0.00189
1685.46680,0.00195
1684.50257,0.00197
1683.53834,0.00197
1682.57412,0.00197
1681.60989,0.00194
1680.64567,0.00188
1679.68144,0.00181
1678.71722,0.00182
1677.75299,0.00192
1676.78876,0.00201
1675.82454,0.00197
1674.86031,0.00176
1673.89609,0.00150
1672.93186,0.00138
1671.96763,0.00145
1671.00341,0.00164
1670.03918,0.00181
1669.07496,0.00194
1668.11073,0.00204
1667.14651,0.00205
1666.18228,0.00192
1665.21805,0.00167
1664.25383,0.00147
1663.28960,0.00154
1662.32538,0.00191
1661.36115,0.00239
1660.39692,0.00272
1659.43270,0.00282
1658.46847,0.00276
1657.50425,0.00266
1656.54002,0.00255
1655.57579,0.00244
1654.61157,0.00229
1653.64734,0.00216
1652.68312,0.00202
1651.71889,0.00188
1650.75467,0.00176
1649.79044,0.00174
1648.82621,0.00190
1647.86199,0.00219
1646.89776,0.00243
1645.93354,0.00246
1644.96931,0.00228
1644.00508,0.00204
1643.04086,0.00191
1642.07663,0.00194
1641.11241,0.00207
1640.14818,0.00216
1639.18396,0.00212
1638.21973,0.00193
1637.25550,0.00168
1636.29128,0.00146
1635.32705,0.00134
1634.36283,0.00129
1633.39860,0.00126
1632.43437,0.00125
1631.47015,0.00132
1630.50592,0.00145
1629.54170,0.00157
1628.57747,0.00159
1627.61325,0.00151
1626.64902,0.00145
1625.68479,0.00151
1624.72057,0.00166
1623.75634,0.00178
1622.79212,0.00180
1621.82789,0.00175
1620.86366,0.00169
1619.89944,0.00161
1618.93521,0.00149
1617.97099,0.00131
1617.00676,0.00112
1616.04253,0.00101
1615.07831,0.00099
1614.11408,0.00103
1613.14986,0.00103
1612.18563,0.00093
1611.22141,0.00075
1610.25718,0.00059
1609.29295,0.00055
1608.32873,0.00065
1607.36450,0.00075
1606.40028,0.00069
1605.43605,0.00042
1604.47182,0.00010
1603.50760,-0.00008
1602.54337,-0.00000
1601.57915,0.00025
1600.61492,0.00052
1599.65070,0.00070
1598.68647,0.00073
1597.72224,0.00060
1596.75802,0.00038
1595.79379,0.00017
1594.82957,0.00009
1593.86534,0.00021
1592.90111,0.00048
1591.93689,0.00080
1590.97266,0.00107
1590.00844,0.00120
1589.04421,0.00107
1588.07999,0.00068
1587.11576,0.00017
1586.15153,-0.00019
1585.18731,-0.00020
1584.22308,0.00006
1583.25886,0.00036
1582.29463,0.00048
1581.33040,0.00043
1580.36618,0.00038
1579.40195,0.00046
1578.43773,0.00061
1577.47350,0.00068
1576.50927,0.00058
1575.54505,0.00029
1574.58082,-0.00006
1573.61660,-0.00034
1572.65237,-0.00042
1571.68815,-0.00026
1570.72392,0.00005
1569.75969,0.00035
1568.79547,0.00049
1567.83124,0.00045
1566.86702,0.00029
1565.90279,0.00014
1564.93856,0.00006
1563.97434,0.00003
1563.01011,0.00000
1562.04589,-0.00007
1561.08166,-0.00017
1560.11744,-0.00026
1559.15321,-0.00028
1558.18898,-0.00027
1557.22476,-0.00036
1556.26053,-0.00060
1555.29631,-0.00084
1554.33208,-0.00084
1553.36785,-0.00045
1552.40363,0.00020
1551.43940,0.00077
1550.47518,0.00099
1549.51095,0.00085
1548.54672,0.00054
1547.58250,0.00028
1546.61827,0.00017
1545.65405,0.00018
1544.68982,0.00021
1543.72560,0.00017
1542.76137,0.00003
1541.79714,-0.00017
1540.83292,-0.00035
1539.86869,-0.00043
1538.90447,-0.00042
1537.94024,-0.00040
1536.97601,-0.00040
1536.01179,-0.00037
1535.04756,-0.00025
1534.08334,-0.00006
1533.11911,0.00011
1532.15489,0.00019
1531.19066,0.00023
1530.22643,0.00027
1529.26221,0.00031
1528.29798,0.00026
1527.33376,0.00002
1526.36953,-0.00038
1525.40530,-0.00076
1524.44108,-0.00087
1523.47685,-0.00061
1522.51263,-0.00013
1521.54840,0.00026
1520.58418,0.00030
1519.61995,-0.00004
1518.65572,-0.00055
1517.69150,-0.00096
1516.72727,-0.00113
1515.76305,-0.00110
1514.79882,-0.00094
1513.83459,-0.00070
1512.87037,-0.00040
1511.90614,-0.00011
1510.94192,0.00006
1509.97769,0.00011
1509.01346,0.00012
1508.04924,0.00019
1507.08501,0.00030
1506.12079,0.00035
1505.15656,0.00029
1504.19234,0.00021
1503.22811,0.00021
1502.26388,0.00030
1501.29966,0.00035
1500.33543,0.00025
1499.37121,-0.00002
1498.40698,-0.00036
1497.44275,-0.00061
1496.47853,-0.00065
1495.51430,-0.00048
1494.55008,-0.00022
1493.58585,-0.00003
1492.62163,0.00001
1491.65740,-0.00001
1490.69317,0.00010
1489.72895,0.00044
1488.76472,0.00089
1487.80050,0.00119
1486.83627,0.00120
1485.87204,0.00096
1484.90782,0.00064
1483.94359,0.00032
1482.97937,0.00000
1482.01514,-0.00028
1481.05092,-0.00046
1480.08669,-0.00046
1479.12246,-0.00033
1478.15824,-0.00020
1477.19401,-0.00018
1476.22979,-0.00027
1475.26556,-0.00045
1474.30133,-0.00074
1473.33711,-0.00112
1472.37288,-0.00145
1471.40866,-0.00151
1470.44443,-0.00127
1469.48020,-0.00093
1468.51598,-0.00080
1467.55175,-0.00098
1466.58753,-0.00127
1465.62330,-0.00131
1464.65908,-0.00095
1463.69485,-0.00032
1462.73062,0.00035
1461.76640,0.00099
1460.80217,0.00159
1459.83795,0.00203
1458.87372,0.00211
1457.90949,0.00172
1456.94527,0.00108
1455.98104,0.00061
1455.01682,0.00047
1454.05259,0.00046
1453.08837,0.00025
1452.12414,-0.00024
1451.15991,-0.00082
1450.19569,-0.00129
1449.23146,-0.00165
1448.26724,-0.00192
1447.30301,-0.00201
1446.33878,-0.00178
1445.37456,-0.00128
1444.41033,-0.00082
1443.44611,-0.00065
1442.48188,-0.00071
1441.51765,-0.00076
1440.55343,-0.00064
1439.58920,-0.00040
1438.62498,-0.00021
1437.66075,-0.00016
1436.69653,-0.00025
1435.73230,-0.00046
1434.76807,-0.00070
1433.80385,-0.00070
1432.83962,-0.00024
1431.87540,0.00057
1430.91117,0.00121
1429.94694,0.00113
1428.98272,0.00030
1428.01849,-0.00071
1427.05427,-0.00121
1426.09004,-0.00101
1425.12582,-0.00045
1424.16159,0.00006
1423.19736,0.00043
1422.23314,0.00082
1421.26891,0.00131
1420.30469,0.00172
1419.34046,0.00177
1418.37623,0.00136
1417.41201,0.00068
1416.44778,0.00003
1415.48356,-0.00039
1414.51933,-0.00059
1413.55511,-0.00067
1412.59088,-0.00072
1411.62665,-0.00075
1410.66243,-0.00067
1409.69820,-0.00042
1408.73398,-0.00007
1407.76975,0.00019
1406.80552,0.00020
1405.84130,0.00001
1404.87707,-0.00021
1403.91285,-0.00037
1402.94862,-0.00051
1401.98439,-0.00073
1401.02017,-0.00092
1400.05594,-0.00087
1399.09172,-0.00050
1398.12749,-0.00001
1397.16327,0.00023
1396.19904,0.00003
1395.23481,-0.00047
1394.27059,-0.00096
1393.30636,-0.00122
1392.34214,-0.00116
1391.37791,-0.00084
1390.41368,-0.00034
1389.44946,0.00013
1388.48523,0.00031
1387.52101,0.00004
1386.55678,-0.00051
1385.59256,-0.00092
1384.62833,-0.00087
1383.66410,-0.00044
1382.69988,-0.00004
1381.73565,-0.00006
1380.77143,-0.00048
1379.80720,-0.00100
1378.84297,-0.00131
1377.87875,-0.00131
1376.91452,-0.00110
1375.95030,-0.00081
1374.98607,-0.00053
1374.02184,-0.00026
1373.05762,-0.00007
1372.09339,-0.00003
1371.12917,-0.00017
1370.16494,-0.00043
1369.20072,-0.00064
1368.23649,-0.00068
1367.27226,-0.00054
1366.30804,-0.00035
1365.34381,-0.00023
1364.37959,-0.00019
1363.41536,-0.00009
1362.45113,0.00017
1361.48691,0.00055
1360.52268,0.00085
1359.55846,0.00090
1358.59423,0.00072
1357.63001,0.00046
1356.66578,0.00025
1355.70155,0.00009
1354.73733,-0.00010
1353.77310,-0.00037
1352.80888,-0.00062
1351.84465,-0.00079
1350.88042,-0.00083
1349.91620,-0.00079
1348.95197,-0.00073
1347.98775,-0.00063
1347.02352,-0.00048
1346.05930,-0.00022
1345.09507,0.00016
1344.13084,0.00054
1343.16662,0.00074
1342.20239,0.00059
1341.23817,0.00009
1340.27394,-0.00056
1339.30971,-0.00106
1338.34549,-0.00127
1337.38126,-0.00124
1336.41704,-0.00113
1335.45281,-0.00108
1334.48858,-0.00108
1333.52436,-0.00105
1332.56013,-0.00093
1331.59591,-0.00068
1330.63168,-0.00036
1329.66746,-0.00008
1328.70323,0.00002
1327.73900,-0.00018
1326.77478,-0.00065
1325.81055,-0.00118
1324.84633,-0.00147
1323.88210,-0.00130
1322.91787,-0.00075
1321.95365,-0.00016
1320.98942,0.00007
1320.02520,-0.00021
1319.06097,-0.00077
1318.09675,-0.00123
1317.13252,-0.00129
1316.16829,-0.00096
1315.20407,-0.00041
1314.23984,0.00017
1313.27562,0.00062
1312.31139,0.00073
1311.34716,0.00034
1310.38294,-0.00038
1309.41871,-0.00090
1308.45449,-0.00071
1307.49026,0.00016
1306.52604,0.00108
1305.56181,0.00133
1304.59758,0.00084
1303.63336,0.00011
1302.66913,-0.00028
1301.70491,-0.00023
1300.74068,-0.00009
1299.77645,-0.00018
1298.81223,-0.00061
1297.84800,-0.00129
1296.88378,-0.00209
1295.91955,-0.00279
1294.95532,-0.00303
1293.99110,-0.00248
1293.02687,-0.00117
1292.06265,0.00038
1291.09842,0.00157
1290.13420,0.00206
1289.16997,0.00194
1288.20574,0.00152
1287.24152,0.00113
1286.27729,0.00095
1285.31307,0.00107
1284.34884,0.00134
1283.38461,0.00150
1282.42039,0.00135
1281.45616,0.00092
1280.49194,0.00042
1279.52771,0.00002
1278.56349,-0.00030
1277.59926,-0.00066
1276.63503,-0.00108
1275.67081,-0.00144
1274.70658,-0.00168
1273.74236,-0.00186
1272.77813,-0.00208
1271.81390,-0.00229
1270.84968,-0.00232
1269.88545,-0.00196
1268.92123,-0.00121
1267.95700,-0.00031
1266.99277,0.00034
1266.02855,0.00041
1265.06432,-0.00008
1264.10010,-0.00079
1263.13587,-0.00122
1262.17165,-0.00115
1261.20742,-0.00078
1260.24319,-0.00047
1259.27897,-0.00037
1258.31474,-0.00027
1257.35052,0.00003
1256.38629,0.00045
1255.42206,0.00070
1254.45784,0.00056
1253.49361,0.00018
1252.52939,-0.00012
1251.56516,-0.00019
1250.60094,-0.00008
1249.63671,0.00005
1248.67248,0.00011
1247.70826,0.00007
1246.74403,-0.00006
1245.77981,-0.00027
1244.81558,-0.00045
1243.85135,-0.00046
1242.88713,-0.00025
1241.92290,0.00008
1240.95868,0.00043
1239.99445,0.00073
1239.03023,0.00097
1238.06600,0.00100
1237.10177,0.00063
1236.13755,-0.00013
1235.17332,-0.00094
1234.20910,-0.00135
1233.24487,-0.00118
1232.28064,-0.00069
1231.31642,-0.00032
1230.35219,-0.00030
1229.38797,-0.00056
1228.42374,-0.00093
1227.45951,-0.00131
1226.49529,-0.00165
1225.53106,-0.00184
1224.56684,-0.00176
1223.60261,-0.00144
1222.63839,-0.00111
1221.67416,-0.00092
1220.70993,-0.00075
1219.74571,-0.00032
1218.78148,0.00052
1217.81726,0.00148
1216.85303,0.00205
1215.88880,0.00188
1214.92458,0.00114
1213.96035,0.00033
1212.99613,-0.00007
1212.03190,0.00003
1211.06768,0.00042
1210.10345,0.00079
1209.13922,0.00102
1208.17500,0.00114
1207.21077,0.00120
1206.24655,0.00109
1205.28232,0.00072
1204.31809,0.00013
1203.35387,-0.00041
1202.38964,-0.00061
1201.42542,-0.00037
1200.46119,0.00008
1199.49697,0.00044
1198.53274,0.00054
1197.56851,0.00050
1196.60429,0.00051
1195.64006,0.00061
1194.67584,0.00067
1193.71161,0.00048
1192.74738,-0.00002
1191.78316,-0.00070
1190.81893,-0.00130
1189.85471,-0.00153
1188.89048,-0.00126
1187.92625,-0.00066
1186.96203,-0.00010
1185.99780,0.00005
1185.03358,-0.00027
1184.06935,-0.00089
1183.10513,-0.00162
1182.14090,-0.00242
1181.17667,-0.00330
1180.21245,-0.00400
1179.24822,-0.00400
1178.28400,-0.00298
1177.31977,-0.00129
1176.35554,0.00012
1175.39132,0.00041
1174.42709,-0.00048
1173.46287,-0.00188
1172.49864,-0.00292
1171.53442,-0.00315
1170.57019,-0.00270
1169.60596,-0.00191
1168.64174,-0.00098
1167.67751,0.00012
1166.71329,0.00139
1165.74906,0.00259
1164.78483,0.00330
1163.82061,0.00324
1162.85638,0.00254
1161.89216,0.00171
1160.92793,0.00126
1159.96370,0.00130
1158.99948,0.00143
1158.03525,0.00112
1157.07103,0.00018
1156.10680,-0.00100
1155.14258,-0.00172
1154.17835,-0.00153
1153.21412,-0.00050
1152.24990,0.00084
1151.28567,0.00194
1150.32145,0.00261
1149.35722,0.00307
1148.39299,0.00358
1147.42877,0.00402
1146.46454,0.00389
1145.50032,0.00273
1144.53609,0.00061
1143.57187,-0.00187
1142.60764,-0.00397
1141.64341,-0.00528
1140.67919,-0.00567
1139.71496,-0.00513
1138.75074,-0.00364
1137.78651,-0.00138
1136.82228,0.00107
1135.85806,0.00299
1134.89383,0.00398
1133.92961,0.00421
1132.96538,0.00421
1132.00116,0.00448
1131.03693,0.00517
1130.07270,0.00601
1129.10848,0.00640
1128.14425,0.00569
1127.18003,0.00359
1126.21580,0.00047
1125.25157,-0.00276
1124.28735,-0.00516
1123.32312,-0.00628
1122.35890,-0.00631
1121.39467,-0.00572
1120.43044,-0.00495
1119.46622,-0.00409
1118.50199,-0.00296
1117.53777,-0.00143
1116.57354,0.00018
1115.60932,0.00097
1114.64509,0.00001
1113.68086,-0.00269
1112.71664,-0.00579
1111.75241,-0.00733
1110.78819,-0.00617
1109.82396,-0.00281
1108.85973,0.00109
1107.89551,0.00395
1106.93128,0.00501
1105.96706,0.00437
1105.00283,0.00268
1104.03861,0.00087
1103.07438,-0.00010
1102.11015,0.00019
1101.14593,0.00121
1100.18170,0.00189
1099.21748,0.00150
1098.25325,0.00022
1097.28902,-0.00124
1096.32480,-0.00240
1095.36057,-0.00318
1094.39635,-0.00357
1093.43212,-0.00339
1092.46790,-0.00255
1091.50367,-0.00151
1090.53944,-0.00103
1089.57522,-0.00156
1088.61099,-0.00281
1087.64677,-0.00404
1086.68254,-0.00468
1085.71831,-0.00456
1084.75409,-0.00378
1083.78986,-0.00246
1082.82564,-0.00078
1081.86141,0.00094
1080.89718,0.00217
1079.93296,0.00241
1078.96873,0.00151
1078.00451,-0.00000
1077.04028,-0.00109
1076.07606,-0.00083
1075.11183,0.00080
1074.14760,0.00279
1073.18338,0.00387
1072.21915,0.00358
1071.25493,0.00249
1070.29070,0.00140
1069.32647,0.00052
1068.36225,-0.00059
1067.39802,-0.00212
1066.43380,-0.00349
1065.46957,-0.00374
1064.50535,-0.00248
1063.54112,-0.00033
1062.57689,0.00158
1061.61267,0.00240
1060.64844,0.00206
1059.68422,0.00108
1058.71999,0.00011
1057.75576,-0.00053
1056.79154,-0.00089
1055.82731,-0.00128
1054.86309,-0.00183
1053.89886,-0.00232
1052.93463,-0.00249
1051.97041,-0.00231
1051.00618,-0.00211
1050.04196,-0.00217
1049.07773,-0.00241
1048.11351,-0.00246
1047.14928,-0.00214
1046.18505,-0.00163
1045.22083,-0.00118
1044.25660,-0.00072
1043.29238,-0.00005
1042.32815,0.00085
1041.36392,0.00169
1040.39970,0.00221
1039.43547,0.00244
1038.47125,0.00255
1037.50702,0.00245
1036.54280,0.00184
1035.57857,0.00064
1034.61434,-0.00071
1033.65012,-0.00160
1032.68589,-0.00183
1031.72167,-0.00173
1030.75744,-0.00171
1029.79321,-0.00182
1028.82899,-0.00171
1027.86476,-0.00111
1026.90054,-0.00010
1025.93631,0.00093
1024.97209,0.00157
1024.00786,0.00167
1023.04363,0.00131
1022.07941,0.00074
1021.11518,0.00032
1020.15096,0.00032
1019.18673,0.00085
1018.22250,0.00177
1017.25828,0.00266
1016.29405,0.00295
1015.32983,0.00220
1014.36560,0.00042
1013.40137,-0.00182
1012.43715,-0.00366
1011.47292,-0.00452
1010.50870,-0.00447
1009.54447,-0.00398
1008.58025,-0.00353
1007.61602,-0.00342
1006.65179,-0.00386
1005.68757,-0.00485
1004.72334,-0.00606
1003.75912,-0.00677
1002.79489,-0.00649
1001.83066,-0.00554
1000.86644,-0.00485
999.90221,-0.00511
998.93799,-0.00606
997.97376,-0.00686
997.00954,-0.00691
996.04531,-0.00623
995.08108,-0.00507
994.11686,-0.00357
993.15263,-0.00204
992.18841,-0.00122
991.22418,-0.00182
990.25995,-0.00363
989.29573,-0.00529
988.33150,-0.00540
987.36728,-0.00382
986.40305,-0.00184
985.43882,-0.00102
984.47460,-0.00187
983.51037,-0.00369
982.54615,-0.00527
981.58192,-0.00565
980.61770,-0.00448
979.65347,-0.00210
978.68924,0.00063
977.72502,0.00268
976.76079,0.00350
975.79657,0.00326
974.83234,0.00263
973.86811,0.00219
972.90389,0.00226
971.93966,0.00289
970.97544,0.00378
970.01121,0.00431
969.04699,0.00368
968.08276,0.00164
967.11853,-0.00109
966.15431,-0.00312
965.19008,-0.00335
964.22586,-0.00171
963.26163,0.00073
962.29740,0.00245
961.33318,0.00228
960.36895,0.00026
959.40473,-0.00219
958.44050,-0.00319
957.47628,-0.00196
956.51205,0.00035
955.54782,0.00159
954.58360,0.00052
953.61937,-0.00211
952.65515,-0.00442
951.69092,-0.00509
950.72669,-0.00410
949.76247,-0.00200
948.79824,0.00073
947.83402,0.00349
946.86979,0.00512
945.90556,0.00452
944.94134,0.00184
943.97711,-0.00133
943.01289,-0.00333
942.04866,-0.00381
941.08444,-0.00366
940.12021,-0.00367
939.15598,-0.00370
938.19176,-0.00323
937.22753,-0.00230
936.26331,-0.00154
935.29908,-0.00123
934.33485,-0.00086
933.37063,0.00017
932.40640,0.00163
931.44218,0.00248
930.47795,0.00189
929.51373,0.00006
928.54950,-0.00193
927.58527,-0.00294
926.62105,-0.00246
925.65682,-0.00078
924.69260,0.00121
923.72837,0.00245
922.76414,0.00220
921.79992,0.00052
920.83569,-0.00175
919.87147,-0.00346
918.90724,-0.00383
917.94302,-0.00294
916.97879,-0.00155
916.01456,-0.00060
915.05034,-0.00063
914.08611,-0.00165
913.12189,-0.00314
912.15766,-0.00451
911.19343,-0.00523
910.22921,-0.00494
909.26498,-0.00348
908.30076,-0.00108
907.33653,0.00145
906.37230,0.00293
905.40808,0.00261
904.44385,0.00081
903.47963,-0.00129
902.51540,-0.00271
901.55118,-0.00339
900.58695,-0.00399
899.62272,-0.00493
898.65850,-0.00585
897.69427,-0.00586
896.73005,-0.00445
895.76582,-0.00193
894.80159,0.00092
893.83737,0.00352
892.87314,0.00578
891.90892,0.00775
890.94469,0.00888
889.98047,0.00795
889.01624,0.00410
888.05201,-0.00199
887.08779,-0.00801
886.12356,-0.01152
885.15934,-0.01190
884.19511,-0.01073
883.23088,-0.00991
882.26666,-0.00957
881.30243,-0.00823
880.33821,-0.00508
879.37398,-0.00150
878.40975,-0.00019
877.44553,-0.00253
876.48130,-0.00717
875.51708,-0.01121
874.55285,-0.01253
873.58863,-0.01087
872.62440,-0.00729
871.66017,-0.00336
870.69595,-0.00049
869.73172,0.00046
868.76750,-0.00037
867.80327,-0.00193
866.83904,-0.00302
865.87482,-0.00335
864.91059,-0.00368
863.94637,-0.00493
862.98214,-0.00715
862.01792,-0.00930
861.05369,-0.01008
860.08946,-0.00891
859.12524,-0.00617
858.16101,-0.00277
857.19679,0.00036
856.23256,0.00260
855.26833,0.00380
854.30411,0.00424
853.33988,0.00441
852.37566,0.00466
851.41143,0.00492
850.44721,0.00472
849.48298,0.00360
848.51875,0.00166
847.55453,-0.00019
846.59030,-0.00072
845.62608,0.00061
844.66185,0.00322
843.69762,0.00584
842.73340,0.00742
841.76917,0.00748
840.80495,0.00588
839.84072,0.00264
838.87649,-0.00164
837.91227,-0.00558
836.94804,-0.00763
835.98382,-0.00733
835.01959,-0.00571
834.05537,-0.00413
833.09114,-0.00286
832.12691,-0.00132
831.16269,0.00043
830.19846,0.00109
829.23424,-0.00031
828.27001,-0.00281
827.30578,-0.00413
826.34156,-0.00319
825.37733,-0.00145
824.41311,-0.00117
823.44888,-0.00275
822.48466,-0.00431
821.52043,-0.00390
820.55620,-0.00164
819.59198,0.00055
818.62775,0.00108
817.66353,-0.00003
816.69930,-0.00154
815.73507,-0.00208
814.77085,-0.00093
813.80662,0.00155
812.84240,0.00408
811.87817,0.00525
810.91395,0.00463
809.94972,0.00304
808.98549,0.00162
808.02127,0.00068
807.05704,-0.00030
806.09282,-0.00150
805.12859,-0.00214
804.16436,-0.00147
803.20014,0.00008
802.23591,0.00117
801.27169,0.00114
800.30746,0.00058
799.34323,0.00041
798.37901,0.00072
797.41478,0.00099
796.45056,0.00107
795.48633,0.00153
794.52211,0.00270
793.55788,0.00404
792.59365,0.00489
791.62943,0.00540
790.66520,0.00619
789.70098,0.00727
788.73675,0.00788
787.77252,0.00748
786.80830,0.00643
785.84407,0.00527
784.87985,0.00364
783.91562,0.00076
782.95140,-0.00319
781.98717,-0.00669
781.02294,-0.00834
780.05872,-0.00819
779.09449,-0.00730
778.13027,-0.00613
777.16604,-0.00396
776.20181,-0.00022
775.23759,0.00410
774.27336,0.00687
773.30914,0.00661
772.34491,0.00368
771.38068,-0.00013
770.41646,-0.00284
769.45223,-0.00337
768.48801,-0.00208
767.52378,-0.00053
766.55956,-0.00046
765.59533,-0.00240
764.63110,-0.00506
763.66688,-0.00637
762.70265,-0.00521
761.73843,-0.00221
760.77420,0.00100
759.80997,0.00311
758.84575,0.00364
757.88152,0.00267
756.91730,0.00073
755.95307,-0.00112
754.98885,-0.00189
754.02462,-0.00151
753.06039,-0.00093
752.09617,-0.00104
751.13194,-0.00164
750.16772,-0.00194
749.20349,-0.00185
748.23926,-0.00215
747.27504,-0.00317
746.31081,-0.00390
745.34659,-0.00296
744.38236,-0.00034
743.41814,0.00237
742.45391,0.00373
741.48968,0.00375
740.52546,0.00317
739.56123,0.00203
738.59701,-0.00027
737.63278,-0.00361
736.66855,-0.00660
735.70433,-0.00798
734.74010,-0.00794
733.77588,-0.00773
732.81165,-0.00798
731.84742,-0.00808
730.88320,-0.00727
729.91897,-0.00571
728.95475,-0.00407
727.99052,-0.00262
727.02630,-0.00129
726.06207,-0.00054
725.09784,-0.00138
724.13362,-0.00399
723.16939,-0.00694
722.20517,-0.00809
721.24094,-0.00658
720.27671,-0.00351
719.31249,-0.00052
718.34826,0.00152
717.38404,0.00257
716.41981,0.00270
715.45559,0.00196
714.49136,0.00081
713.52713,0.00014
712.56291,0.00054
711.59868,0.00177
710.63446,0.00301
709.67023,0.00352
708.70600,0.00299
707.74178,0.00161
706.77755,0.00010
705.81333,-0.00048
704.84910,0.00063
703.88487,0.00313
702.92065,0.00564
701.95642,0.00675
700.99220,0.00612
700.02797,0.00449
699.06375,0.00272
698.09952,0.00099
697.13529,-0.00079
696.17107,-0.00235
695.20684,-0.00301
694.24262,-0.00255
693.27839,-0.00167
692.31416,-0.00158
691.34994,-0.00295
690.38571,-0.00548
689.42149,-0.00811
688.45726,-0.00953
687.49304,-0.00866
686.52881,-0.00537
685.56458,-0.00089
684.60036,0.00268
683.63613,0.00387
682.67191,0.00298
681.70768,0.00165
680.74345,0.00128
679.77923,0.00194
678.81500,0.00280
677.85078,0.00340
676.88655,0.00409
675.92233,0.00528
674.95810,0.00657
673.99387,0.00701
673.02965,0.00615
672.06542,0.00472
671.10120,0.00424
670.13697,0.00580
669.17274,0.00904
668.20852,0.01164
667.24429,0.01045
666.28007,0.00440
665.31584,-0.00381
664.35161,-0.00975
663.38739,-0.01040
662.42316,-0.00594
661.45894,0.00029
660.49471,0.00448
659.53049,0.00545
658.56626,0.00507
657.60203,0.00573
656.63781,0.00780
655.67358,0.00926
654.70936,0.00774
653.74513,0.00280
652.78090,-0.00366
651.81668,-0.00899
650.85245,-0.01158
649.88823,-0.01156
648.92400,-0.01014
647.95978,-0.00860
646.99555,-0.00761
646.03132,-0.00720
645.06710,-0.00716
644.10287,-0.00747
643.13865,-0.00820
642.17442,-0.00904
641.21019,-0.00904
640.24597,-0.00725
639.28174,-0.00391
638.31752,-0.00087
637.35329,-0.00027
636.38907,-0.00241
635.42484,-0.00515
634.46061,-0.00546
633.49639,-0.00222
632.53216,0.00252
631.56794,0.00553
630.60371,0.00555
629.63948,0.00410
628.67526,0.00319
627.71103,0.00316
626.74681,0.00307
625.78258,0.00268
624.81835,0.00290
623.85413,0.00387
622.88990,0.00332
621.92568,-0.00139
620.96145,-0.00977
619.99723,-0.01711
619.03300,-0.01774
618.06877,-0.00984
617.10455,0.00289
616.14032,0.01371
615.17610,0.01760
614.21187,0.01413
613.24764,0.00653
612.28342,-0.00125
611.31919,-0.00633
610.35497,-0.00786
609.39074,-0.00748
608.42652,-0.00800
607.46229,-0.01067
606.49806,-0.01372
605.53384,-0.01441
604.56961,-0.01209
603.60539,-0.00919
602.64116,-0.00869
601.67693,-0.01084
600.71271,-0.01296
599.74848,-0.01264
598.78426,-0.01026
597.82003,-0.00803
596.85580,-0.00755
595.89158,-0.00841
594.92735,-0.00946
593.96313,-0.01062
592.99890,-0.01282
592.03468,-0.01645
591.07045,-0.02009
590.10622,-0.02148
589.14200,-0.01950
588.17777,-0.01467
587.21355,-0.00826
586.24932,-0.00163
585.28509,0.00400
584.32087,0.00766
583.35664,0.00904
582.39242,0.00926
581.42819,0.01094
580.46397,0.01605
579.49974,0.02294
578.53551,0.02632
577.57129,0.02172
576.60706,0.01093
575.64284,0.00089
574.67861,-0.00281
573.71438,-0.00141
572.75016,-0.00105
571.78593,-0.00505
570.82171,-0.00972
569.85748,-0.00926
568.89326,-0.00400
567.92903,-0.00156
566.96480,-0.00846
566.00058,-0.02088
565.03635,-0.02725
564.07213,-0.02051
563.10790,-0.00547
562.14367,0.00720
561.17945,0.01230
560.21522,0.01299
559.25100,0.01320
558.28677,0.01230
557.32254,0.00786
556.35832,0.00212
555.39409,0.00015
554.42987,0.00383
553.46564,0.00600
552.50142,0.00060
551.53719,-0.00745
550.57296,-0.00600
549.60874,0.01431
548.64451,0.05081
547.68029,0.08795
546.71606,0.10449
545.75183,0.08177
544.78761,0.02982
543.82338,-0.01367
542.85916,-0.00643
541.89493,0.06225
540.93071,0.14743
539.96648,0.19174
539.00225,0.16459
538.03803,0.10344
537.07380,0.06572
536.10958,0.06389
535.14535,0.09501
534.18112,0.12578
533.21690,0.13581
532.25267,0.12692
531.28845,0.11752
530.32422,0.10307
529.36000,0.07656
528.39577,0.04321
527.43154,0.01945
526.46732,0.01635
525.50309,0.03112
524.53887,0.05761
523.57464,0.11159
522.61041,0.27191
521.64619,0.57112
520.68196,0.98196
519.71774,1.27934
518.75351,1.04875
517.78928,0.72869
516.82506,0.47034
515.86083,0.31987
514.89661,0.25064
513.93238,0.23995
512.96816,0.27204
512.00393,0.31286
511.03970,0.31656
510.07548,0.32036
509.11125,0.36018
508.14703,0.38422
507.18280,0.36214
506.21857,0.31832
505.25435,0.29249
504.29012,0.30225
503.32590,0.32058
502.36167,0.38033
501.39745,0.53432
500.43322,0.76744
499.46899,0.76179
498.50477,0.47202
497.54054,0.22630
496.57632,0.11053
495.61209,0.03764
494.64786,-0.01207
493.68364,-0.03645
492.71941,-0.00554
491.75519,0.11173
490.79096,0.27436
489.82673,0.38435
488.86251,0.38292
487.89828,0.26405
486.93406,0.12973
485.96983,0.05077
485.00561,0.04735
484.04138,0.09312
483.07715,0.12412
482.11293,0.08488
481.14870,0.03013
480.18448,0.02708
479.22025,0.10464
478.25602,0.22265
477.29180,0.31263
476.32757,0.32747
475.36335,0.27179
474.39912,0.17184
473.43490,0.06177
472.47067,-0.07086
471.50644,-0.18279
470.54222,-0.23823
469.57799,-0.22677
468.61377,-0.13589
467.64954,0.02147
466.68531,0.19991
465.72109,0.30874
464.75686,0.30457
463.79264,0.24580
462.82841,0.20959
461.86419,0.22075
460.89996,0.25549
459.93573,0.25177
458.97151,0.18458
458.00728,0.13498
457.04306,0.17244
456.07883,0.25722
455.11460,0.30701
454.15038,0.32349
453.18615,0.26996
452.22193,0.20466
451.25770,0.23762
450.29347,0.33978
449.32925,0.41930
448.36502,0.41596
447.40080,0.32109
446.43657,0.16975
445.47235,0.03722
444.50812,0.04023
443.54389,0.19849
442.57967,0.37102
441.61544,0.42841
440.65122,0.37927
439.68699,0.26714
438.72276,0.16983
437.75854,0.14551
436.79431,0.16512
435.83009,0.18627
434.86586,0.24021
433.90164,0.34403
432.93741,0.50272
431.97318,0.69205
431.00896,0.80226
430.04473,0.56458
429.08051,0.09727
428.11628,-0.36734
427.15205,-0.62075
426.18783,-0.49032
425.22360,-0.25085
424.25938,-0.06951
423.29515,0.04487
422.33092,0.14330
421.36670,0.25659
420.40247,0.39576
419.43825,0.52273
418.47402,0.64005
417.50980,0.77122
416.54557,0.89083
415.58134,0.82619
414.61712,0.68509
413.65289,0.55492
412.68867,0.42358
411.72444,0.25579
410.76021,0.02507
409.79599,-0.22024
408.83176,-0.35911
407.86754,-0.39597
406.90331,-0.35393
405.93909,-0.23193
404.97486,-0.05080
404.01063,0.16822
403.04641,0.35131
402.08218,0.44377
401.11796,0.45861
400.15373,0.41411
399.18950,0.34625
398.22528,0.34011
397.26105,0.36159
396.29683,0.34168
395.33260,0.23965
394.36838,0.15811
393.40415,0.14499
392.43992,0.17605
391.47570,0.22455
390.51147,0.25006
389.54725,0.22519
388.58302,0.17593
387.61879,0.09170
386.65457,-0.03110
385.69034,-0.17067
384.72612,-0.24376
383.76189,-0.18802
382.79766,-0.06767
381.83344,0.02819
380.86921,0.06059
379.90499,0.07753
378.94076,0.13615
377.97654,0.28487
377.01231,0.66976
376.04808,1.58785
375.08386,0.86096
374.11963,0.52251
373.15541,1.26971
372.19118,6.00000
371.22695,6.00000
370.26273,0.54250
369.29850,0.29565
368.33428,0.19081
367.37005,0.10116
366.40583,-0.00499
365.44160,-0.12688
364.47737,-0.25165
363.51315,-0.31305
362.54892,-0.33960
361.58470,-0.50521
360.62047,-0.54675
359.65624,-0.44959
358.69202,-0.30582
357.72779,-0.16898
356.76357,-0.06947
355.79934,-0.03349
354.83512,-0.06145
353.87089,-0.12690
352.90666,-0.14647
351.94244,-0.06626
350.97821,0.05547
350.01399,0.13625
349.04976,0.16061
