3946.57643,0.00428
3945.61220,0.00393
3944.64798,0.00365
3943.68375,0.00391
3942.71953,0.00461
3941.75530,0.00516
3940.79107,0.00522
3939.82685,0.00498
3938.86262,0.00482
3937.89840,0.00474
3936.93417,0.00439
3935.96994,0.00361
3935.00572,0.00269
3934.04149,0.00211
3933.07727,0.00208
3932.11304,0.00230
3931.14882,0.00233
3930.18459,0.00196
3929.22036,0.00133
3928.25614,0.00078
3927.29191,0.00063
3926.32769,0.00094
3925.36346,0.00145
3924.39923,0.00171
3923.43501,0.00139
3922.47078,0.00065
3921.50656,0.00001
3920.54233,-0.00010
3919.57811,0.00027
3918.61388,0.00067
3917.64965,0.00072
3916.68543,0.00050
3915.72120,0.00032
3914.75698,0.00032
3913.79275,0.00037
3912.82852,0.00026
3911.86430,0.00002
3910.90007,-0.00010
3909.93585,0.00012
3908.97162,0.00068
3908.00739,0.00141
3907.04317,0.00206
3906.07894,0.00239
3905.11472,0.00230
3904.15049,0.00187
3903.18627,0.00133
3902.22204,0.00094
3901.25781,0.00076
3900.29359,0.00070
3899.32936,0.00069
3898.36514,0.00074
3897.40091,0.00085
3896.43668,0.00087
3895.47246,0.00062
3894.50823,0.00016
3893.54401,-0.00019
3892.57978,-0.00021
3891.61556,-0.00001
3890.65133,0.00003
3889.68710,-0.00026
3888.72288,-0.00063
3887.75865,-0.00071
3886.79443,-0.00043
3885.83020,0.00000
3884.86597,0.00033
3883.90175,0.00054
3882.93752,0.00074
3881.97330,0.00091
3881.00907,0.00089
3880.04485,0.00067
3879.08062,0.00046
3878.11639,0.00046
3877.15217,0.00058
3876.18794,0.00055
3875.22372,0.00025
3874.25949,-0.00011
3873.29526,-0.00022
3872.33104,-0.00003
3871.36681,0.00024
3870.40259,0.00038
3869.43836,0.00041
3868.47413,0.00046
3867.50991,0.00052
3866.54568,0.00051
3865.58146,0.00046
3864.61723,0.00056
3863.65301,0.00094
3862.68878,0.00135
3861.72455,0.00137
3860.76033,0.00081
3859.79610,-0.00003
3858.83188,-0.00063
3857.86765,-0.00062
3856.90342,-0.00011
3855.93920,0.00056
3854.97497,0.00106
3854.01075,0.00120
3853.04652,0.00094
3852.08230,0.00035
3851.11807,-0.00038
3850.15384,-0.00101
3849.18962,-0.00138
3848.22539,-0.00148
3847.26117,-0.00139
3846.29694,-0.00115
3845.33271,-0.00073
3844.36849,-0.00018
3843.40426,0.00031
3842.44004,0.00059
3841.47581,0.00067
3840.51159,0.00071
3839.54736,0.00085
3838.58313,0.00098
3837.61891,0.00090
3836.65468,0.00054
3835.69046,0.00008
3834.72623,-0.00024
3833.76200,-0.00036
3832.79778,-0.00037
3831.83355,-0.00036
3830.86933,-0.00030
3829.90510,-0.00017
3828.94087,-0.00005
3827.97665,-0.00014
3827.01242,-0.00050
3826.04820,-0.00100
3825.08397,-0.00134
3824.11975,-0.00131
3823.15552,-0.00094
3822.19129,-0.00049
3821.22707,-0.00026
3820.26284,-0.00040
3819.29862,-0.00084
3818.33439,-0.00132
3817.37016,-0.00155
3816.40594,-0.00137
3815.44171,-0.00085
3814.47749,-0.00024
3813.51326,0.00023
3812.54904,0.00046
3811.58481,0.00050
3810.62058,0.00044
3809.65636,0.00034
3808.69213,0.00030
3807.72791,0.00043
3806.76368,0.00079
3805.79945,0.00129
3804.83523,0.00169
3803.87100,0.00180
3802.90678,0.00162
3801.94255,0.00131
3800.97832,0.00104
3800.01410,0.00085
3799.04987,0.00068
3798.08565,0.00054
3797.12142,0.00054
3796.15720,0.00077
3795.19297,0.00113
3794.22874,0.00140
3793.26452,0.00142
3792.30029,0.00124
3791.33607,0.00108
3790.37184,0.00104
3789.40761,0.00101
3788.44339,0.00078
3787.47916,0.00028
3786.51494,-0.00033
3785.55071,-0.00082
3784.58649,-0.00103
3783.62226,-0.00089
3782.65803,-0.00046
3781.69381,0.00018
3780.72958,0.00089
3779.76536,0.00151
3778.80113,0.00185
3777.83690,0.00183
3776.87268,0.00151
3775.90845,0.00107
3774.94423,0.00074
3773.98000,0.00069
3773.01578,0.00085
3772.05155,0.00096
3771.08732,0.00076
3770.12310,0.00022
3769.15887,-0.00039
3768.19465,-0.00070
3767.23042,-0.00055
3766.26619,-0.00008
3765.30197,0.00046
3764.33774,0.00091
3763.37352,0.00124
3762.40929,0.00144
3761.44506,0.00147
3760.48084,0.00125
3759.51661,0.00081
3758.55239,0.00031
3757.58816,-0.00007
3756.62394,-0.00022
3755.65971,-0.00010
3754.69548,0.00026
3753.73126,0.00079
3752.76703,0.00141
3751.80281,0.00197
3750.83858,0.00233
3749.87435,0.00239
3748.91013,0.00217
3747.94590,0.00187
3746.98168,0.00173
3746.01745,0.00188
3745.05323,0.00216
3744.08900,0.00225
3743.12477,0.00197
3742.16055,0.00154
3741.19632,0.00137
3740.23210,0.00165
3739.26787,0.00217
3738.30364,0.00245
3737.33942,0.00221
3736.37519,0.00155
3735.41097,0.00082
3734.44674,0.00037
3733.48251,0.00026
3732.51829,0.00042
3731.55406,0.00068
3730.58984,0.00092
3729.62561,0.00103
3728.66139,0.00102
3727.69716,0.00095
3726.73293,0.00088
3725.76871,0.00088
3724.80448,0.00093
3723.84026,0.00104
3722.87603,0.00115
3721.91180,0.00118
3720.94758,0.00096
3719.98335,0.00046
3719.01913,-0.00015
3718.05490,-0.00055
3717.09068,-0.00053
3716.12645,-0.00013
3715.16222,0.00038
3714.19800,0.00077
3713.23377,0.00098
3712.26955,0.00106
3711.30532,0.00111
3710.34109,0.00117
3709.37687,0.00129
3708.41264,0.00140
3707.44842,0.00140
3706.48419,0.00120
3705.51997,0.00093
3704.55574,0.00083
3703.59151,0.00110
3702.62729,0.00156
3701.66306,0.00181
3700.69884,0.00152
3699.73461,0.00084
3698.77038,0.00025
3697.80616,0.00013
3696.84193,0.00049
3695.87771,0.00103
3694.91348,0.00144
3693.94925,0.00155
3692.98503,0.00140
3692.02080,0.00112
3691.05658,0.00094
3690.09235,0.00110
3689.12813,0.00170
3688.16390,0.00250
3687.19967,0.00308
3686.23545,0.00313
3685.27122,0.00270
3684.30700,0.00213
3683.34277,0.00169
3682.37854,0.00146
3681.41432,0.00138
3680.45009,0.00139
3679.48587,0.00143
3678.52164,0.00146
3677.55742,0.00139
3676.59319,0.00126
3675.62896,0.00123
3674.66474,0.00146
3673.70051,0.00192
3672.73629,0.00240
3671.77206,0.00267
3670.80783,0.00271
3669.84361,0.00262
3668.87938,0.00254
3667.91516,0.00245
3666.95093,0.00228
3665.98671,0.00201
3665.02248,0.00178
3664.05825,0.00178
3663.09403,0.00210
3662.12980,0.00266
3661.16558,0.00323
3660.20135,0.00358
3659.23712,0.00362
3658.27290,0.00351
3657.30867,0.00345
3656.34445,0.00356
3655.38022,0.00377
3654.41599,0.00391
3653.45177,0.00384
3652.48754,0.00359
3651.52332,0.00328
3650.55909,0.00310
3649.59487,0.00311
3648.63064,0.00329
3647.66641,0.00347
3646.70219,0.00351
3645.73796,0.00342
3644.77374,0.00340
3643.80951,0.00370
3642.84528,0.00435
3641.88106,0.00503
3640.91683,0.00530
3639.95261,0.00498
3638.98838,0.00430
3638.02416,0.00373
3637.05993,0.00359
3636.09570,0.00380
3635.13148,0.00398
3634.16725,0.00378
3633.20303,0.00322
3632.23880,0.00263
3631.27457,0.00244
3630.31035,0.00282
3629.34612,0.00357
3628.38190,0.00423
3627.41767,0.00441
3626.45344,0.00415
3625.48922,0.00383
3624.52499,0.00390
3623.56077,0.00446
3622.59654,0.00526
3621.63232,0.00583
3620.66809,0.00588
3619.70386,0.00543
3618.73964,0.00476
3617.77541,0.00417
3616.81119,0.00381
3615.84696,0.00365
3614.88273,0.00357
3613.91851,0.00348
3612.95428,0.00338
3611.99006,0.00336
3611.02583,0.00354
3610.06161,0.00391
3609.09738,0.00437
3608.13315,0.00467
3607.16893,0.00464
3606.20470,0.00429
3605.24048,0.00385
3604.27625,0.00361
3603.31202,0.00367
3602.34780,0.00388
3601.38357,0.00399
3600.41935,0.00391
3599.45512,0.00379
3598.49090,0.00374
3597.52667,0.00370
3596.56244,0.00350
3595.59822,0.00319
3594.63399,0.00312
3593.66977,0.00367
3592.70554,0.00476
3591.74131,0.00585
3590.77709,0.00640
3589.81286,0.00630
3588.84864,0.00592
3587.88441,0.00564
3586.92018,0.00555
3585.95596,0.00548
3584.99173,0.00535
3584.02751,0.00524
3583.06328,0.00525
3582.09906,0.00536
3581.13483,0.00551
3580.17060,0.00565
3579.20638,0.00576
3578.24215,0.00575
3577.27793,0.00547
3576.31370,0.00494
3575.34947,0.00444
3574.38525,0.00423
3573.42102,0.00434
3572.45680,0.00451
3571.49257,0.00454
3570.52835,0.00442
3569.56412,0.00429
3568.59989,0.00417
3567.63567,0.00400
3566.67144,0.00387
3565.70722,0.00402
3564.74299,0.00466
3563.77876,0.00558
3562.81454,0.00631
3561.85031,0.00649
3560.88609,0.00624
3559.92186,0.00594
3558.95764,0.00577
3557.99341,0.00564
3557.02918,0.00539
3556.06496,0.00511
3555.10073,0.00507
3554.13651,0.00534
3553.17228,0.00567
3552.20805,0.00572
3551.24383,0.00544
3550.27960,0.00508
3549.31538,0.00492
3548.35115,0.00501
3547.38692,0.00514
3546.42270,0.00510
3545.45847,0.00485
3544.49425,0.00448
3543.53002,0.00410
3542.56580,0.00385
3541.60157,0.00384
3540.63734,0.00410
3539.67312,0.00454
3538.70889,0.00500
3537.74467,0.00538
3536.78044,0.00570
3535.81621,0.00607
3534.85199,0.00646
3533.88776,0.00670
3532.92354,0.00658
3531.95931,0.00606
3530.99509,0.00535
3530.03086,0.00484
3529.06663,0.00480
3528.10241,0.00520
3527.13818,0.00571
3526.17396,0.00593
3525.20973,0.00571
3524.24550,0.00521
3523.28128,0.00472
3522.31705,0.00448
3521.35283,0.00452
3520.38860,0.00472
3519.42437,0.00495
3518.46015,0.00510
3517.49592,0.00514
3516.53170,0.00513
3515.56747,0.00524
3514.60325,0.00561
3513.63902,0.00617
3512.67479,0.00664
3511.71057,0.00679
3510.74634,0.00667
3509.78212,0.00651
3508.81789,0.00645
3507.85366,0.00646
3506.88944,0.00640
3505.92521,0.00625
3504.96099,0.00610
3503.99676,0.00596
3503.03254,0.00567
3502.06831,0.00514
3501.10408,0.00458
3500.13986,0.00440
3499.17563,0.00489
3498.21141,0.00594
3497.24718,0.00704
3496.28295,0.00762
3495.31873,0.00739
3494.35450,0.00645
3493.39028,0.00531
3492.42605,0.00461
3491.46183,0.00472
3490.49760,0.00547
3489.53337,0.00627
3488.56915,0.00662
3487.60492,0.00646
3486.64070,0.00608
3485.67647,0.00574
3484.71224,0.00544
3483.74802,0.00508
3482.78379,0.00472
3481.81957,0.00458
3480.85534,0.00474
3479.89111,0.00505
3478.92689,0.00533
3477.96266,0.00565
3476.99844,0.00618
3476.03421,0.00690
3475.06999,0.00745
3474.10576,0.00745
3473.14153,0.00690
3472.17731,0.00618
3471.21308,0.00576
3470.24886,0.00585
3469.28463,0.00640
3468.32040,0.00716
3467.35618,0.00787
3466.39195,0.00829
3465.42773,0.00824
3464.46350,0.00779
3463.49928,0.00719
3462.53505,0.00668
3461.57082,0.00635
3460.60660,0.00616
3459.64237,0.00612
3458.67815,0.00639
3457.71392,0.00708
3456.74969,0.00810
3455.78547,0.00913
3454.82124,0.00976
3453.85702,0.00974
3452.89279,0.00908
3451.92856,0.00804
3450.96434,0.00705
3450.00011,0.00654
3449.03589,0.00666
3448.07166,0.00719
3447.10744,0.00762
3446.14321,0.00754
3445.17898,0.00694
3444.21476,0.00622
3443.25053,0.00582
3442.28631,0.00586
3441.32208,0.00609
3440.35785,0.00613
3439.39363,0.00586
3438.42940,0.00545
3437.46518,0.00507
3436.50095,0.00476
3435.53673,0.00447
3434.57250,0.00433
3433.60827,0.00465
3432.64405,0.00565
3431.67982,0.00710
3430.71560,0.00838
3429.75137,0.00891
3428.78714,0.00852
3427.82292,0.00751
3426.85869,0.00632
3425.89447,0.00534
3424.93024,0.00476
3423.96602,0.00461
3423.00179,0.00476
3422.03756,0.00499
3421.07334,0.00512
3420.10911,0.00513
3419.14489,0.00511
3418.18066,0.00512
3417.21643,0.00507
3416.25221,0.00493
3415.28798,0.00484
3414.32376,0.00499
3413.35953,0.00541
3412.39530,0.00587
3411.43108,0.00610
3410.46685,0.00606
3409.50263,0.00597
3408.53840,0.00609
3407.57418,0.00645
3406.60995,0.00689
3405.64572,0.00726
3404.68150,0.00743
3403.71727,0.00738
3402.75305,0.00714
3401.78882,0.00689
3400.82459,0.00693
3399.86037,0.00743
3398.89614,0.00827
3397.93192,0.00904
3396.96769,0.00937
3396.00347,0.00922
3395.03924,0.00882
3394.07501,0.00846
3393.11079,0.00824
3392.14656,0.00803
3391.18234,0.00775
3390.21811,0.00745
3389.25388,0.00728
3388.28966,0.00725
3387.32543,0.00716
3386.36121,0.00677
3385.39698,0.00607
3384.43276,0.00531
3383.46853,0.00483
3382.50430,0.00471
3381.54008,0.00479
3380.57585,0.00494
3379.61163,0.00524
3378.64740,0.00582
3377.68317,0.00659
3376.71895,0.00718
3375.75472,0.00727
3374.79050,0.00690
3373.82627,0.00641
3372.86204,0.00610
3371.89782,0.00599
3370.93359,0.00589
3369.96937,0.00567
3369.00514,0.00535
3368.04092,0.00504
3367.07669,0.00479
3366.11246,0.00462
3365.14824,0.00465
3364.18401,0.00495
3363.21979,0.00547
3362.25556,0.00602
3361.29133,0.00639
3360.32711,0.00652
3359.36288,0.00653
3358.39866,0.00656
3357.43443,0.00666
3356.47021,0.00677
3355.50598,0.00675
3354.54175,0.00662
3353.57753,0.00650
3352.61330,0.00662
3351.64908,0.00701
3350.68485,0.00740
3349.72062,0.00740
3348.75640,0.00684
3347.79217,0.00599
3346.82795,0.00534
3345.86372,0.00519
3344.89949,0.00541
3343.93527,0.00568
3342.97104,0.00581
3342.00682,0.00594
3341.04259,0.00625
3340.07837,0.00670
3339.11414,0.00699
3338.14991,0.00688
3337.18569,0.00637
3336.22146,0.00574
3335.25724,0.00540
3334.29301,0.00560
3333.32878,0.00628
3332.36456,0.00715
3331.40033,0.00784
3330.43611,0.00816
3329.47188,0.00818
3328.50766,0.00807
3327.54343,0.00792
3326.57920,0.00769
3325.61498,0.00733
3324.65075,0.00687
3323.68653,0.00647
3322.72230,0.00621
3321.75807,0.00610
3320.79385,0.00608
3319.82962,0.00618
3318.86540,0.00642
3317.90117,0.00680
3316.93695,0.00722
3315.97272,0.00749
3315.00849,0.00740
3314.04427,0.00687
3313.08004,0.00603
3312.11582,0.00523
3311.15159,0.00486
3310.18736,0.00510
3309.22314,0.00578
3308.25891,0.00659
3307.29469,0.00732
3306.33046,0.00789
3305.36623,0.00828
3304.40201,0.00838
3303.43778,0.00814
3302.47356,0.00772
3301.50933,0.00737
3300.54511,0.00718
3299.58088,0.00693
3298.61665,0.00637
3297.65243,0.00553
3296.68820,0.00479
3295.72398,0.00449
3294.75975,0.00462
3293.79552,0.00488
3292.83130,0.00499
3291.86707,0.00493
3290.90285,0.00484
3289.93862,0.00485
3288.97440,0.00500
3288.01017,0.00528
3287.04594,0.00562
3286.08172,0.00586
3285.11749,0.00581
3284.15327,0.00543
3283.18904,0.00499
3282.22481,0.00479
3281.26059,0.00494
3280.29636,0.00525
3279.33214,0.00547
3278.36791,0.00548
3277.40369,0.00538
3276.43946,0.00524
3275.47523,0.00507
3274.51101,0.00484
3273.54678,0.00459
3272.58256,0.00439
3271.61833,0.00421
3270.65410,0.00404
3269.68988,0.00395
3268.72565,0.00414
3267.76143,0.00470
3266.79720,0.00550
3265.83297,0.00623
3264.86875,0.00668
3263.90452,0.00680
3262.94030,0.00666
3261.97607,0.00634
3261.01185,0.00592
3260.04762,0.00556
3259.08339,0.00541
3258.11917,0.00546
3257.15494,0.00552
3256.19072,0.00543
3255.22649,0.00526
3254.26226,0.00527
3253.29804,0.00561
3252.33381,0.00618
3251.36959,0.00664
3250.40536,0.00675
3249.44114,0.00653
3248.47691,0.00621
3247.51268,0.00607
3246.54846,0.00616
3245.58423,0.00635
3244.62001,0.00635
3243.65578,0.00603
3242.69155,0.00549
3241.72733,0.00500
3240.76310,0.00476
3239.79888,0.00474
3238.83465,0.00476
3237.87042,0.00470
3236.90620,0.00464
3235.94197,0.00470
3234.97775,0.00482
3234.01352,0.00482
3233.04930,0.00462
3232.08507,0.00442
3231.12084,0.00452
3230.15662,0.00510
3229.19239,0.00599
3228.22817,0.00676
3227.26394,0.00706
3226.29971,0.00676
3225.33549,0.00605
3224.37126,0.00533
3223.40704,0.00490
3222.44281,0.00485
3221.47859,0.00501
3220.51436,0.00518
3219.55013,0.00533
3218.58591,0.00556
3217.62168,0.00592
3216.65746,0.00628
3215.69323,0.00644
3214.72900,0.00633
3213.76478,0.00605
3212.80055,0.00574
3211.83633,0.00545
3210.87210,0.00523
3209.90788,0.00516
3208.94365,0.00533
3207.97942,0.00562
3207.01520,0.00580
3206.05097,0.00571
3205.08675,0.00547
3204.12252,0.00532
3203.15829,0.00540
3202.19407,0.00556
3201.22984,0.00552
3200.26562,0.00522
3199.30139,0.00481
3198.33716,0.00454
3197.37294,0.00452
3196.40871,0.00468
3195.44449,0.00482
3194.48026,0.00480
3193.51604,0.00466
3192.55181,0.00460
3191.58758,0.00481
3190.62336,0.00519
3189.65913,0.00543
3188.69491,0.00530
3187.73068,0.00496
3186.76645,0.00477
3185.80223,0.00493
3184.83800,0.00523
3183.87378,0.00528
3182.90955,0.00500
3181.94533,0.00464
3180.98110,0.00451
3180.01687,0.00465
3179.05265,0.00486
3178.08842,0.00500
3177.12420,0.00507
3176.15997,0.00515
3175.19574,0.00518
3174.23152,0.00511
3173.26729,0.00499
3172.30307,0.00496
3171.33884,0.00509
3170.37461,0.00525
3169.41039,0.00531
3168.44616,0.00517
3167.48194,0.00489
3166.51771,0.00454
3165.55349,0.00420
3164.58926,0.00399
3163.62503,0.00390
3162.66081,0.00388
3161.69658,0.00380
3160.73236,0.00371
3159.76813,0.00375
3158.80390,0.00401
3157.83968,0.00436
3156.87545,0.00459
3155.91123,0.00471
3154.94700,0.00492
3153.98278,0.00536
3153.01855,0.00583
3152.05432,0.00599
3151.09010,0.00572
3150.12587,0.00526
3149.16165,0.00489
3148.19742,0.00465
3147.23319,0.00442
3146.26897,0.00408
3145.30474,0.00370
3144.34052,0.00340
3143.37629,0.00318
3142.41207,0.00305
3141.44784,0.00310
3140.48361,0.00342
3139.51939,0.00391
3138.55516,0.00431
3137.59094,0.00445
3136.62671,0.00439
3135.66248,0.00430
3134.69826,0.00420
3133.73403,0.00401
3132.76981,0.00372
3131.80558,0.00352
3130.84135,0.00356
3129.87713,0.00376
3128.91290,0.00388
3127.94868,0.00376
3126.98445,0.00348
3126.02023,0.00322
3125.05600,0.00304
3124.09177,0.00294
3123.12755,0.00292
3122.16332,0.00305
3121.19910,0.00333
3120.23487,0.00366
3119.27064,0.00387
3118.30642,0.00388
3117.34219,0.00369
3116.37797,0.00337
3115.41374,0.00310
3114.44952,0.00313
3113.48529,0.00355
3112.52106,0.00418
3111.55684,0.00460
3110.59261,0.00453
3109.62839,0.00413
3108.66416,0.00381
3107.69993,0.00380
3106.73571,0.00397
3105.77148,0.00407
3104.80726,0.00403
3103.84303,0.00400
3102.87881,0.00412
3101.91458,0.00428
3100.95035,0.00431
3099.98613,0.00417
3099.02190,0.00398
3098.05768,0.00384
3097.09345,0.00372
3096.12922,0.00358
3095.16500,0.00344
3094.20077,0.00340
3093.23655,0.00352
3092.27232,0.00381
3091.30809,0.00421
3090.34387,0.00462
3089.37964,0.00489
3088.41542,0.00484
3087.45119,0.00446
3086.48697,0.00399
3085.52274,0.00369
3084.55851,0.00364
3083.59429,0.00366
3082.63006,0.00357
3081.66584,0.00336
3080.70161,0.00318
3079.73738,0.00301
3078.77316,0.00271
3077.80893,0.00219
3076.84471,0.00166
3075.88048,0.00145
3074.91626,0.00164
3073.95203,0.00200
3072.98780,0.00223
3072.02358,0.00228
3071.05935,0.00235
3070.09513,0.00257
3069.13090,0.00282
3068.16667,0.00292
3067.20245,0.00281
3066.23822,0.00264
3065.27400,0.00256
3064.30977,0.00260
3063.34554,0.00267
3062.38132,0.00276
3061.41709,0.00287
3060.45287,0.00303
3059.48864,0.00323
3058.52442,0.00338
3057.56019,0.00346
3056.59596,0.00344
3055.63174,0.00328
3054.66751,0.00300
3053.70329,0.00262
3052.73906,0.00223
3051.77483,0.00190
3050.81061,0.00173
3049.84638,0.00178
3048.88216,0.00207
3047.91793,0.00253
3046.95371,0.00297
3045.98948,0.00322
3045.02525,0.00327
3044.06103,0.00325
3043.09680,0.00332
3042.13258,0.00349
3041.16835,0.00360
3040.20412,0.00350
3039.23990,0.00317
3038.27567,0.00272
3037.31145,0.00235
3036.34722,0.00222
3035.38300,0.00237
3034.41877,0.00266
3033.45454,0.00286
3032.49032,0.00278
3031.52609,0.00250
3030.56187,0.00226
3029.59764,0.00223
3028.63341,0.00238
3027.66919,0.00249
3026.70496,0.00245
3025.74074,0.00236
3024.77651,0.00237
3023.81228,0.00254
3022.84806,0.00278
3021.88383,0.00301
3020.91961,0.00320
3019.95538,0.00334
3018.99116,0.00336
3018.02693,0.00315
3017.06270,0.00275
3016.09848,0.00233
3015.13425,0.00202
3014.17003,0.00180
3013.20580,0.00159
3012.24157,0.00141
3011.27735,0.00143
3010.31312,0.00177
3009.34890,0.00231
3008.38467,0.00276
3007.42045,0.00291
3006.45622,0.00280
3005.49199,0.00261
3004.52777,0.00253
3003.56354,0.00259
3002.59932,0.00274
3001.63509,0.00291
3000.67086,0.00307
2999.70664,0.00317
2998.74241,0.00317
2997.77819,0.00304
2996.81396,0.00276
2995.84974,0.00233
2994.88551,0.00181
2993.92128,0.00135
2992.95706,0.00113
2991.99283,0.00126
2991.02861,0.00168
2990.06438,0.00217
2989.10015,0.00248
2988.13593,0.00248
2987.17170,0.00223
2986.20748,0.00192
2985.24325,0.00174
2984.27902,0.00173
2983.31480,0.00179
2982.35057,0.00179
2981.38635,0.00176
2980.42212,0.00189
2979.45790,0.00228
2978.49367,0.00283
2977.52944,0.00323
2976.56522,0.00324
2975.60099,0.00292
2974.63677,0.00257
2973.67254,0.00243
2972.70831,0.00254
2971.74409,0.00273
2970.77986,0.00285
2969.81564,0.00288
2968.85141,0.00288
2967.88719,0.00285
2966.92296,0.00273
2965.95873,0.00244
2964.99451,0.00206
2964.03028,0.00172
2963.06606,0.00154
2962.10183,0.00155
2961.13760,0.00168
2960.17338,0.00183
2959.20915,0.00193
2958.24493,0.00195
2957.28070,0.00190
2956.31647,0.00178
2955.35225,0.00163
2954.38802,0.00152
2953.42380,0.00150
2952.45957,0.00160
2951.49535,0.00178
2950.53112,0.00198
2949.56689,0.00209
2948.60267,0.00208
2947.63844,0.00195
2946.67422,0.00174
2945.70999,0.00158
2944.74576,0.00156
2943.78154,0.00169
2942.81731,0.00189
2941.85309,0.00206
2940.88886,0.00213
2939.92464,0.00218
2938.96041,0.00229
2937.99618,0.00246
2937.03196,0.00258
2936.06773,0.00254
2935.10351,0.00233
2934.13928,0.00205
2933.17505,0.00178
2932.21083,0.00156
2931.24660,0.00143
2930.28238,0.00144
2929.31815,0.00164
2928.35393,0.00201
2927.38970,0.00241
2926.42547,0.00266
2925.46125,0.00268
2924.49702,0.00248
2923.53280,0.00219
2922.56857,0.00199
2921.60434,0.00196
2920.64012,0.00211
2919.67589,0.00233
2918.71167,0.00251
2917.74744,0.00259
2916.78321,0.00257
2915.81899,0.00248
2914.85476,0.00229
2913.89054,0.00201
2912.92631,0.00170
2911.96209,0.00151
2910.99786,0.00152
2910.03363,0.00170
2909.06941,0.00196
2908.10518,0.00221
2907.14096,0.00241
2906.17673,0.00256
2905.21250,0.00262
2904.24828,0.00256
2903.28405,0.00242
2902.31983,0.00223
2901.35560,0.00204
2900.39138,0.00186
2899.42715,0.00169
2898.46292,0.00158
2897.49870,0.00155
2896.53447,0.00163
2895.57025,0.00182
2894.60602,0.00216
2893.64179,0.00262
2892.67757,0.00305
2891.71334,0.00328
2890.74912,0.00324
2889.78489,0.00303
2888.82066,0.00280
2887.85644,0.00258
2886.89221,0.00232
2885.92799,0.00201
2884.96376,0.00178
2883.99954,0.00179
2883.03531,0.00202
2882.07108,0.00229
2881.10686,0.00244
2880.14263,0.00244
2879.17841,0.00237
2878.21418,0.00228
2877.24995,0.00217
2876.28573,0.00213
2875.32150,0.00230
2874.35728,0.00268
2873.39305,0.00301
2872.42883,0.00296
2871.46460,0.00242
2870.50037,0.00168
2869.53615,0.00118
2868.57192,0.00108
2867.60770,0.00124
2866.64347,0.00142
2865.67924,0.00151
2864.71502,0.00154
2863.75079,0.00156
2862.78657,0.00152
2861.82234,0.00140
2860.85812,0.00120
2859.89389,0.00097
2858.92966,0.00070
2857.96544,0.00044
2857.00121,0.00030
2856.03699,0.00041
2855.07276,0.00079
2854.10853,0.00127
2853.14431,0.00165
2852.18008,0.00186
2851.21586,0.00200
2850.25163,0.00215
2849.28740,0.00226
2848.32318,0.00219
2847.35895,0.00196
2846.39473,0.00170
2845.43050,0.00155
2844.46628,0.00145
2843.50205,0.00123
2842.53782,0.00083
2841.57360,0.00042
2840.60937,0.00027
2839.64515,0.00051
2838.68092,0.00102
2837.71669,0.00149
2836.75247,0.00174
2835.78824,0.00178
2834.82402,0.00174
2833.85979,0.00165
2832.89557,0.00148
2831.93134,0.00119
2830.96711,0.00083
2830.00289,0.00053
2829.03866,0.00037
2828.07444,0.00040
2827.11021,0.00067
2826.14598,0.00117
2825.18176,0.00181
2824.21753,0.00234
2823.25331,0.00254
2822.28908,0.00233
2821.32486,0.00189
2820.36063,0.00145
2819.39640,0.00118
2818.43218,0.00109
2817.46795,0.00113
2816.50373,0.00124
2815.53950,0.00133
2814.57527,0.00132
2813.61105,0.00116
2812.64682,0.00091
2811.68260,0.00071
2810.71837,0.00067
2809.75414,0.00077
2808.78992,0.00088
2807.82569,0.00093
2806.86147,0.00088
2805.89724,0.00079
2804.93302,0.00072
2803.96879,0.00075
2803.00456,0.00088
2802.04034,0.00107
2801.07611,0.00123
2800.11189,0.00128
2799.14766,0.00128
2798.18343,0.00134
2797.21921,0.00152
2796.25498,0.00172
2795.29076,0.00182
2794.32653,0.00180
2793.36231,0.00179
2792.39808,0.00189
2791.43385,0.00209
2790.46963,0.00229
2789.50540,0.00242
2788.54118,0.00247
2787.57695,0.00244
2786.61272,0.00230
2785.64850,0.00198
2784.68427,0.00151
2783.72005,0.00104
2782.75582,0.00074
2781.79159,0.00069
2780.82737,0.00083
2779.86314,0.00097
2778.89892,0.00091
2777.93469,0.00059
2776.97047,0.00015
2776.00624,-0.00020
2775.04201,-0.00028
2774.07779,-0.00011
2773.11356,0.00017
2772.14934,0.00044
2771.18511,0.00069
2770.22088,0.00097
2769.25666,0.00121
2768.29243,0.00130
2767.32821,0.00117
2766.36398,0.00099
2765.39976,0.00093
2764.43553,0.00105
2763.47130,0.00115
2762.50708,0.00102
2761.54285,0.00073
2760.57863,0.00054
2759.61440,0.00068
2758.65017,0.00109
2757.68595,0.00147
2756.72172,0.00158
2755.75750,0.00146
2754.79327,0.00130
2753.82905,0.00122
2752.86482,0.00112
2751.90059,0.00093
2750.93637,0.00074
2749.97214,0.00079
2749.00792,0.00113
2748.04369,0.00155
2747.07946,0.00171
2746.11524,0.00153
2745.15101,0.00128
2744.18679,0.00125
2743.22256,0.00143
2742.25833,0.00156
2741.29411,0.00142
2740.32988,0.00114
2739.36566,0.00102
2738.40143,0.00116
2737.43721,0.00137
2736.47298,0.00143
2735.50875,0.00134
2734.54453,0.00131
2733.58030,0.00144
2732.61608,0.00163
2731.65185,0.00172
2730.68762,0.00169
2729.72340,0.00166
2728.75917,0.00168
2727.79495,0.00164
2726.83072,0.00145
2725.86650,0.00123
2724.90227,0.00118
2723.93804,0.00132
2722.97382,0.00148
2722.00959,0.00141
2721.04537,0.00111
2720.08114,0.00077
2719.11691,0.00060
2718.15269,0.00064
2717.18846,0.00079
2716.22424,0.00101
2715.26001,0.00125
2714.29579,0.00147
2713.33156,0.00158
2712.36733,0.00155
2711.40311,0.00146
2710.43888,0.00142
2709.47466,0.00143
2708.51043,0.00140
2707.54620,0.00125
2706.58198,0.00107
2705.61775,0.00097
2704.65353,0.00101
2703.68930,0.00111
2702.72507,0.00117
2701.76085,0.00122
2700.79662,0.00131
2699.83240,0.00143
2698.86817,0.00148
2697.90395,0.00139
2696.93972,0.00122
2695.97549,0.00108
2695.01127,0.00103
2694.04704,0.00102
2693.08282,0.00098
2692.11859,0.00090
2691.15436,0.00086
2690.19014,0.00090
2689.22591,0.00098
2688.26169,0.00101
2687.29746,0.00099
2686.33324,0.00093
2685.36901,0.00088
2684.40478,0.00087
2683.44056,0.00092
2682.47633,0.00106
2681.51211,0.00129
2680.54788,0.00156
2679.58365,0.00181
2678.61943,0.00203
2677.65520,0.00226
2676.69098,0.00245
2675.72675,0.00251
2674.76252,0.00238
2673.79830,0.00209
2672.83407,0.00178
2671.86985,0.00152
2670.90562,0.00132
2669.94140,0.00111
2668.97717,0.00091
2668.01294,0.00078
2667.04872,0.00073
2666.08449,0.00068
2665.12027,0.00055
2664.15604,0.00040
2663.19181,0.00040
2662.22759,0.00064
2661.26336,0.00102
2660.29914,0.00136
2659.33491,0.00155
2658.37069,0.00158
2657.40646,0.00144
2656.44223,0.00113
2655.47801,0.00070
2654.51378,0.00034
2653.54956,0.00024
2652.58533,0.00042
2651.62110,0.00074
2650.65688,0.00096
2649.69265,0.00096
2648.72843,0.00078
2647.76420,0.00053
2646.79998,0.00034
2645.83575,0.00033
2644.87152,0.00059
2643.90730,0.00106
2642.94307,0.00153
2641.97885,0.00173
2641.01462,0.00158
2640.05039,0.00126
2639.08617,0.00105
2638.12194,0.00107
2637.15772,0.00124
2636.19349,0.00142
2635.22926,0.00154
2634.26504,0.00164
2633.30081,0.00172
2632.33659,0.00167
2631.37236,0.00142
2630.40814,0.00102
2629.44391,0.00067
2628.47968,0.00058
2627.51546,0.00078
2626.55123,0.00115
2625.58701,0.00149
2624.62278,0.00172
2623.65855,0.00181
2622.69433,0.00181
2621.73010,0.00175
2620.76588,0.00166
2619.80165,0.00153
2618.83743,0.00138
2617.87320,0.00123
2616.90897,0.00112
2615.94475,0.00107
2614.98052,0.00106
2614.01630,0.00102
2613.05207,0.00091
2612.08784,0.00081
2611.12362,0.00081
2610.15939,0.00097
2609.19517,0.00121
2608.23094,0.00142
2607.26672,0.00156
2606.30249,0.00166
2605.33826,0.00176
2604.37404,0.00181
2603.40981,0.00173
2602.44559,0.00150
2601.48136,0.00121
2600.51713,0.00103
2599.55291,0.00103
2598.58868,0.00114
2597.62446,0.00118
2596.66023,0.00110
2595.69600,0.00093
2594.73178,0.00079
2593.76755,0.00074
2592.80333,0.00077
2591.83910,0.00079
2590.87488,0.00078
2589.91065,0.00080
2588.94642,0.00091
2587.98220,0.00113
2587.01797,0.00139
2586.05375,0.00156
2585.08952,0.00160
2584.12529,0.00150
2583.16107,0.00134
2582.19684,0.00117
2581.23262,0.00106
2580.26839,0.00107
2579.30417,0.00120
2578.33994,0.00133
2577.37571,0.00131
2576.41149,0.00108
2575.44726,0.00079
2574.48304,0.00067
2573.51881,0.00089
2572.55458,0.00139
2571.59036,0.00194
2570.62613,0.00232
2569.66191,0.00248
2568.69768,0.00248
2567.73345,0.00238
2566.76923,0.00223
2565.80500,0.00209
2564.84078,0.00198
2563.87655,0.00191
2562.91233,0.00182
2561.94810,0.00165
2560.98387,0.00140
2560.01965,0.00120
2559.05542,0.00113
2558.09120,0.00120
2557.12697,0.00135
2556.16274,0.00143
2555.19852,0.00136
2554.23429,0.00112
2553.27007,0.00080
2552.30584,0.00054
2551.34162,0.00043
2550.37739,0.00046
2549.41316,0.00057
2548.44894,0.00067
2547.48471,0.00078
2546.52049,0.00096
2545.55626,0.00121
2544.59203,0.00141
2543.62781,0.00150
2542.66358,0.00150
2541.69936,0.00146
2540.73513,0.00141
2539.77091,0.00126
2538.80668,0.00098
2537.84245,0.00066
2536.87823,0.00045
2535.91400,0.00046
2534.94978,0.00059
2533.98555,0.00070
2533.02132,0.00070
2532.05710,0.00064
2531.09287,0.00058
2530.12865,0.00055
2529.16442,0.00056
2528.20019,0.00063
2527.23597,0.00080
2526.27174,0.00101
2525.30752,0.00115
2524.34329,0.00111
2523.37907,0.00096
2522.41484,0.00087
2521.45061,0.00098
2520.48639,0.00126
2519.52216,0.00149
2518.55794,0.00152
2517.59371,0.00137
2516.62948,0.00121
2515.66526,0.00121
2514.70103,0.00141
2513.73681,0.00166
2512.77258,0.00177
2511.80836,0.00168
2510.84413,0.00146
2509.87990,0.00125
2508.91568,0.00115
2507.95145,0.00118
2506.98723,0.00129
2506.02300,0.00141
2505.05877,0.00147
2504.09455,0.00142
2503.13032,0.00130
2502.16610,0.00122
2501.20187,0.00132
2500.23764,0.00161
2499.27342,0.00197
2498.30919,0.00224
2497.34497,0.00231
2496.38074,0.00221
2495.41652,0.00202
2494.45229,0.00174
2493.48806,0.00139
2492.52384,0.00100
2491.55961,0.00071
2490.59539,0.00063
2489.63116,0.00080
2488.66693,0.00110
2487.70271,0.00140
2486.73848,0.00167
2485.77426,0.00189
2484.81003,0.00199
2483.84581,0.00184
2482.88158,0.00141
2481.91735,0.00081
2480.95313,0.00029
2479.98890,0.00003
2479.02468,0.00003
2478.06045,0.00018
2477.09622,0.00032
2476.13200,0.00038
2475.16777,0.00040
2474.20355,0.00047
2473.23932,0.00067
2472.27510,0.00098
2471.31087,0.00128
2470.34664,0.00141
2469.38242,0.00135
2468.41819,0.00121
2467.45397,0.00118
2466.48974,0.00130
2465.52551,0.00147
2464.56129,0.00154
2463.59706,0.00145
2462.63284,0.00124
2461.66861,0.00095
2460.70438,0.00061
2459.74016,0.00032
2458.77593,0.00026
2457.81171,0.00057
2456.84748,0.00115
2455.88326,0.00173
2454.91903,0.00202
2453.95480,0.00197
2452.99058,0.00173
2452.02635,0.00153
2451.06213,0.00149
2450.09790,0.00158
2449.13367,0.00167
2448.16945,0.00162
2447.20522,0.00134
2446.24100,0.00094
2445.27677,0.00064
2444.31255,0.00061
2443.34832,0.00086
2442.38409,0.00115
2441.41987,0.00130
2440.45564,0.00126
2439.49142,0.00117
2438.52719,0.00112
2437.56296,0.00112
2436.59874,0.00111
2435.63451,0.00112
2434.67029,0.00116
2433.70606,0.00121
2432.74184,0.00120
2431.77761,0.00114
2430.81338,0.00113
2429.84916,0.00130
2428.88493,0.00158
2427.92071,0.00176
2426.95648,0.00166
2425.99225,0.00129
2425.02803,0.00086
2424.06380,0.00059
2423.09958,0.00062
2422.13535,0.00093
2421.17112,0.00141
2420.20690,0.00184
2419.24267,0.00203
2418.27845,0.00194
2417.31422,0.00168
2416.35000,0.00145
2415.38577,0.00132
2414.42154,0.00123
2413.45732,0.00111
2412.49309,0.00101
2411.52887,0.00104
2410.56464,0.00126
2409.60041,0.00155
2408.63619,0.00172
2407.67196,0.00167
2406.70774,0.00144
2405.74351,0.00116
2404.77929,0.00096
2403.81506,0.00090
2402.85083,0.00101
2401.88661,0.00126
2400.92238,0.00159
2399.95816,0.00188
2398.99393,0.00203
2398.02970,0.00200
2397.06548,0.00179
2396.10125,0.00149
2395.13703,0.00121
2394.17280,0.00104
2393.20857,0.00103
2392.24435,0.00121
2391.28012,0.00151
2390.31590,0.00186
2389.35167,0.00215
2388.38745,0.00233
2387.42322,0.00233
2386.45899,0.00215
2385.49477,0.00186
2384.53054,0.00154
2383.56632,0.00128
2382.60209,0.00114
2381.63786,0.00109
2380.67364,0.00109
2379.70941,0.00108
2378.74519,0.00111
2377.78096,0.00121
2376.81674,0.00137
2375.85251,0.00151
2374.88828,0.00151
2373.92406,0.00134
2372.95983,0.00106
2371.99561,0.00082
2371.03138,0.00073
2370.06715,0.00081
2369.10293,0.00103
2368.13870,0.00125
2367.17448,0.00131
2366.21025,0.00112
2365.24603,0.00071
2364.28180,0.00027
2363.31757,0.00000
2362.35335,-0.00007
2361.38912,-0.00007
2360.42490,-0.00011
2359.46067,-0.00019
2358.49644,-0.00016
2357.53222,0.00005
2356.56799,0.00041
2355.60377,0.00077
2354.63954,0.00099
2353.67531,0.00104
2352.71109,0.00099
2351.74686,0.00095
2350.78264,0.00103
2349.81841,0.00127
2348.85419,0.00164
2347.88996,0.00204
2346.92573,0.00228
2345.96151,0.00222
2344.99728,0.00181
2344.03306,0.00120
2343.06883,0.00067
2342.10460,0.00044
2341.14038,0.00054
2340.17615,0.00076
2339.21193,0.00083
2338.24770,0.00072
2337.28348,0.00057
2336.31925,0.00055
2335.35502,0.00063
2334.39080,0.00068
2333.42657,0.00059
2332.46235,0.00046
2331.49812,0.00043
2330.53389,0.00054
2329.56967,0.00070
2328.60544,0.00080
2327.64122,0.00081
2326.67699,0.00077
2325.71277,0.00072
2324.74854,0.00069
2323.78431,0.00068
2322.82009,0.00071
2321.85586,0.00077
2320.89164,0.00086
2319.92741,0.00100
2318.96318,0.00119
2317.99896,0.00138
2317.03473,0.00147
2316.07051,0.00142
2315.10628,0.00134
2314.14205,0.00139
2313.17783,0.00159
2312.21360,0.00177
2311.24938,0.00176
2310.28515,0.00153
2309.32093,0.00125
2308.35670,0.00107
2307.39247,0.00101
2306.42825,0.00098
2305.46402,0.00091
2304.49980,0.00084
2303.53557,0.00081
2302.57134,0.00087
2301.60712,0.00096
2300.64289,0.00106
2299.67867,0.00113
2298.71444,0.00124
2297.75022,0.00145
2296.78599,0.00176
2295.82176,0.00204
2294.85754,0.00208
2293.89331,0.00181
2292.92909,0.00141
2291.96486,0.00116
2291.00063,0.00119
2290.03641,0.00136
2289.07218,0.00139
2288.10796,0.00121
2287.14373,0.00098
2286.17950,0.00089
2285.21528,0.00092
2284.25105,0.00092
2283.28683,0.00084
2282.32260,0.00078
2281.35838,0.00086
2280.39415,0.00102
2279.42992,0.00113
2278.46570,0.00115
2277.50147,0.00116
2276.53725,0.00121
2275.57302,0.00126
2274.60879,0.00128
2273.64457,0.00126
2272.68034,0.00129
2271.71612,0.00138
2270.75189,0.00146
2269.78767,0.00149
2268.82344,0.00148
2267.85921,0.00146
2266.89499,0.00138
2265.93076,0.00121
2264.96654,0.00102
2264.00231,0.00095
2263.03808,0.00106
2262.07386,0.00128
2261.10963,0.00147
2260.14541,0.00159
2259.18118,0.00164
2258.21696,0.00164
2257.25273,0.00155
2256.28850,0.00141
2255.32428,0.00135
2254.36005,0.00146
2253.39583,0.00169
2252.43160,0.00192
2251.46737,0.00202
2250.50315,0.00197
2249.53892,0.00175
2248.57470,0.00128
2247.61047,0.00062
2246.64624,-0.00003
2245.68202,-0.00039
2244.71779,-0.00032
2243.75357,0.00004
2242.78934,0.00045
2241.82512,0.00081
2240.86089,0.00115
2239.89666,0.00148
2238.93244,0.00164
2237.96821,0.00150
2237.00399,0.00110
2236.03976,0.00068
2235.07553,0.00046
2234.11131,0.00051
2233.14708,0.00078
2232.18286,0.00114
2231.21863,0.00147
2230.25441,0.00166
2229.29018,0.00164
2228.32595,0.00148
2227.36173,0.00131
2226.39750,0.00129
2225.43328,0.00142
2224.46905,0.00158
2223.50482,0.00164
2222.54060,0.00154
2221.57637,0.00131
2220.61215,0.00103
2219.64792,0.00081
2218.68369,0.00076
2217.71947,0.00087
2216.75524,0.00095
2215.79102,0.00085
2214.82679,0.00057
2213.86257,0.00034
2212.89834,0.00037
2211.93411,0.00067
2210.96989,0.00102
2210.00566,0.00118
2209.04144,0.00113
2208.07721,0.00100
2207.11298,0.00095
2206.14876,0.00096
2205.18453,0.00097
2204.22031,0.00093
2203.25608,0.00093
2202.29186,0.00106
2201.32763,0.00135
2200.36340,0.00167
2199.39918,0.00187
2198.43495,0.00187
2197.47073,0.00171
2196.50650,0.00148
2195.54227,0.00129
2194.57805,0.00121
2193.61382,0.00124
2192.64960,0.00136
2191.68537,0.00151
2190.72115,0.00159
2189.75692,0.00152
2188.79269,0.00125
2187.82847,0.00086
2186.86424,0.00052
2185.90002,0.00040
2184.93579,0.00057
2183.97156,0.00089
2183.00734,0.00118
2182.04311,0.00128
2181.07889,0.00121
2180.11466,0.00108
2179.15043,0.00102
2178.18621,0.00103
2177.22198,0.00106
2176.25776,0.00102
2175.29353,0.00093
2174.32931,0.00086
2173.36508,0.00092
2172.40085,0.00114
2171.43663,0.00145
2170.47240,0.00170
2169.50818,0.00173
2168.54395,0.00153
2167.57972,0.00126
2166.61550,0.00115
2165.65127,0.00134
2164.68705,0.00177
2163.72282,0.00220
2162.75860,0.00245
2161.79437,0.00245
2160.83014,0.00229
2159.86592,0.00213
2158.90169,0.00210
2157.93747,0.00216
2156.97324,0.00217
2156.00901,0.00199
2155.04479,0.00159
2154.08056,0.00115
2153.11634,0.00094
2152.15211,0.00107
2151.18789,0.00142
2150.22366,0.00171
2149.25943,0.00175
2148.29521,0.00157
2147.33098,0.00132
2146.36676,0.00113
2145.40253,0.00104
2144.43830,0.00108
2143.47408,0.00128
2142.50985,0.00166
2141.54563,0.00210
2140.58140,0.00244
2139.61717,0.00252
2138.65295,0.00236
2137.68872,0.00207
2136.72450,0.00180
2135.76027,0.00167
2134.79605,0.00179
2133.83182,0.00220
2132.86759,0.00283
2131.90337,0.00355
2130.93914,0.00422
2129.97492,0.00479
2129.01069,0.00524
2128.04646,0.00560
2127.08224,0.00588
2126.11801,0.00616
2125.15379,0.00651
2124.18956,0.00696
2123.22534,0.00741
2122.26111,0.00770
2121.29688,0.00770
2120.33266,0.00746
2119.36843,0.00715
2118.40421,0.00693
2117.43998,0.00688
2116.47575,0.00692
2115.51153,0.00695
2114.54730,0.00689
2113.58308,0.00675
2112.61885,0.00659
2111.65462,0.00643
2110.69040,0.00625
2109.72617,0.00600
2108.76195,0.00572
2107.79772,0.00544
2106.83350,0.00521
2105.86927,0.00497
2104.90504,0.00464
2103.94082,0.00423
2102.97659,0.00382
2102.01237,0.00351
2101.04814,0.00336
2100.08391,0.00336
2099.11969,0.00350
2098.15546,0.00372
2097.19124,0.00393
2096.22701,0.00405
2095.26279,0.00407
2094.29856,0.00402
2093.33433,0.00393
2092.37011,0.00375
2091.40588,0.00344
2090.44166,0.00305
2089.47743,0.00270
2088.51320,0.00247
2087.54898,0.00230
2086.58475,0.00210
2085.62053,0.00186
2084.65630,0.00168
2083.69208,0.00161
2082.72785,0.00158
2081.76362,0.00151
2080.79940,0.00150
2079.83517,0.00164
2078.87095,0.00190
2077.90672,0.00203
2076.94249,0.00180
2075.97827,0.00123
2075.01404,0.00064
2074.04982,0.00028
2073.08559,0.00021
2072.12136,0.00032
2071.15714,0.00049
2070.19291,0.00068
2069.22869,0.00085
2068.26446,0.00094
2067.30024,0.00096
2066.33601,0.00097
2065.37178,0.00105
2064.40756,0.00118
2063.44333,0.00126
2062.47911,0.00127
2061.51488,0.00124
2060.55065,0.00122
2059.58643,0.00122
2058.62220,0.00120
2057.65798,0.00119
2056.69375,0.00122
2055.72953,0.00123
2054.76530,0.00118
2053.80107,0.00106
2052.83685,0.00101
2051.87262,0.00113
2050.90840,0.00143
2049.94417,0.00175
2048.97994,0.00195
2048.01572,0.00197
2047.05149,0.00182
2046.08727,0.00153
2045.12304,0.00115
2044.15882,0.00084
2043.19459,0.00072
2042.23036,0.00080
2041.26614,0.00091
2040.30191,0.00089
2039.33769,0.00077
2038.37346,0.00071
2037.40923,0.00075
2036.44501,0.00082
2035.48078,0.00082
2034.51656,0.00080
2033.55233,0.00088
2032.58810,0.00110
2031.62388,0.00131
2030.65965,0.00141
2029.69543,0.00136
2028.73120,0.00123
2027.76698,0.00103
2026.80275,0.00076
2025.83852,0.00044
2024.87430,0.00019
2023.91007,0.00012
2022.94585,0.00025
2021.98162,0.00051
2021.01739,0.00082
2020.05317,0.00113
2019.08894,0.00139
2018.12472,0.00155
2017.16049,0.00158
2016.19627,0.00151
2015.23204,0.00140
2014.26781,0.00124
2013.30359,0.00104
2012.33936,0.00083
2011.37514,0.00068
2010.41091,0.00064
2009.44668,0.00063
2008.48246,0.00055
2007.51823,0.00041
2006.55401,0.00029
2005.58978,0.00030
2004.62555,0.00043
2003.66133,0.00063
2002.69710,0.00087
2001.73288,0.00115
2000.76865,0.00143
1999.80443,0.00160
1998.84020,0.00160
1997.87597,0.00143
1996.91175,0.00121
1995.94752,0.00104
1994.98330,0.00096
1994.01907,0.00090
1993.05484,0.00077
1992.09062,0.00055
1991.12639,0.00031
1990.16217,0.00017
1989.19794,0.00024
1988.23372,0.00043
1987.26949,0.00060
1986.30526,0.00061
1985.34104,0.00052
1984.37681,0.00048
1983.41259,0.00062
1982.44836,0.00092
1981.48413,0.00127
1980.51991,0.00154
1979.55568,0.00169
1978.59146,0.00170
1977.62723,0.00161
1976.66301,0.00148
1975.69878,0.00140
1974.73455,0.00135
1973.77033,0.00122
1972.80610,0.00093
1971.84188,0.00050
1970.87765,0.00013
1969.91342,0.00001
1968.94920,0.00016
1967.98497,0.00042
1967.02075,0.00062
1966.05652,0.00070
1965.09229,0.00071
1964.12807,0.00072
1963.16384,0.00080
1962.19962,0.00096
1961.23539,0.00115
1960.27117,0.00129
1959.30694,0.00134
1958.34271,0.00128
1957.37849,0.00117
1956.41426,0.00106
1955.45004,0.00097
1954.48581,0.00096
1953.52158,0.00104
1952.55736,0.00120
1951.59313,0.00133
1950.62891,0.00133
1949.66468,0.00122
1948.70046,0.00114
1947.73623,0.00117
1946.77200,0.00124
1945.80778,0.00116
1944.84355,0.00089
1943.87933,0.00059
1942.91510,0.00048
1941.95087,0.00066
1940.98665,0.00098
1940.02242,0.00122
1939.05820,0.00125
1938.09397,0.00113
1937.12974,0.00100
1936.16552,0.00100
1935.20129,0.00112
1934.23707,0.00126
1933.27284,0.00126
1932.30862,0.00109
1931.34439,0.00086
1930.38016,0.00078
1929.41594,0.00097
1928.45171,0.00134
1927.48749,0.00166
1926.52326,0.00173
1925.55903,0.00148
1924.59481,0.00099
1923.63058,0.00045
1922.66636,0.00008
1921.70213,0.00006
1920.73791,0.00035
1919.77368,0.00074
1918.80945,0.00096
1917.84523,0.00093
1916.88100,0.00076
1915.91678,0.00062
1914.95255,0.00057
1913.98832,0.00054
1913.02410,0.00051
1912.05987,0.00052
1911.09565,0.00058
1910.13142,0.00064
1909.16720,0.00064
1908.20297,0.00058
1907.23874,0.00056
1906.27452,0.00065
1905.31029,0.00079
1904.34607,0.00088
1903.38184,0.00085
1902.41761,0.00074
1901.45339,0.00062
1900.48916,0.00054
1899.52494,0.00056
1898.56071,0.00071
1897.59648,0.00090
1896.63226,0.00103
1895.66803,0.00100
1894.70381,0.00089
1893.73958,0.00088
1892.77536,0.00105
1891.81113,0.00133
1890.84690,0.00151
1889.88268,0.00147
1888.91845,0.00126
1887.95423,0.00106
1886.99000,0.00099
1886.02577,0.00109
1885.06155,0.00128
1884.09732,0.00145
1883.13310,0.00157
1882.16887,0.00170
1881.20465,0.00188
1880.24042,0.00205
1879.27619,0.00209
1878.31197,0.00191
1877.34774,0.00159
1876.38352,0.00132
1875.41929,0.00118
1874.45506,0.00108
1873.49084,0.00091
1872.52661,0.00071
1871.56239,0.00068
1870.59816,0.00083
1869.63394,0.00097
1868.66971,0.00085
1867.70548,0.00043
1866.74126,-0.00001
1865.77703,-0.00022
1864.81281,-0.00017
1863.84858,0.00001
1862.88435,0.00019
1861.92013,0.00038
1860.95590,0.00061
1859.99168,0.00087
1859.02745,0.00109
1858.06322,0.00123
1857.09900,0.00129
1856.13477,0.00125
1855.17055,0.00110
1854.20632,0.00092
1853.24210,0.00082
1852.27787,0.00084
1851.31364,0.00085
1850.34942,0.00078
1849.38519,0.00067
1848.42097,0.00071
1847.45674,0.00097
1846.49251,0.00130
1845.52829,0.00147
1844.56406,0.00142
1843.59984,0.00131
1842.63561,0.00131
1841.67139,0.00139
1840.70716,0.00139
1839.74293,0.00124
1838.77871,0.00100
1837.81448,0.00082
1836.85026,0.00078
1835.88603,0.00090
1834.92180,0.00112
1833.95758,0.00142
1832.99335,0.00171
1832.02913,0.00193
1831.06490,0.00202
1830.10067,0.00195
1829.13645,0.00169
1828.17222,0.00128
1827.20800,0.00090
1826.24377,0.00072
1825.27955,0.00082
1824.31532,0.00103
1823.35109,0.00110
1822.38687,0.00094
1821.42264,0.00072
1820.45842,0.00067
1819.49419,0.00084
1818.52996,0.00110
1817.56574,0.00132
1816.60151,0.00145
1815.63729,0.00154
1814.67306,0.00161
1813.70884,0.00162
1812.74461,0.00158
1811.78038,0.00154
1810.81616,0.00154
1809.85193,0.00151
1808.88771,0.00141
1807.92348,0.00128
1806.95925,0.00121
1805.99503,0.00127
1805.03080,0.00140
1804.06658,0.00152
1803.10235,0.00161
1802.13813,0.00171
1801.17390,0.00182
1800.20967,0.00188
1799.24545,0.00179
1798.28122,0.00157
1797.31700,0.00129
1796.35277,0.00105
1795.38854,0.00094
1794.42432,0.00100
1793.46009,0.00125
1792.49587,0.00159
1791.53164,0.00185
1790.56741,0.00190
1789.60319,0.00178
1788.63896,0.00159
1787.67474,0.00148
1786.71051,0.00146
1785.74629,0.00150
1784.78206,0.00153
1783.81783,0.00151
1782.85361,0.00142
1781.88938,0.00130
1780.92516,0.00126
1779.96093,0.00137
1778.99670,0.00157
1778.03248,0.00169
1777.06825,0.00160
1776.10403,0.00134
1775.13980,0.00110
1774.17558,0.00103
1773.21135,0.00113
1772.24712,0.00130
1771.28290,0.00148
1770.31867,0.00168
1769.35445,0.00188
1768.39022,0.00207
1767.42599,0.00216
1766.46177,0.00214
1765.49754,0.00200
1764.53332,0.00178
1763.56909,0.00148
1762.60487,0.00119
1761.64064,0.00104
1760.67641,0.00110
1759.71219,0.00132
1758.74796,0.00154
1757.78374,0.00165
1756.81951,0.00166
1755.85528,0.00163
1754.89106,0.00165
1753.92683,0.00175
1752.96261,0.00191
1751.99838,0.00209
1751.03415,0.00224
1750.06993,0.00236
1749.10570,0.00251
1748.14148,0.00273
1747.17725,0.00299
1746.21303,0.00317
1745.24880,0.00321
1744.28457,0.00314
1743.32035,0.00300
1742.35612,0.00276
1741.39190,0.00240
1740.42767,0.00194
1739.46344,0.00157
1738.49922,0.00148
1737.53499,0.00169
1736.57077,0.00205
1735.60654,0.00238
1734.64232,0.00262
1733.67809,0.00280
1732.71386,0.00295
1731.74964,0.00300
1730.78541,0.00292
1729.82119,0.00273
1728.85696,0.00253
1727.89273,0.00237
1726.92851,0.00230
1725.96428,0.00231
1725.00006,0.00240
1724.03583,0.00250
1723.07160,0.00255
1722.10738,0.00257
1721.14315,0.00266
1720.17893,0.00293
1719.21470,0.00336
1718.25048,0.00374
1717.28625,0.00386
1716.32202,0.00367
1715.35780,0.00330
1714.39357,0.00297
1713.42935,0.00278
1712.46512,0.00276
1711.50089,0.00282
1710.53667,0.00291
1709.57244,0.00297
1708.60822,0.00301
1707.64399,0.00307
1706.67977,0.00316
1705.71554,0.00325
1704.75131,0.00330
1703.78709,0.00332
1702.82286,0.00331
1701.85864,0.00326
1700.89441,0.00314
1699.93018,0.00297
1698.96596,0.00289
1698.00173,0.00303
1697.03751,0.00339
1696.07328,0.00380
1695.10906,0.00401
1694.14483,0.00397
1693.18060,0.00383
1692.21638,0.00377
1691.25215,0.00386
1690.28793,0.00403
1689.32370,0.00416
1688.35947,0.00418
1687.39525,0.00407
1686.43102,0.00391
1685.46680,0.00377
1684.50257,0.00371
1683.53834,0.00371
1682.57412,0.00365
1681.60989,0.00345
1680.64567,0.00315
1679.68144,0.00292
1678.71722,0.00290
1677.75299,0.00310
1676.78876,0.00337
1675.82454,0.00356
1674.86031,0.00362
1673.89609,0.00360
1672.93186,0.00360
1671.96763,0.00367
1671.00341,0.00379
1670.03918,0.00391
1669.07496,0.00398
1668.11073,0.00401
1667.14651,0.00401
1666.18228,0.00399
1665.21805,0.00393
1664.25383,0.00381
1663.28960,0.00370
1662.32538,0.00366
1661.36115,0.00376
1660.39692,0.00391
1659.43270,0.00402
1658.46847,0.00402
1657.50425,0.00396
1656.54002,0.00392
1655.57579,0.00393
1654.61157,0.00397
1653.64734,0.00401
1652.68312,0.00407
1651.71889,0.00415
1650.75467,0.00419
1649.79044,0.00418
1648.82621,0.00412
1647.86199,0.00407
1646.89776,0.00408
1645.93354,0.00411
1644.96931,0.00409
1644.00508,0.00399
1643.04086,0.00384
1642.07663,0.00370
1641.11241,0.00362
1640.14818,0.00356
1639.18396,0.00351
1638.21973,0.00346
1637.25550,0.00345
1636.29128,0.00350
1635.32705,0.00355
1634.36283,0.00351
1633.39860,0.00340
1632.43437,0.00335
1631.47015,0.00348
1630.50592,0.00376
1629.54170,0.00399
1628.57747,0.00399
1627.61325,0.00375
1626.64902,0.00346
1625.68479,0.00332
1624.72057,0.00336
1623.75634,0.00345
1622.79212,0.00349
1621.82789,0.00349
1620.86366,0.00349
1619.89944,0.00348
1618.93521,0.00339
1617.97099,0.00315
1617.00676,0.00284
1616.04253,0.00261
1615.07831,0.00256
1614.11408,0.00268
1613.14986,0.00285
1612.18563,0.00300
1611.22141,0.00307
1610.25718,0.00302
1609.29295,0.00281
1608.32873,0.00245
1607.36450,0.00203
1606.40028,0.00177
1605.43605,0.00179
1604.47182,0.00208
1603.50760,0.00244
1602.54337,0.00263
1601.57915,0.00253
1600.61492,0.00227
1599.65070,0.00205
1598.68647,0.00199
1597.72224,0.00206
1596.75802,0.00216
1595.79379,0.00224
1594.82957,0.00231
1593.86534,0.00241
1592.90111,0.00251
1591.93689,0.00257
1590.97266,0.00257
1590.00844,0.00249
1589.04421,0.00231
1588.07999,0.00200
1587.11576,0.00163
1586.15153,0.00135
1585.18731,0.00132
1584.22308,0.00158
1583.25886,0.00202
1582.29463,0.00247
1581.33040,0.00276
1580.36618,0.00285
1579.40195,0.00278
1578.43773,0.00263
1577.47350,0.00245
1576.50927,0.00220
1575.54505,0.00186
1574.58082,0.00148
1573.61660,0.00123
1572.65237,0.00126
1571.68815,0.00159
1570.72392,0.00206
1569.75969,0.00235
1568.79547,0.00229
1567.83124,0.00191
1566.86702,0.00142
1565.90279,0.00103
1564.93856,0.00086
1563.97434,0.00090
1563.01011,0.00107
1562.04589,0.00127
1561.08166,0.00147
1560.11744,0.00163
1559.15321,0.00176
1558.18898,0.00185
1557.22476,0.00186
1556.26053,0.00179
1555.29631,0.00164
1554.33208,0.00150
1553.36785,0.00144
1552.40363,0.00154
1551.43940,0.00171
1550.47518,0.00183
1549.51095,0.00175
1548.54672,0.00147
1547.58250,0.00115
1546.61827,0.00100
1545.65405,0.00112
1544.68982,0.00142
1543.72560,0.00170
1542.76137,0.00185
1541.79714,0.00190
1540.83292,0.00193
1539.86869,0.00195
1538.90447,0.00185
1537.94024,0.00159
1536.97601,0.00126
1536.01179,0.00103
1535.04756,0.00102
1534.08334,0.00117
1533.11911,0.00134
1532.15489,0.00141
1531.19066,0.00134
1530.22643,0.00120
1529.26221,0.00111
1528.29798,0.00112
1527.33376,0.00120
1526.36953,0.00123
1525.40530,0.00115
1524.44108,0.00098
1523.47685,0.00082
1522.51263,0.00076
1521.54840,0.00076
1520.58418,0.00076
1519.61995,0.00071
1518.65572,0.00067
1517.69150,0.00072
1516.72727,0.00086
1515.76305,0.00106
1514.79882,0.00127
1513.83459,0.00145
1512.87037,0.00161
1511.90614,0.00174
1510.94192,0.00187
1509.97769,0.00203
1509.01346,0.00221
1508.04924,0.00229
1507.08501,0.00215
1506.12079,0.00183
1505.15656,0.00148
1504.19234,0.00128
1503.22811,0.00128
1502.26388,0.00136
1501.29966,0.00138
1500.33543,0.00126
1499.37121,0.00099
1498.40698,0.00066
1497.44275,0.00041
1496.47853,0.00038
1495.51430,0.00063
1494.55008,0.00102
1493.58585,0.00130
1492.62163,0.00138
1491.65740,0.00134
1490.69317,0.00137
1489.72895,0.00156
1488.76472,0.00185
1487.80050,0.00206
1486.83627,0.00212
1485.87204,0.00203
1484.90782,0.00180
1483.94359,0.00139
1482.97937,0.00083
1482.01514,0.00027
1481.05092,-0.00007
1480.08669,-0.00006
1479.12246,0.00026
1478.15824,0.00065
1477.19401,0.00090
1476.22979,0.00089
1475.26556,0.00065
1474.30133,0.00034
1473.33711,0.00020
1472.37288,0.00037
1471.40866,0.00081
1470.44443,0.00131
1469.48020,0.00163
1468.51598,0.00169
1467.55175,0.00160
1466.58753,0.00152
1465.62330,0.00156
1464.65908,0.00168
1463.69485,0.00182
1462.73062,0.00196
1461.76640,0.00211
1460.80217,0.00229
1459.83795,0.00245
1458.87372,0.00249
1457.90949,0.00230
1456.94527,0.00181
1455.98104,0.00110
1455.01682,0.00037
1454.05259,-0.00011
1453.08837,-0.00018
1452.12414,0.00008
1451.15991,0.00041
1450.19569,0.00059
1449.23146,0.00054
1448.26724,0.00035
1447.30301,0.00008
1446.33878,-0.00026
1445.37456,-0.00063
1444.41033,-0.00087
1443.44611,-0.00084
1442.48188,-0.00059
1441.51765,-0.00033
1440.55343,-0.00018
1439.58920,0.00001
1438.62498,0.00044
1437.66075,0.00105
1436.69653,0.00146
1435.73230,0.00139
1434.76807,0.00111
1433.80385,0.00123
1432.83962,0.00208
1431.87540,0.00331
1430.91117,0.00412
1429.94694,0.00395
1428.98272,0.00293
1428.01849,0.00173
1427.05427,0.00101
1426.09004,0.00097
1425.12582,0.00147
1424.16159,0.00223
1423.19736,0.00305
1422.23314,0.00376
1421.26891,0.00421
1420.30469,0.00420
1419.34046,0.00363
1418.37623,0.00256
1417.41201,0.00126
1416.44778,0.00007
1415.48356,-0.00077
1414.51933,-0.00112
1413.55511,-0.00102
1412.59088,-0.00061
1411.62665,-0.00006
1410.66243,0.00050
1409.69820,0.00108
1408.73398,0.00172
1407.76975,0.00242
1406.80552,0.00298
1405.84130,0.00308
1404.87707,0.00256
1403.91285,0.00159
1402.94862,0.00063
1401.98439,0.00006
1401.02017,-0.00002
1400.05594,0.00021
1399.09172,0.00052
1398.12749,0.00081
1397.16327,0.00105
1396.19904,0.00125
1395.23481,0.00134
1394.27059,0.00132
1393.30636,0.00122
1392.34214,0.00113
1391.37791,0.00109
1390.41368,0.00109
1389.44946,0.00109
1388.48523,0.00104
1387.52101,0.00095
1386.55678,0.00082
1385.59256,0.00069
1384.62833,0.00057
1383.66410,0.00048
1382.69988,0.00046
1381.73565,0.00049
1380.77143,0.00049
1379.80720,0.00038
1378.84297,0.00011
1377.87875,-0.00016
1376.91452,-0.00019
1375.95030,0.00013
1374.98607,0.00071
1374.02184,0.00126
1373.05762,0.00160
1372.09339,0.00172
1371.12917,0.00174
1370.16494,0.00176
1369.20072,0.00179
1368.23649,0.00182
1367.27226,0.00181
1366.30804,0.00163
1365.34381,0.00121
1364.37959,0.00070
1363.41536,0.00047
1362.45113,0.00081
1361.48691,0.00154
1360.52268,0.00210
1359.55846,0.00209
1358.59423,0.00161
1357.63001,0.00111
1356.66578,0.00087
1355.70155,0.00082
1354.73733,0.00078
1353.77310,0.00074
1352.80888,0.00086
1351.84465,0.00114
1350.88042,0.00141
1349.91620,0.00148
1348.95197,0.00138
1347.98775,0.00118
1347.02352,0.00085
1346.05930,0.00041
1345.09507,0.00010
1344.13084,0.00028
1343.16662,0.00102
1342.20239,0.00187
1341.23817,0.00221
1340.27394,0.00182
1339.30971,0.00102
1338.34549,0.00034
1337.38126,-0.00000
1336.41704,-0.00013
1335.45281,-0.00016
1334.48858,-0.00004
1333.52436,0.00032
1332.56013,0.00086
1331.59591,0.00142
1330.63168,0.00185
1329.66746,0.00209
1328.70323,0.00205
1327.73900,0.00168
1326.77478,0.00112
1325.81055,0.00072
1324.84633,0.00083
1323.88210,0.00140
1322.91787,0.00202
1321.95365,0.00219
1320.98942,0.00173
1320.02520,0.00086
1319.06097,0.00001
1318.09675,-0.00045
1317.13252,-0.00037
1316.16829,0.00020
1315.20407,0.00108
1314.23984,0.00209
1313.27562,0.00302
1312.31139,0.00358
1311.34716,0.00343
1310.38294,0.00250
1309.41871,0.00125
1308.45449,0.00045
1307.49026,0.00058
1306.52604,0.00138
1305.56181,0.00207
1304.59758,0.00216
1303.63336,0.00183
1302.66913,0.00167
1301.70491,0.00196
1300.74068,0.00253
1299.77645,0.00305
1298.81223,0.00336
1297.84800,0.00338
1296.88378,0.00298
1295.91955,0.00207
1294.95532,0.00096
1293.99110,0.00024
1293.02687,0.00024
1292.06265,0.00068
1291.09842,0.00104
1290.13420,0.00123
1289.16997,0.00163
1288.20574,0.00255
1287.24152,0.00370
1286.27729,0.00442
1285.31307,0.00438
1284.34884,0.00391
1283.38461,0.00355
1282.42039,0.00353
1281.45616,0.00357
1280.49194,0.00333
1279.52771,0.00275
1278.56349,0.00206
1277.59926,0.00152
1276.63503,0.00127
1275.67081,0.00132
1274.70658,0.00155
1273.74236,0.00175
1272.77813,0.00169
1271.81390,0.00131
1270.84968,0.00082
1269.88545,0.00059
1268.92123,0.00080
1267.95700,0.00127
1266.99277,0.00157
1266.02855,0.00136
1265.06432,0.00062
1264.10010,-0.00026
1263.13587,-0.00079
1262.17165,-0.00066
1261.20742,-0.00000
1260.24319,0.00083
1259.27897,0.00148
1258.31474,0.00186
1257.35052,0.00202
1256.38629,0.00203
1255.42206,0.00192
1254.45784,0.00170
1253.49361,0.00146
1252.52939,0.00127
1251.56516,0.00113
1250.60094,0.00095
1249.63671,0.00070
1248.67248,0.00047
1247.70826,0.00043
1246.74403,0.00067
1245.77981,0.00114
1244.81558,0.00174
1243.85135,0.00232
1242.88713,0.00274
1241.92290,0.00285
1240.95868,0.00266
1239.99445,0.00229
1239.03023,0.00190
1238.06600,0.00158
1237.10177,0.00129
1236.13755,0.00113
1235.17332,0.00126
1234.20910,0.00179
1233.24487,0.00256
1232.28064,0.00319
1231.31642,0.00343
1230.35219,0.00327
1229.38797,0.00290
1228.42374,0.00243
1227.45951,0.00183
1226.49529,0.00112
1225.53106,0.00050
1224.56684,0.00022
1223.60261,0.00036
1222.63839,0.00072
1221.67416,0.00105
1220.70993,0.00136
1219.74571,0.00182
1218.78148,0.00261
1217.81726,0.00358
1216.85303,0.00429
1215.88880,0.00424
1214.92458,0.00330
1213.96035,0.00188
1212.99613,0.00075
1212.03190,0.00050
1211.06768,0.00110
1210.10345,0.00192
1209.13922,0.00225
1208.17500,0.00186
1207.21077,0.00106
1206.24655,0.00037
1205.28232,0.00005
1204.31809,0.00008
1203.35387,0.00032
1202.38964,0.00069
1201.42542,0.00105
1200.46119,0.00126
1199.49697,0.00126
1198.53274,0.00125
1197.56851,0.00150
1196.60429,0.00202
1195.64006,0.00246
1194.67584,0.00237
1193.71161,0.00168
1192.74738,0.00075
1191.78316,0.00003
1190.81893,-0.00015
1189.85471,0.00026
1188.89048,0.00119
1187.92625,0.00236
1186.96203,0.00325
1185.99780,0.00338
1185.03358,0.00278
1184.06935,0.00204
1183.10513,0.00175
1182.14090,0.00188
1181.17667,0.00179
1180.21245,0.00100
1179.24822,-0.00013
1178.28400,-0.00070
1177.31977,-0.00023
1176.35554,0.00080
1175.39132,0.00152
1174.42709,0.00154
1173.46287,0.00133
1172.49864,0.00154
1171.53442,0.00224
1170.57019,0.00284
1169.60596,0.00272
1168.64174,0.00195
1167.67751,0.00118
1166.71329,0.00105
1165.74906,0.00168
1164.78483,0.00266
1163.82061,0.00344
1162.85638,0.00372
1161.89216,0.00352
1160.92793,0.00306
1159.96370,0.00247
1158.99948,0.00178
1158.03525,0.00098
1157.07103,0.00028
1156.10680,0.00008
1155.14258,0.00069
1154.17835,0.00187
1153.21412,0.00291
1152.24990,0.00315
1151.28567,0.00268
1150.32145,0.00224
1149.35722,0.00250
1148.39299,0.00329
1147.42877,0.00371
1146.46454,0.00293
1145.50032,0.00091
1144.53609,-0.00161
1143.57187,-0.00375
1142.60764,-0.00492
1141.64341,-0.00496
1140.67919,-0.00405
1139.71496,-0.00271
1138.75074,-0.00158
1137.78651,-0.00105
1136.82228,-0.00086
1135.85806,-0.00032
1134.89383,0.00091
1133.92961,0.00238
1132.96538,0.00328
1132.00116,0.00325
1131.03693,0.00270
1130.07270,0.00223
1129.10848,0.00203
1128.14425,0.00181
1127.18003,0.00129
1126.21580,0.00045
1125.25157,-0.00055
1124.28735,-0.00153
1123.32312,-0.00231
1122.35890,-0.00267
1121.39467,-0.00260
1120.43044,-0.00244
1119.46622,-0.00251
1118.50199,-0.00260
1117.53777,-0.00201
1116.57354,-0.00041
1115.60932,0.00149
1114.64509,0.00239
1113.68086,0.00161
1112.71664,-0.00019
1111.75241,-0.00164
1110.78819,-0.00187
1109.82396,-0.00110
1108.85973,-0.00009
1107.89551,0.00072
1106.93128,0.00123
1105.96706,0.00137
1105.00283,0.00100
1104.03861,0.00019
1103.07438,-0.00065
1102.11015,-0.00115
1101.14593,-0.00135
1100.18170,-0.00169
1099.21748,-0.00240
1098.25325,-0.00320
1097.28902,-0.00354
1096.32480,-0.00318
1095.36057,-0.00235
1094.39635,-0.00145
1093.43212,-0.00069
1092.46790,-0.00003
1091.50367,0.00063
1090.53944,0.00126
1089.57522,0.00172
1088.61099,0.00197
1087.64677,0.00208
1086.68254,0.00227
1085.71831,0.00269
1084.75409,0.00332
1083.78986,0.00397
1082.82564,0.00438
1081.86141,0.00439
1080.89718,0.00400
1079.93296,0.00332
1078.96873,0.00259
1078.00451,0.00205
1077.04028,0.00190
1076.07606,0.00223
1075.11183,0.00298
1074.14760,0.00402
1073.18338,0.00515
1072.21915,0.00611
1071.25493,0.00647
1070.29070,0.00580
1069.32647,0.00399
1068.36225,0.00149
1067.39802,-0.00089
1066.43380,-0.00239
1065.46957,-0.00274
1064.50535,-0.00206
1063.54112,-0.00070
1062.57689,0.00105
1061.61267,0.00275
1060.64844,0.00384
1059.68422,0.00376
1058.71999,0.00237
1057.75576,0.00023
1056.79154,-0.00173
1055.82731,-0.00271
1054.86309,-0.00252
1053.89886,-0.00164
1052.93463,-0.00075
1051.97041,-0.00025
1051.00618,-0.00005
1050.04196,0.00027
1049.07773,0.00094
1048.11351,0.00177
1047.14928,0.00227
1046.18505,0.00215
1045.22083,0.00166
1044.25660,0.00135
1043.29238,0.00160
1042.32815,0.00231
1041.36392,0.00307
1040.39970,0.00368
1039.43547,0.00420
1038.47125,0.00464
1037.50702,0.00465
1036.54280,0.00364
1035.57857,0.00152
1034.61434,-0.00096
1033.65012,-0.00262
1032.68589,-0.00274
1031.72167,-0.00164
1030.75744,-0.00024
1029.79321,0.00078
1028.82899,0.00137
1027.86476,0.00179
1026.90054,0.00204
1025.93631,0.00195
1024.97209,0.00158
1024.00786,0.00135
1023.04363,0.00161
1022.07941,0.00206
1021.11518,0.00204
1020.15096,0.00131
1019.18673,0.00046
1018.22250,0.00025
1017.25828,0.00068
1016.29405,0.00090
1015.32983,0.00013
1014.36560,-0.00145
1013.40137,-0.00285
1012.43715,-0.00329
1011.47292,-0.00286
1010.50870,-0.00215
1009.54447,-0.00141
1008.58025,-0.00046
1007.61602,0.00080
1006.65179,0.00190
1005.68757,0.00220
1004.72334,0.00164
1003.75912,0.00089
1002.79489,0.00075
1001.83066,0.00127
1000.86644,0.00170
999.90221,0.00122
998.93799,-0.00031
997.97376,-0.00229
997.00954,-0.00381
996.04531,-0.00428
995.08108,-0.00360
994.11686,-0.00205
993.15263,-0.00020
992.18841,0.00125
991.22418,0.00160
990.25995,0.00059
989.29573,-0.00135
988.33150,-0.00322
987.36728,-0.00411
986.40305,-0.00385
985.43882,-0.00310
984.47460,-0.00266
983.51037,-0.00278
982.54615,-0.00304
981.58192,-0.00279
980.61770,-0.00173
979.65347,0.00004
978.68924,0.00210
977.72502,0.00377
976.76079,0.00423
975.79657,0.00294
974.83234,0.00036
973.86811,-0.00200
972.90389,-0.00252
971.93966,-0.00087
970.97544,0.00159
970.01121,0.00306
969.04699,0.00279
968.08276,0.00144
967.11853,0.00013
966.15431,-0.00041
965.19008,0.00001
964.22586,0.00139
963.26163,0.00343
962.29740,0.00526
961.33318,0.00581
960.36895,0.00496
959.40473,0.00406
958.44050,0.00481
957.47628,0.00728
956.51205,0.00945
955.54782,0.00907
954.58360,0.00600
953.61937,0.00236
952.65515,0.00039
951.69092,0.00038
950.72669,0.00089
949.76247,0.00077
948.79824,0.00041
947.83402,0.00087
946.86979,0.00215
945.90556,0.00289
944.94134,0.00190
943.97711,-0.00038
943.01289,-0.00219
942.04866,-0.00219
941.08444,-0.00074
940.12021,0.00066
939.15598,0.00079
938.19176,-0.00040
937.22753,-0.00215
936.26331,-0.00363
935.29908,-0.00424
934.33485,-0.00352
933.37063,-0.00144
932.40640,0.00119
931.44218,0.00277
930.47795,0.00212
929.51373,-0.00047
928.54950,-0.00332
927.58527,-0.00473
926.62105,-0.00438
925.65682,-0.00319
924.69260,-0.00216
923.72837,-0.00154
922.76414,-0.00121
921.79992,-0.00149
920.83569,-0.00290
919.87147,-0.00507
918.90724,-0.00629
917.94302,-0.00474
916.97879,-0.00027
916.01456,0.00507
915.05034,0.00856
914.08611,0.00882
913.12189,0.00650
912.15766,0.00331
911.19343,0.00060
910.22921,-0.00125
909.26498,-0.00245
908.30076,-0.00326
907.33653,-0.00359
906.37230,-0.00322
905.40808,-0.00212
904.44385,-0.00062
903.47963,0.00064
902.51540,0.00125
901.55118,0.00131
900.58695,0.00119
899.62272,0.00099
898.65850,0.00054
897.69427,-0.00000
896.73005,0.00025
895.76582,0.00221
894.80159,0.00555
893.83737,0.00877
892.87314,0.01055
891.90892,0.01103
890.94469,0.01113
889.98047,0.01078
889.01624,0.00865
888.05201,0.00389
887.08779,-0.00209
886.12356,-0.00637
885.15934,-0.00723
884.19511,-0.00567
883.23088,-0.00399
882.26666,-0.00331
881.30243,-0.00303
880.33821,-0.00237
879.37398,-0.00157
878.40975,-0.00115
877.44553,-0.00069
876.48130,0.00071
875.51708,0.00304
874.55285,0.00503
873.58863,0.00568
872.62440,0.00547
871.66017,0.00573
870.69595,0.00688
869.73172,0.00813
868.76750,0.00872
867.80327,0.00889
866.83904,0.00905
865.87482,0.00842
864.91059,0.00542
863.94637,-0.00033
862.98214,-0.00695
862.01792,-0.01147
861.05369,-0.01231
860.08946,-0.01039
859.12524,-0.00786
858.16101,-0.00621
857.19679,-0.00549
856.23256,-0.00489
855.26833,-0.00364
854.30411,-0.00134
853.33988,0.00191
852.37566,0.00543
851.41143,0.00800
850.44721,0.00850
849.48298,0.00664
848.51875,0.00328
847.55453,0.00015
846.59030,-0.00114
845.62608,0.00010
844.66185,0.00346
843.69762,0.00795
842.73340,0.01246
841.76917,0.01587
840.80495,0.01687
839.84072,0.01431
838.87649,0.00812
837.91227,-0.00007
836.94804,-0.00748
835.98382,-0.01178
835.01959,-0.01241
834.05537,-0.01017
833.09114,-0.00611
832.12691,-0.00097
831.16269,0.00407
830.19846,0.00719
829.23424,0.00713
828.27001,0.00479
827.30578,0.00280
826.34156,0.00320
825.37733,0.00546
824.41311,0.00732
823.44888,0.00730
822.48466,0.00597
821.52043,0.00507
820.55620,0.00565
819.59198,0.00737
818.62775,0.00905
817.66353,0.00950
816.69930,0.00801
815.73507,0.00500
814.77085,0.00224
813.80662,0.00176
812.84240,0.00394
811.87817,0.00691
810.91395,0.00825
809.94972,0.00722
808.98549,0.00510
808.02127,0.00350
807.05704,0.00268
806.09282,0.00190
805.12859,0.00093
804.16436,0.00055
803.20014,0.00147
802.23591,0.00343
801.27169,0.00548
800.30746,0.00687
799.34323,0.00713
798.37901,0.00572
797.41478,0.00231
796.45056,-0.00217
795.48633,-0.00554
794.52211,-0.00603
793.55788,-0.00390
792.59365,-0.00128
791.62943,-0.00012
790.66520,-0.00080
789.70098,-0.00239
788.73675,-0.00392
787.77252,-0.00492
786.80830,-0.00531
785.84407,-0.00509
784.87985,-0.00452
783.91562,-0.00406
782.95140,-0.00383
781.98717,-0.00356
781.02294,-0.00309
780.05872,-0.00310
779.09449,-0.00440
778.13027,-0.00658
777.16604,-0.00762
776.20181,-0.00542
775.23759,0.00015
774.27336,0.00678
773.30914,0.01129
772.34491,0.01179
771.38068,0.00859
770.41646,0.00381
769.45223,0.00002
768.48801,-0.00114
767.52378,0.00014
766.55956,0.00219
765.59533,0.00317
764.63110,0.00263
763.66688,0.00178
762.70265,0.00228
761.73843,0.00456
760.77420,0.00743
759.80997,0.00921
758.84575,0.00910
757.88152,0.00749
756.91730,0.00547
755.95307,0.00416
754.98885,0.00429
754.02462,0.00580
753.06039,0.00764
752.09617,0.00819
751.13194,0.00621
750.16772,0.00183
749.20349,-0.00324
748.23926,-0.00675
747.27504,-0.00721
746.31081,-0.00470
745.34659,-0.00081
744.38236,0.00227
743.41814,0.00323
742.45391,0.00249
741.48968,0.00153
740.52546,0.00148
739.56123,0.00230
738.59701,0.00315
737.63278,0.00331
736.66855,0.00250
735.70433,0.00059
734.74010,-0.00236
733.77588,-0.00562
732.81165,-0.00778
731.84742,-0.00778
730.88320,-0.00603
729.91897,-0.00406
728.95475,-0.00281
727.99052,-0.00188
727.02630,-0.00062
726.06207,0.00025
725.09784,-0.00113
724.13362,-0.00547
723.16939,-0.01083
722.20517,-0.01378
721.24094,-0.01248
720.27671,-0.00811
719.31249,-0.00329
718.34826,0.00035
717.38404,0.00288
716.41981,0.00489
715.45559,0.00621
714.49136,0.00609
713.52713,0.00433
712.56291,0.00170
711.59868,-0.00062
710.63446,-0.00192
709.67023,-0.00218
708.70600,-0.00173
707.74178,-0.00084
706.77755,0.00054
705.81333,0.00254
704.84910,0.00490
703.88487,0.00681
702.92065,0.00730
701.95642,0.00614
700.99220,0.00411
700.02797,0.00242
699.06375,0.00168
698.09952,0.00157
697.13529,0.00151
696.17107,0.00140
695.20684,0.00160
694.24262,0.00229
693.27839,0.00302
692.31416,0.00321
691.34994,0.00289
690.38571,0.00273
689.42149,0.00336
688.45726,0.00481
687.49304,0.00644
686.52881,0.00735
685.56458,0.00674
684.60036,0.00441
683.63613,0.00108
682.67191,-0.00173
681.70768,-0.00271
680.74345,-0.00185
679.77923,-0.00060
678.81500,-0.00023
677.85078,-0.00046
676.88655,0.00028
675.92233,0.00271
674.95810,0.00542
673.99387,0.00602
673.02965,0.00356
672.06542,-0.00028
671.10120,-0.00288
670.13697,-0.00311
669.17274,-0.00227
668.20852,-0.00281
667.24429,-0.00608
666.28007,-0.01115
665.31584,-0.01579
664.35161,-0.01816
663.38739,-0.01726
662.42316,-0.01301
661.45894,-0.00661
660.49471,-0.00031
659.53049,0.00395
658.56626,0.00568
657.60203,0.00581
656.63781,0.00542
655.67358,0.00455
654.70936,0.00232
653.74513,-0.00176
652.78090,-0.00690
651.81668,-0.01138
650.85245,-0.01372
649.88823,-0.01332
648.92400,-0.01035
647.95978,-0.00545
646.99555,0.00039
646.03132,0.00585
645.06710,0.00972
644.10287,0.01131
643.13865,0.01067
642.17442,0.00847
641.21019,0.00597
640.24597,0.00472
639.28174,0.00575
638.31752,0.00847
637.35329,0.01068
636.38907,0.01011
635.42484,0.00643
634.46061,0.00204
633.49639,0.00040
632.53216,0.00332
631.56794,0.00963
630.60371,0.01635
629.63948,0.02059
628.67526,0.02092
627.71103,0.01800
626.74681,0.01455
625.78258,0.01368
624.81835,0.01644
623.85413,0.02037
622.88990,0.02087
621.92568,0.01550
620.96145,0.00636
619.99723,-0.00161
619.03300,-0.00442
618.06877,-0.00163
617.10455,0.00446
616.14032,0.01115
615.17610,0.01636
614.21187,0.01825
613.24764,0.01541
612.28342,0.00796
611.31919,-0.00178
610.35497,-0.01047
609.39074,-0.01573
608.42652,-0.01686
607.46229,-0.01419
606.49806,-0.00880
605.53384,-0.00345
604.56961,-0.00190
603.60539,-0.00539
602.64116,-0.01005
601.67693,-0.00972
600.71271,-0.00240
599.74848,0.00661
598.78426,0.01008
597.82003,0.00679
596.85580,0.00266
595.89158,0.00365
594.92735,0.00821
593.96313,0.00889
592.99890,0.00161
592.03468,-0.00863
591.07045,-0.01252
590.10622,-0.00616
589.14200,0.00639
588.17777,0.01869
587.21355,0.02825
586.24932,0.03653
585.28509,0.04438
584.32087,0.04883
583.35664,0.04641
582.39242,0.03783
581.42819,0.02855
580.46397,0.02420
579.49974,0.02559
578.53551,0.02870
577.57129,0.02841
576.60706,0.02226
575.64284,0.01156
574.67861,0.00017
573.71438,-0.00836
572.75016,-0.01293
571.78593,-0.01517
570.82171,-0.01736
569.85748,-0.01964
568.89326,-0.01935
567.92903,-0.01361
566.96480,-0.00258
566.00058,0.00987
565.03635,0.01921
564.07213,0.02494
563.10790,0.03042
562.14367,0.03708
561.17945,0.04221
560.21522,0.04311
559.25100,0.04170
558.28677,0.04214
557.32254,0.04449
556.35832,0.04277
555.39409,0.03230
554.42987,0.01810
553.46564,0.01034
552.50142,0.01332
551.53719,0.02206
550.57296,0.03211
549.60874,0.05200
548.64451,0.08905
547.68029,0.12810
546.71606,0.12843
545.75183,0.07088
544.78761,-0.00832
543.82338,-0.05528
542.85916,-0.04051
541.89493,0.01149
540.93071,0.03458
539.96648,0.00374
539.00225,-0.05314
538.03803,-0.07764
537.07380,-0.03650
536.10958,0.04838
535.14535,0.12830
534.18112,0.17172
533.21690,0.17655
532.25267,0.16515
531.28845,0.16238
530.32422,0.16968
529.36000,0.15846
528.39577,0.09205
527.43154,-0.01861
526.46732,-0.13603
525.50309,-0.21346
524.53887,-0.22013
523.57464,-0.15523
522.61041,-0.02993
521.64619,0.11718
520.68196,0.24717
519.71774,0.33342
518.75351,0.36056
517.78928,0.34169
516.82506,0.33269
515.86083,0.38046
514.89661,0.41744
513.93238,0.38545
512.96816,0.32618
512.00393,0.27285
511.03970,0.21131
510.07548,0.11700
509.11125,0.00311
508.14703,-0.08391
507.18280,-0.09096
506.21857,-0.01156
505.25435,0.11244
504.29012,0.25018
503.32590,0.26802
502.36167,0.16578
501.39745,0.06370
500.43322,0.05876
499.46899,0.08814
498.50477,0.10159
497.54054,0.04876
496.57632,-0.06970
495.61209,-0.18950
494.64786,-0.26975
493.68364,-0.29379
492.71941,-0.24897
491.75519,-0.14050
490.79096,-0.02347
489.82673,0.06437
488.86251,0.13271
487.89828,0.17550
486.93406,0.17540
485.96983,0.11988
485.00561,0.04059
484.04138,-0.02296
483.07715,-0.05644
482.11293,-0.05890
481.14870,-0.04111
480.18448,-0.00971
479.22025,0.02572
478.25602,0.06091
477.29180,0.09936
476.32757,0.14494
475.36335,0.20537
474.39912,0.28912
473.43490,0.40552
472.47067,0.48674
471.50644,0.39555
470.54222,0.20645
469.57799,0.09496
468.61377,0.04607
467.64954,0.04654
466.68531,0.07073
465.72109,0.08275
464.75686,0.07158
463.79264,0.04406
462.82841,0.01711
461.86419,-0.00289
460.89996,-0.02752
459.93573,-0.06291
458.97151,-0.07524
458.00728,-0.01310
457.04306,0.12004
456.07883,0.24040
455.11460,0.26903
454.15038,0.18843
453.18615,0.03069
452.22193,-0.11340
451.25770,-0.14693
450.29347,-0.08281
449.32925,0.02132
448.36502,0.13223
447.40080,0.21704
446.43657,0.22441
445.47235,0.16096
444.50812,0.15351
443.54389,0.27445
442.57967,0.37906
441.61544,0.35317
440.65122,0.19300
439.68699,-0.02433
438.72276,-0.19746
437.75854,-0.25211
436.79431,-0.20689
435.83009,-0.11429
434.86586,-0.00272
433.90164,0.10285
432.93741,0.17138
431.97318,0.17972
431.00896,0.11751
430.04473,-0.01823
429.08051,-0.23874
428.11628,-0.52169
427.15205,-0.68275
426.18783,-0.51396
425.22360,-0.25912
424.25938,-0.07783
423.29515,-0.00316
422.33092,0.02125
421.36670,0.04629
420.40247,0.10048
419.43825,0.15712
418.47402,0.18187
417.50980,0.16110
416.54557,0.13029
415.58134,0.14847
414.61712,0.22410
413.65289,0.29331
412.68867,0.29573
411.72444,0.17719
410.76021,-0.06518
409.79599,-0.29169
408.83176,-0.36302
407.86754,-0.33517
406.90331,-0.26874
405.93909,-0.18333
404.97486,-0.08931
404.01063,-0.02480
403.04641,-0.02578
402.08218,-0.09979
401.11796,-0.21173
400.15373,-0.28882
399.18950,-0.25174
398.22528,-0.12701
397.26105,-0.00988
396.29683,0.05364
395.33260,0.05989
394.36838,0.04667
393.40415,0.05056
392.43992,0.06021
391.47570,0.06443
390.51147,0.05433
389.54725,0.03812
388.58302,0.03707
387.61879,0.05558
386.65457,0.06892
385.69034,0.04204
384.72612,0.01958
383.76189,-0.00111
382.79766,-0.03276
381.83344,-0.07209
380.86921,-0.09689
379.90499,-0.05896
378.94076,0.07087
377.97654,0.24836
377.01231,0.32854
376.04808,0.25648
375.08386,0.13477
374.11963,0.00940
373.15541,-0.12837
372.19118,-0.22356
371.22695,-0.17937
370.26273,-0.00247
369.29850,0.19104
368.33428,0.33740
367.37005,0.43450
366.40583,0.47095
365.44160,0.35691
364.47737,0.01195
363.51315,-0.31474
362.54892,-0.44026
361.58470,-0.56119
360.62047,-0.53810
359.65624,-0.40013
358.69202,-0.22075
357.72779,-0.02792
356.76357,0.14740
355.79934,0.20860
354.83512,0.13083
353.87089,0.01557
352.90666,-0.01882
351.94244,0.04115
350.97821,0.10407
350.01399,0.12708
349.04976,0.15680
