3946.57643,0.01284
3945.61220,0.01141
3944.64798,0.01028
3943.68375,0.01003
3942.71953,0.01074
3941.75530,0.01198
3940.79107,0.01325
3939.82685,0.01424
3938.86262,0.01479
3937.89840,0.01474
3936.93417,0.01402
3935.96994,0.01286
3935.00572,0.01171
3934.04149,0.01098
3933.07727,0.01084
3932.11304,0.01115
3931.14882,0.01169
3930.18459,0.01223
3929.22036,0.01258
3928.25614,0.01264
3927.29191,0.01245
3926.32769,0.01217
3925.36346,0.01186
3924.39923,0.01146
3923.43501,0.01090
3922.47078,0.01032
3921.50656,0.01002
3920.54233,0.01018
3919.57811,0.01061
3918.61388,0.01096
3917.64965,0.01108
3916.68543,0.01114
3915.72120,0.01133
3914.75698,0.01148
3913.79275,0.01119
3912.82852,0.01028
3911.86430,0.00913
3910.90007,0.00846
3909.93585,0.00882
3908.97162,0.01011
3908.00739,0.01176
3907.04317,0.01310
3906.07894,0.01374
3905.11472,0.01370
3904.15049,0.01324
3903.18627,0.01268
3902.22204,0.01217
3901.25781,0.01171
3900.29359,0.01126
3899.32936,0.01086
3898.36514,0.01069
3897.40091,0.01088
3896.43668,0.01139
3895.47246,0.01197
3894.50823,0.01243
3893.54401,0.01265
3892.57978,0.01259
3891.61556,0.01218
3890.65133,0.01135
3889.68710,0.01029
3888.72288,0.00951
3887.75865,0.00950
3886.79443,0.01035
3885.83020,0.01159
3884.86597,0.01250
3883.90175,0.01273
3882.93752,0.01245
3881.97330,0.01216
3881.00907,0.01211
3880.04485,0.01220
3879.08062,0.01214
3878.11639,0.01175
3877.15217,0.01117
3876.18794,0.01070
3875.22372,0.01059
3874.25949,0.01086
3873.29526,0.01135
3872.33104,0.01184
3871.36681,0.01218
3870.40259,0.01234
3869.43836,0.01233
3868.47413,0.01213
3867.50991,0.01171
3866.54568,0.01117
3865.58146,0.01078
3864.61723,0.01086
3863.65301,0.01148
3862.68878,0.01232
3861.72455,0.01284
3860.76033,0.01268
3859.79610,0.01196
3858.83188,0.01118
3857.86765,0.01084
3856.90342,0.01109
3855.93920,0.01172
3854.97497,0.01234
3854.01075,0.01267
3853.04652,0.01261
3852.08230,0.01230
3851.11807,0.01187
3850.15384,0.01143
3849.18962,0.01095
3848.22539,0.01043
3847.26117,0.01003
3846.29694,0.00996
3845.33271,0.01033
3844.36849,0.01095
3843.40426,0.01143
3842.44004,0.01153
3841.47581,0.01139
3840.51159,0.01136
3839.54736,0.01166
3838.58313,0.01214
3837.61891,0.01247
3836.65468,0.01247
3835.69046,0.01226
3834.72623,0.01205
3833.76200,0.01195
3832.79778,0.01193
3831.83355,0.01196
3830.86933,0.01200
3829.90510,0.01194
3828.94087,0.01159
3827.97665,0.01089
3827.01242,0.01001
3826.04820,0.00931
3825.08397,0.00909
3824.11975,0.00939
3823.15552,0.01003
3822.19129,0.01081
3821.22707,0.01150
3820.26284,0.01184
3819.29862,0.01166
3818.33439,0.01100
3817.37016,0.01018
3816.40594,0.00960
3815.44171,0.00946
3814.47749,0.00971
3813.51326,0.01020
3812.54904,0.01079
3811.58481,0.01130
3810.62058,0.01149
3809.65636,0.01121
3808.69213,0.01062
3807.72791,0.01016
3806.76368,0.01024
3805.79945,0.01083
3804.83523,0.01149
3803.87100,0.01181
3802.90678,0.01174
3801.94255,0.01152
3800.97832,0.01142
3800.01410,0.01152
3799.04987,0.01174
3798.08565,0.01194
3797.12142,0.01204
3796.15720,0.01201
3795.19297,0.01189
3794.22874,0.01178
3793.26452,0.01184
3792.30029,0.01215
3791.33607,0.01262
3790.37184,0.01303
3789.40761,0.01310
3788.44339,0.01273
3787.47916,0.01198
3786.51494,0.01111
3785.55071,0.01042
3784.58649,0.01011
3783.62226,0.01020
3782.65803,0.01054
3781.69381,0.01099
3780.72958,0.01150
3779.76536,0.01202
3778.80113,0.01247
3777.83690,0.01271
3776.87268,0.01269
3775.90845,0.01251
3774.94423,0.01234
3773.98000,0.01223
3773.01578,0.01204
3772.05155,0.01163
3771.08732,0.01096
3770.12310,0.01025
3769.15887,0.00974
3768.19465,0.00961
3767.23042,0.00990
3766.26619,0.01056
3765.30197,0.01148
3764.33774,0.01244
3763.37352,0.01320
3762.40929,0.01360
3761.44506,0.01360
3760.48084,0.01329
3759.51661,0.01276
3758.55239,0.01205
3757.58816,0.01124
3756.62394,0.01053
3755.65971,0.01018
3754.69548,0.01032
3753.73126,0.01084
3752.76703,0.01145
3751.80281,0.01188
3750.83858,0.01207
3749.87435,0.01214
3748.91013,0.01220
3747.94590,0.01230
3746.98168,0.01238
3746.01745,0.01235
3745.05323,0.01216
3744.08900,0.01182
3743.12477,0.01143
3742.16055,0.01115
3741.19632,0.01120
3740.23210,0.01160
3739.26787,0.01213
3738.30364,0.01242
3737.33942,0.01221
3736.37519,0.01165
3735.41097,0.01117
3734.44674,0.01108
3733.48251,0.01129
3732.51829,0.01142
3731.55406,0.01123
3730.58984,0.01084
3729.62561,0.01063
3728.66139,0.01084
3727.69716,0.01135
3726.73293,0.01182
3725.76871,0.01201
3724.80448,0.01196
3723.84026,0.01190
3722.87603,0.01204
3721.91180,0.01235
3720.94758,0.01260
3719.98335,0.01254
3719.01913,0.01204
3718.05490,0.01119
3717.09068,0.01027
3716.12645,0.00961
3715.16222,0.00942
3714.19800,0.00967
3713.23377,0.01016
3712.26955,0.01072
3711.30532,0.01123
3710.34109,0.01166
3709.37687,0.01196
3708.41264,0.01205
3707.44842,0.01190
3706.48419,0.01158
3705.51997,0.01129
3704.55574,0.01121
3703.59151,0.01138
3702.62729,0.01168
3701.66306,0.01194
3700.69884,0.01207
3699.73461,0.01209
3698.77038,0.01206
3697.80616,0.01196
3696.84193,0.01175
3695.87771,0.01148
3694.91348,0.01129
3693.94925,0.01135
3692.98503,0.01161
3692.02080,0.01185
3691.05658,0.01189
3690.09235,0.01176
3689.12813,0.01170
3688.16390,0.01190
3687.19967,0.01230
3686.23545,0.01265
3685.27122,0.01278
3684.30700,0.01277
3683.34277,0.01283
3682.37854,0.01311
3681.41432,0.01351
3680.45009,0.01382
3679.48587,0.01385
3678.52164,0.01362
3677.55742,0.01330
3676.59319,0.01306
3675.62896,0.01304
3674.66474,0.01324
3673.70051,0.01362
3672.73629,0.01404
3671.77206,0.01440
3670.80783,0.01466
3669.84361,0.01485
3668.87938,0.01502
3667.91516,0.01512
3666.95093,0.01500
3665.98671,0.01452
3665.02248,0.01373
3664.05825,0.01291
3663.09403,0.01238
3662.12980,0.01232
3661.16558,0.01268
3660.20135,0.01332
3659.23712,0.01417
3658.27290,0.01518
3657.30867,0.01615
3656.34445,0.01678
3655.38022,0.01685
3654.41599,0.01647
3653.45177,0.01598
3652.48754,0.01568
3651.52332,0.01561
3650.55909,0.01563
3649.59487,0.01560
3648.63064,0.01552
3647.66641,0.01538
3646.70219,0.01521
3645.73796,0.01504
3644.77374,0.01504
3643.80951,0.01532
3642.84528,0.01584
3641.88106,0.01634
3640.91683,0.01660
3639.95261,0.01659
3638.98838,0.01651
3638.02416,0.01660
3637.05993,0.01691
3636.09570,0.01729
3635.13148,0.01751
3634.16725,0.01744
3633.20303,0.01708
3632.23880,0.01661
3631.27457,0.01629
3630.31035,0.01626
3629.34612,0.01653
3628.38190,0.01695
3627.41767,0.01737
3626.45344,0.01766
3625.48922,0.01777
3624.52499,0.01769
3623.56077,0.01752
3622.59654,0.01752
3621.63232,0.01789
3620.66809,0.01860
3619.70386,0.01931
3618.73964,0.01963
3617.77541,0.01946
3616.81119,0.01900
3615.84696,0.01856
3614.88273,0.01830
3613.91851,0.01817
3612.95428,0.01805
3611.99006,0.01789
3611.02583,0.01772
3610.06161,0.01764
3609.09738,0.01776
3608.13315,0.01803
3607.16893,0.01824
3606.20470,0.01819
3605.24048,0.01789
3604.27625,0.01762
3603.31202,0.01767
3602.34780,0.01801
3601.38357,0.01838
3600.41935,0.01856
3599.45512,0.01863
3598.49090,0.01875
3597.52667,0.01892
3596.56244,0.01899
3595.59822,0.01896
3594.63399,0.01904
3593.66977,0.01944
3592.70554,0.02005
3591.74131,0.02047
3590.77709,0.02052
3589.81286,0.02039
3588.84864,0.02034
3587.88441,0.02040
3586.92018,0.02036
3585.95596,0.02013
3584.99173,0.01990
3584.02751,0.01986
3583.06328,0.01994
3582.09906,0.01990
3581.13483,0.01969
3580.17060,0.01954
3579.20638,0.01967
3578.24215,0.01999
3577.27793,0.02026
3576.31370,0.02036
3575.34947,0.02042
3574.38525,0.02058
3573.42102,0.02075
3572.45680,0.02073
3571.49257,0.02043
3570.52835,0.02001
3569.56412,0.01965
3568.59989,0.01942
3567.63567,0.01930
3566.67144,0.01934
3565.70722,0.01963
3564.74299,0.02015
3563.77876,0.02074
3562.81454,0.02116
3561.85031,0.02126
3560.88609,0.02106
3559.92186,0.02069
3558.95764,0.02031
3557.99341,0.02009
3557.02918,0.02007
3556.06496,0.02011
3555.10073,0.02005
3554.13651,0.01982
3553.17228,0.01959
3552.20805,0.01958
3551.24383,0.01983
3550.27960,0.02016
3549.31538,0.02037
3548.35115,0.02042
3547.38692,0.02040
3546.42270,0.02046
3545.45847,0.02061
3544.49425,0.02076
3543.53002,0.02079
3542.56580,0.02061
3541.60157,0.02027
3540.63734,0.01994
3539.67312,0.01985
3538.70889,0.02014
3537.74467,0.02069
3536.78044,0.02126
3535.81621,0.02172
3534.85199,0.02214
3533.88776,0.02262
3532.92354,0.02306
3531.95931,0.02309
3530.99509,0.02243
3530.03086,0.02122
3529.06663,0.01997
3528.10241,0.01923
3527.13818,0.01914
3526.17396,0.01949
3525.20973,0.01996
3524.24550,0.02039
3523.28128,0.02078
3522.31705,0.02113
3521.35283,0.02133
3520.38860,0.02128
3519.42437,0.02103
3518.46015,0.02076
3517.49592,0.02059
3516.53170,0.02053
3515.56747,0.02048
3514.60325,0.02037
3513.63902,0.02025
3512.67479,0.02021
3511.71057,0.02033
3510.74634,0.02060
3509.78212,0.02097
3508.81789,0.02132
3507.85366,0.02151
3506.88944,0.02146
3505.92521,0.02122
3504.96099,0.02096
3503.99676,0.02077
3503.03254,0.02061
3502.06831,0.02036
3501.10408,0.02009
3500.13986,0.02012
3499.17563,0.02071
3498.21141,0.02176
3497.24718,0.02281
3496.28295,0.02332
3495.31873,0.02317
3494.35450,0.02266
3493.39028,0.02223
3492.42605,0.02216
3491.46183,0.02242
3490.49760,0.02282
3489.53337,0.02317
3488.56915,0.02340
3487.60492,0.02344
3486.64070,0.02329
3485.67647,0.02301
3484.71224,0.02266
3483.74802,0.02233
3482.78379,0.02202
3481.81957,0.02175
3480.85534,0.02162
3479.89111,0.02170
3478.92689,0.02197
3477.96266,0.02229
3476.99844,0.02248
3476.03421,0.02254
3475.06999,0.02265
3474.10576,0.02295
3473.14153,0.02335
3472.17731,0.02358
3471.21308,0.02352
3470.24886,0.02335
3469.28463,0.02337
3468.32040,0.02366
3467.35618,0.02399
3466.39195,0.02408
3465.42773,0.02395
3464.46350,0.02385
3463.49928,0.02394
3462.53505,0.02411
3461.57082,0.02413
3460.60660,0.02401
3459.64237,0.02404
3458.67815,0.02446
3457.71392,0.02515
3456.74969,0.02565
3455.78547,0.02559
3454.82124,0.02497
3453.85702,0.02416
3452.89279,0.02355
3451.92856,0.02337
3450.96434,0.02362
3450.00011,0.02415
3449.03589,0.02475
3448.07166,0.02516
3447.10744,0.02515
3446.14321,0.02470
3445.17898,0.02405
3444.21476,0.02365
3443.25053,0.02385
3442.28631,0.02461
3441.32208,0.02548
3440.35785,0.02583
3439.39363,0.02535
3438.42940,0.02423
3437.46518,0.02306
3436.50095,0.02235
3435.53673,0.02227
3434.57250,0.02269
3433.60827,0.02348
3432.64405,0.02456
3431.67982,0.02579
3430.71560,0.02679
3429.75137,0.02710
3428.78714,0.02654
3427.82292,0.02541
3426.85869,0.02434
3425.89447,0.02375
3424.93024,0.02360
3423.96602,0.02352
3423.00179,0.02327
3422.03756,0.02297
3421.07334,0.02293
3420.10911,0.02324
3419.14489,0.02363
3418.18066,0.02371
3417.21643,0.02342
3416.25221,0.02311
3415.28798,0.02324
3414.32376,0.02392
3413.35953,0.02476
3412.39530,0.02525
3411.43108,0.02517
3410.46685,0.02476
3409.50263,0.02448
3408.53840,0.02462
3407.57418,0.02516
3406.60995,0.02583
3405.64572,0.02632
3404.68150,0.02647
3403.71727,0.02630
3402.75305,0.02591
3401.78882,0.02549
3400.82459,0.02519
3399.86037,0.02514
3398.89614,0.02537
3397.93192,0.02575
3396.96769,0.02604
3396.00347,0.02608
3395.03924,0.02596
3394.07501,0.02596
3393.11079,0.02620
3392.14656,0.02649
3391.18234,0.02651
3390.21811,0.02627
3389.25388,0.02614
3388.28966,0.02651
3387.32543,0.02728
3386.36121,0.02792
3385.39698,0.02800
3384.43276,0.02762
3383.46853,0.02716
3382.50430,0.02683
3381.54008,0.02649
3380.57585,0.02598
3379.61163,0.02545
3378.64740,0.02522
3377.68317,0.02537
3376.71895,0.02566
3375.75472,0.02580
3374.79050,0.02571
3373.82627,0.02546
3372.86204,0.02507
3371.89782,0.02458
3370.93359,0.02412
3369.96937,0.02393
3369.00514,0.02410
3368.04092,0.02438
3367.07669,0.02444
3366.11246,0.02424
3365.14824,0.02408
3364.18401,0.02423
3363.21979,0.02467
3362.25556,0.02524
3361.29133,0.02580
3360.32711,0.02631
3359.36288,0.02660
3358.39866,0.02641
3357.43443,0.02568
3356.47021,0.02474
3355.50598,0.02414
3354.54175,0.02415
3353.57753,0.02457
3352.61330,0.02502
3351.64908,0.02527
3350.68485,0.02539
3349.72062,0.02545
3348.75640,0.02546
3347.79217,0.02542
3346.82795,0.02541
3345.86372,0.02549
3344.89949,0.02566
3343.93527,0.02585
3342.97104,0.02609
3342.00682,0.02647
3341.04259,0.02697
3340.07837,0.02735
3339.11414,0.02727
3338.14991,0.02662
3337.18569,0.02566
3336.22146,0.02489
3335.25724,0.02468
3334.29301,0.02507
3333.32878,0.02574
3332.36456,0.02635
3331.40033,0.02668
3330.43611,0.02682
3329.47188,0.02699
3328.50766,0.02731
3327.54343,0.02770
3326.57920,0.02793
3325.61498,0.02784
3324.65075,0.02751
3323.68653,0.02714
3322.72230,0.02693
3321.75807,0.02695
3320.79385,0.02714
3319.82962,0.02736
3318.86540,0.02744
3317.90117,0.02735
3316.93695,0.02720
3315.97272,0.02726
3315.00849,0.02760
3314.04427,0.02804
3313.08004,0.02822
3312.11582,0.02796
3311.15159,0.02741
3310.18736,0.02694
3309.22314,0.02674
3308.25891,0.02677
3307.29469,0.02688
3306.33046,0.02705
3305.36623,0.02729
3304.40201,0.02754
3303.43778,0.02759
3302.47356,0.02735
3301.50933,0.02689
3300.54511,0.02645
3299.58088,0.02609
3298.61665,0.02576
3297.65243,0.02539
3296.68820,0.02508
3295.72398,0.02504
3294.75975,0.02533
3293.79552,0.02575
3292.83130,0.02604
3291.86707,0.02603
3290.90285,0.02584
3289.93862,0.02567
3288.97440,0.02566
3288.01017,0.02582
3287.04594,0.02598
3286.08172,0.02594
3285.11749,0.02559
3284.15327,0.02501
3283.18904,0.02451
3282.22481,0.02441
3281.26059,0.02477
3280.29636,0.02535
3279.33214,0.02579
3278.36791,0.02590
3277.40369,0.02578
3276.43946,0.02556
3275.47523,0.02531
3274.51101,0.02505
3273.54678,0.02485
3272.58256,0.02483
3271.61833,0.02498
3270.65410,0.02512
3269.68988,0.02509
3268.72565,0.02496
3267.76143,0.02498
3266.79720,0.02531
3265.83297,0.02585
3264.86875,0.02628
3263.90452,0.02634
3262.94030,0.02604
3261.97607,0.02556
3261.01185,0.02521
3260.04762,0.02514
3259.08339,0.02535
3258.11917,0.02560
3257.15494,0.02563
3256.19072,0.02541
3255.22649,0.02518
3254.26226,0.02528
3253.29804,0.02577
3252.33381,0.02635
3251.36959,0.02663
3250.40536,0.02645
3249.44114,0.02598
3248.47691,0.02548
3247.51268,0.02506
3246.54846,0.02473
3245.58423,0.02450
3244.62001,0.02441
3243.65578,0.02453
3242.69155,0.02482
3241.72733,0.02521
3240.76310,0.02555
3239.79888,0.02566
3238.83465,0.02540
3237.87042,0.02485
3236.90620,0.02436
3235.94197,0.02425
3234.97775,0.02457
3234.01352,0.02502
3233.04930,0.02526
3232.08507,0.02525
3231.12084,0.02521
3230.15662,0.02533
3229.19239,0.02551
3228.22817,0.02555
3227.26394,0.02535
3226.29971,0.02507
3225.33549,0.02489
3224.37126,0.02489
3223.40704,0.02497
3222.44281,0.02499
3221.47859,0.02483
3220.51436,0.02449
3219.55013,0.02409
3218.58591,0.02386
3217.62168,0.02400
3216.65746,0.02453
3215.69323,0.02525
3214.72900,0.02588
3213.76478,0.02613
3212.80055,0.02591
3211.83633,0.02534
3210.87210,0.02473
3209.90788,0.02447
3208.94365,0.02472
3207.97942,0.02525
3207.01520,0.02554
3206.05097,0.02524
3205.08675,0.02442
3204.12252,0.02351
3203.15829,0.02294
3202.19407,0.02285
3201.22984,0.02314
3200.26562,0.02362
3199.30139,0.02409
3198.33716,0.02433
3197.37294,0.02421
3196.40871,0.02384
3195.44449,0.02353
3194.48026,0.02358
3193.51604,0.02402
3192.55181,0.02459
3191.58758,0.02499
3190.62336,0.02507
3189.65913,0.02490
3188.69491,0.02466
3187.73068,0.02457
3186.76645,0.02473
3185.80223,0.02501
3184.83800,0.02513
3183.87378,0.02486
3182.90955,0.02427
3181.94533,0.02365
3180.98110,0.02327
3180.01687,0.02308
3179.05265,0.02288
3178.08842,0.02254
3177.12420,0.02213
3176.15997,0.02183
3175.19574,0.02176
3174.23152,0.02188
3173.26729,0.02214
3172.30307,0.02248
3171.33884,0.02284
3170.37461,0.02311
3169.41039,0.02322
3168.44616,0.02319
3167.48194,0.02307
3166.51771,0.02291
3165.55349,0.02270
3164.58926,0.02247
3163.62503,0.02225
3162.66081,0.02208
3161.69658,0.02202
3160.73236,0.02218
3159.76813,0.02257
3158.80390,0.02301
3157.83968,0.02317
3156.87545,0.02289
3155.91123,0.02237
3154.94700,0.02201
3153.98278,0.02208
3153.01855,0.02244
3152.05432,0.02281
3151.09010,0.02303
3150.12587,0.02314
3149.16165,0.02317
3148.19742,0.02300
3147.23319,0.02255
3146.26897,0.02193
3145.30474,0.02139
3144.34052,0.02106
3143.37629,0.02088
3142.41207,0.02074
3141.44784,0.02070
3140.48361,0.02087
3139.51939,0.02126
3138.55516,0.02167
3137.59094,0.02189
3136.62671,0.02184
3135.66248,0.02161
3134.69826,0.02138
3133.73403,0.02131
3132.76981,0.02151
3131.80558,0.02192
3130.84135,0.02232
3129.87713,0.02245
3128.91290,0.02223
3127.94868,0.02178
3126.98445,0.02131
3126.02023,0.02087
3125.05600,0.02046
3124.09177,0.02016
3123.12755,0.02013
3122.16332,0.02044
3121.19910,0.02098
3120.23487,0.02148
3119.27064,0.02173
3118.30642,0.02166
3117.34219,0.02127
3116.37797,0.02063
3115.41374,0.01996
3114.44952,0.01951
3113.48529,0.01942
3112.52106,0.01958
3111.55684,0.01974
3110.59261,0.01981
3109.62839,0.01983
3108.66416,0.01991
3107.69993,0.01997
3106.73571,0.01991
3105.77148,0.01977
3104.80726,0.01976
3103.84303,0.02002
3102.87881,0.02042
3101.91458,0.02070
3100.95035,0.02075
3099.98613,0.02063
3099.02190,0.02045
3098.05768,0.02018
3097.09345,0.01977
3096.12922,0.01929
3095.16500,0.01895
3094.20077,0.01889
3093.23655,0.01908
3092.27232,0.01937
3091.30809,0.01967
3090.34387,0.01994
3089.37964,0.02015
3088.41542,0.02030
3087.45119,0.02042
3086.48697,0.02057
3085.52274,0.02074
3084.55851,0.02079
3083.59429,0.02059
3082.63006,0.02017
3081.66584,0.01969
3080.70161,0.01934
3079.73738,0.01910
3078.77316,0.01880
3077.80893,0.01828
3076.84471,0.01760
3075.88048,0.01700
3074.91626,0.01674
3073.95203,0.01687
3072.98780,0.01725
3072.02358,0.01766
3071.05935,0.01797
3070.09513,0.01822
3069.13090,0.01850
3068.16667,0.01878
3067.20245,0.01891
3066.23822,0.01884
3065.27400,0.01869
3064.30977,0.01873
3063.34554,0.01904
3062.38132,0.01947
3061.41709,0.01975
3060.45287,0.01973
3059.48864,0.01950
3058.52442,0.01920
3057.56019,0.01888
3056.59596,0.01853
3055.63174,0.01816
3054.66751,0.01788
3053.70329,0.01779
3052.73906,0.01792
3051.77483,0.01818
3050.81061,0.01850
3049.84638,0.01881
3048.88216,0.01904
3047.91793,0.01908
3046.95371,0.01880
3045.98948,0.01824
3045.02525,0.01759
3044.06103,0.01710
3043.09680,0.01699
3042.13258,0.01722
3041.16835,0.01756
3040.20412,0.01775
3039.23990,0.01768
3038.27567,0.01745
3037.31145,0.01727
3036.34722,0.01729
3035.38300,0.01750
3034.41877,0.01775
3033.45454,0.01790
3032.49032,0.01787
3031.52609,0.01764
3030.56187,0.01726
3029.59764,0.01681
3028.63341,0.01646
3027.66919,0.01636
3026.70496,0.01663
3025.74074,0.01721
3024.77651,0.01788
3023.81228,0.01839
3022.84806,0.01855
3021.88383,0.01840
3020.91961,0.01809
3019.95538,0.01782
3018.99116,0.01768
3018.02693,0.01757
3017.06270,0.01738
3016.09848,0.01705
3015.13425,0.01669
3014.17003,0.01642
3013.20580,0.01633
3012.24157,0.01639
3011.27735,0.01653
3010.31312,0.01666
3009.34890,0.01675
3008.38467,0.01680
3007.42045,0.01685
3006.45622,0.01696
3005.49199,0.01715
3004.52777,0.01738
3003.56354,0.01756
3002.59932,0.01760
3001.63509,0.01749
3000.67086,0.01728
2999.70664,0.01708
2998.74241,0.01693
2997.77819,0.01683
2996.81396,0.01672
2995.84974,0.01660
2994.88551,0.01647
2993.92128,0.01638
2992.95706,0.01632
2991.99283,0.01630
2991.02861,0.01632
2990.06438,0.01643
2989.10015,0.01664
2988.13593,0.01690
2987.17170,0.01712
2986.20748,0.01720
2985.24325,0.01710
2984.27902,0.01686
2983.31480,0.01656
2982.35057,0.01625
2981.38635,0.01602
2980.42212,0.01597
2979.45790,0.01612
2978.49367,0.01634
2977.52944,0.01646
2976.56522,0.01637
2975.60099,0.01617
2974.63677,0.01608
2973.67254,0.01622
2972.70831,0.01650
2971.74409,0.01673
2970.77986,0.01673
2969.81564,0.01654
2968.85141,0.01628
2967.88719,0.01612
2966.92296,0.01611
2965.95873,0.01623
2964.99451,0.01637
2964.03028,0.01645
2963.06606,0.01640
2962.10183,0.01621
2961.13760,0.01597
2960.17338,0.01575
2959.20915,0.01561
2958.24493,0.01555
2957.28070,0.01556
2956.31647,0.01558
2955.35225,0.01562
2954.38802,0.01567
2953.42380,0.01573
2952.45957,0.01582
2951.49535,0.01594
2950.53112,0.01608
2949.56689,0.01622
2948.60267,0.01630
2947.63844,0.01630
2946.67422,0.01625
2945.70999,0.01619
2944.74576,0.01618
2943.78154,0.01622
2942.81731,0.01629
2941.85309,0.01636
2940.88886,0.01644
2939.92464,0.01650
2938.96041,0.01655
2937.99618,0.01658
2937.03196,0.01660
2936.06773,0.01664
2935.10351,0.01664
2934.13928,0.01646
2933.17505,0.01609
2932.21083,0.01570
2931.24660,0.01554
2930.28238,0.01575
2929.31815,0.01613
2928.35393,0.01637
2927.38970,0.01630
2926.42547,0.01606
2925.46125,0.01589
2924.49702,0.01587
2923.53280,0.01591
2922.56857,0.01594
2921.60434,0.01603
2920.64012,0.01626
2919.67589,0.01652
2918.71167,0.01665
2917.74744,0.01656
2916.78321,0.01638
2915.81899,0.01627
2914.85476,0.01619
2913.89054,0.01603
2912.92631,0.01576
2911.96209,0.01553
2910.99786,0.01552
2910.03363,0.01568
2909.06941,0.01582
2908.10518,0.01573
2907.14096,0.01537
2906.17673,0.01479
2905.21250,0.01413
2904.24828,0.01359
2903.28405,0.01335
2902.31983,0.01349
2901.35560,0.01387
2900.39138,0.01418
2899.42715,0.01422
2898.46292,0.01401
2897.49870,0.01377
2896.53447,0.01369
2895.57025,0.01379
2894.60602,0.01404
2893.64179,0.01437
2892.67757,0.01470
2891.71334,0.01496
2890.74912,0.01506
2889.78489,0.01506
2888.82066,0.01510
2887.85644,0.01526
2886.89221,0.01550
2885.92799,0.01568
2884.96376,0.01567
2883.99954,0.01547
2883.03531,0.01515
2882.07108,0.01481
2881.10686,0.01457
2880.14263,0.01455
2879.17841,0.01474
2878.21418,0.01501
2877.24995,0.01519
2876.28573,0.01528
2875.32150,0.01541
2874.35728,0.01568
2873.39305,0.01596
2872.42883,0.01599
2871.46460,0.01567
2870.50037,0.01515
2869.53615,0.01470
2868.57192,0.01446
2867.60770,0.01438
2866.64347,0.01442
2865.67924,0.01464
2864.71502,0.01507
2863.75079,0.01557
2862.78657,0.01582
2861.82234,0.01562
2860.85812,0.01507
2859.89389,0.01448
2858.92966,0.01410
2857.96544,0.01405
2857.00121,0.01423
2856.03699,0.01454
2855.07276,0.01485
2854.10853,0.01500
2853.14431,0.01490
2852.18008,0.01462
2851.21586,0.01441
2850.25163,0.01451
2849.28740,0.01497
2848.32318,0.01554
2847.35895,0.01593
2846.39473,0.01601
2845.43050,0.01583
2844.46628,0.01549
2843.50205,0.01504
2842.53782,0.01452
2841.57360,0.01410
2840.60937,0.01396
2839.64515,0.01416
2838.68092,0.01454
2837.71669,0.01485
2836.75247,0.01499
2835.78824,0.01499
2834.82402,0.01491
2833.85979,0.01472
2832.89557,0.01442
2831.93134,0.01410
2830.96711,0.01394
2830.00289,0.01400
2829.03866,0.01419
2828.07444,0.01437
2827.11021,0.01453
2826.14598,0.01480
2825.18176,0.01519
2824.21753,0.01552
2823.25331,0.01558
2822.28908,0.01527
2821.32486,0.01474
2820.36063,0.01415
2819.39640,0.01366
2818.43218,0.01341
2817.46795,0.01352
2816.50373,0.01399
2815.53950,0.01454
2814.57527,0.01479
2813.61105,0.01450
2812.64682,0.01383
2811.68260,0.01320
2810.71837,0.01292
2809.75414,0.01301
2808.78992,0.01325
2807.82569,0.01345
2806.86147,0.01355
2805.89724,0.01361
2804.93302,0.01365
2803.96879,0.01367
2803.00456,0.01359
2802.04034,0.01338
2801.07611,0.01307
2800.11189,0.01280
2799.14766,0.01273
2798.18343,0.01294
2797.21921,0.01332
2796.25498,0.01365
2795.29076,0.01384
2794.32653,0.01400
2793.36231,0.01431
2792.39808,0.01481
2791.43385,0.01532
2790.46963,0.01564
2789.50540,0.01570
2788.54118,0.01558
2787.57695,0.01532
2786.61272,0.01490
2785.64850,0.01433
2784.68427,0.01379
2783.72005,0.01351
2782.75582,0.01364
2781.79159,0.01403
2780.82737,0.01436
2779.86314,0.01437
2778.89892,0.01406
2777.93469,0.01363
2776.97047,0.01328
2776.00624,0.01311
2775.04201,0.01311
2774.07779,0.01320
2773.11356,0.01335
2772.14934,0.01354
2771.18511,0.01377
2770.22088,0.01399
2769.25666,0.01414
2768.29243,0.01421
2767.32821,0.01428
2766.36398,0.01438
2765.39976,0.01447
2764.43553,0.01447
2763.47130,0.01431
2762.50708,0.01406
2761.54285,0.01387
2760.57863,0.01388
2759.61440,0.01411
2758.65017,0.01438
2757.68595,0.01448
2756.72172,0.01431
2755.75750,0.01397
2754.79327,0.01366
2753.82905,0.01351
2752.86482,0.01352
2751.90059,0.01359
2750.93637,0.01372
2749.97214,0.01393
2749.00792,0.01416
2748.04369,0.01427
2747.07946,0.01417
2746.11524,0.01392
2745.15101,0.01377
2744.18679,0.01386
2743.22256,0.01409
2742.25833,0.01423
2741.29411,0.01419
2740.32988,0.01410
2739.36566,0.01415
2738.40143,0.01436
2737.43721,0.01457
2736.47298,0.01465
2735.50875,0.01462
2734.54453,0.01461
2733.58030,0.01467
2732.61608,0.01472
2731.65185,0.01470
2730.68762,0.01458
2729.72340,0.01437
2728.75917,0.01409
2727.79495,0.01377
2726.83072,0.01351
2725.86650,0.01340
2724.90227,0.01343
2723.93804,0.01348
2722.97382,0.01348
2722.00959,0.01347
2721.04537,0.01355
2720.08114,0.01375
2719.11691,0.01395
2718.15269,0.01402
2717.18846,0.01397
2716.22424,0.01390
2715.26001,0.01391
2714.29579,0.01397
2713.33156,0.01406
2712.36733,0.01420
2711.40311,0.01443
2710.43888,0.01474
2709.47466,0.01496
2708.51043,0.01494
2707.54620,0.01464
2706.58198,0.01426
2705.61775,0.01404
2704.65353,0.01413
2703.68930,0.01451
2702.72507,0.01499
2701.76085,0.01536
2700.79662,0.01543
2699.83240,0.01513
2698.86817,0.01455
2697.90395,0.01392
2696.93972,0.01349
2695.97549,0.01340
2695.01127,0.01357
2694.04704,0.01382
2693.08282,0.01400
2692.11859,0.01410
2691.15436,0.01414
2690.19014,0.01419
2689.22591,0.01427
2688.26169,0.01438
2687.29746,0.01448
2686.33324,0.01449
2685.36901,0.01431
2684.40478,0.01399
2683.44056,0.01374
2682.47633,0.01376
2681.51211,0.01408
2680.54788,0.01444
2679.58365,0.01458
2678.61943,0.01447
2677.65520,0.01432
2676.69098,0.01437
2675.72675,0.01463
2674.76252,0.01490
2673.79830,0.01495
2672.83407,0.01470
2671.86985,0.01428
2670.90562,0.01389
2669.94140,0.01375
2668.97717,0.01393
2668.01294,0.01432
2667.04872,0.01464
2666.08449,0.01462
2665.12027,0.01422
2664.15604,0.01363
2663.19181,0.01320
2662.22759,0.01317
2661.26336,0.01351
2660.29914,0.01400
2659.33491,0.01442
2658.37069,0.01461
2657.40646,0.01459
2656.44223,0.01447
2655.47801,0.01437
2654.51378,0.01432
2653.54956,0.01426
2652.58533,0.01411
2651.62110,0.01384
2650.65688,0.01356
2649.69265,0.01338
2648.72843,0.01336
2647.76420,0.01346
2646.79998,0.01367
2645.83575,0.01396
2644.87152,0.01427
2643.90730,0.01448
2642.94307,0.01449
2641.97885,0.01429
2641.01462,0.01397
2640.05039,0.01370
2639.08617,0.01359
2638.12194,0.01371
2637.15772,0.01401
2636.19349,0.01433
2635.22926,0.01451
2634.26504,0.01446
2633.30081,0.01422
2632.33659,0.01392
2631.37236,0.01366
2630.40814,0.01348
2629.44391,0.01342
2628.47968,0.01353
2627.51546,0.01379
2626.55123,0.01410
2625.58701,0.01434
2624.62278,0.01444
2623.65855,0.01447
2622.69433,0.01448
2621.73010,0.01443
2620.76588,0.01424
2619.80165,0.01394
2618.83743,0.01373
2617.87320,0.01380
2616.90897,0.01412
2615.94475,0.01448
2614.98052,0.01462
2614.01630,0.01444
2613.05207,0.01405
2612.08784,0.01366
2611.12362,0.01347
2610.15939,0.01353
2609.19517,0.01373
2608.23094,0.01395
2607.26672,0.01412
2606.30249,0.01425
2605.33826,0.01436
2604.37404,0.01440
2603.40981,0.01434
2602.44559,0.01420
2601.48136,0.01413
2600.51713,0.01424
2599.55291,0.01448
2598.58868,0.01463
2597.62446,0.01460
2596.66023,0.01443
2595.69600,0.01426
2594.73178,0.01413
2593.76755,0.01400
2592.80333,0.01383
2591.83910,0.01371
2590.87488,0.01378
2589.91065,0.01407
2588.94642,0.01447
2587.98220,0.01484
2587.01797,0.01508
2586.05375,0.01516
2585.08952,0.01512
2584.12529,0.01504
2583.16107,0.01493
2582.19684,0.01476
2581.23262,0.01448
2580.26839,0.01407
2579.30417,0.01366
2578.33994,0.01341
2577.37571,0.01336
2576.41149,0.01342
2575.44726,0.01347
2574.48304,0.01352
2573.51881,0.01369
2572.55458,0.01400
2571.59036,0.01433
2570.62613,0.01453
2569.66191,0.01453
2568.69768,0.01441
2567.73345,0.01427
2566.76923,0.01417
2565.80500,0.01411
2564.84078,0.01414
2563.87655,0.01423
2562.91233,0.01432
2561.94810,0.01429
2560.98387,0.01412
2560.01965,0.01390
2559.05542,0.01377
2558.09120,0.01377
2557.12697,0.01390
2556.16274,0.01407
2555.19852,0.01424
2554.23429,0.01435
2553.27007,0.01437
2552.30584,0.01427
2551.34162,0.01406
2550.37739,0.01379
2549.41316,0.01352
2548.44894,0.01334
2547.48471,0.01334
2546.52049,0.01350
2545.55626,0.01372
2544.59203,0.01391
2543.62781,0.01406
2542.66358,0.01429
2541.69936,0.01460
2540.73513,0.01484
2539.77091,0.01483
2538.80668,0.01453
2537.84245,0.01418
2536.87823,0.01403
2535.91400,0.01416
2534.94978,0.01440
2533.98555,0.01458
2533.02132,0.01465
2532.05710,0.01459
2531.09287,0.01438
2530.12865,0.01397
2529.16442,0.01346
2528.20019,0.01307
2527.23597,0.01301
2526.27174,0.01328
2525.30752,0.01371
2524.34329,0.01411
2523.37907,0.01437
2522.41484,0.01447
2521.45061,0.01445
2520.48639,0.01435
2519.52216,0.01418
2518.55794,0.01397
2517.59371,0.01377
2516.62948,0.01366
2515.66526,0.01370
2514.70103,0.01387
2513.73681,0.01407
2512.77258,0.01418
2511.80836,0.01418
2510.84413,0.01415
2509.87990,0.01416
2508.91568,0.01420
2507.95145,0.01423
2506.98723,0.01424
2506.02300,0.01427
2505.05877,0.01433
2504.09455,0.01435
2503.13032,0.01428
2502.16610,0.01420
2501.20187,0.01427
2500.23764,0.01453
2499.27342,0.01486
2498.30919,0.01506
2497.34497,0.01504
2496.38074,0.01486
2495.41652,0.01462
2494.45229,0.01436
2493.48806,0.01409
2492.52384,0.01386
2491.55961,0.01376
2490.59539,0.01383
2489.63116,0.01402
2488.66693,0.01423
2487.70271,0.01440
2486.73848,0.01452
2485.77426,0.01461
2484.81003,0.01466
2483.84581,0.01464
2482.88158,0.01452
2481.91735,0.01429
2480.95313,0.01403
2479.98890,0.01384
2479.02468,0.01381
2478.06045,0.01391
2477.09622,0.01399
2476.13200,0.01391
2475.16777,0.01366
2474.20355,0.01339
2473.23932,0.01322
2472.27510,0.01320
2471.31087,0.01330
2470.34664,0.01351
2469.38242,0.01382
2468.41819,0.01416
2467.45397,0.01436
2466.48974,0.01433
2465.52551,0.01414
2464.56129,0.01400
2463.59706,0.01403
2462.63284,0.01420
2461.66861,0.01432
2460.70438,0.01430
2459.74016,0.01421
2458.77593,0.01423
2457.81171,0.01445
2456.84748,0.01482
2455.88326,0.01516
2454.91903,0.01532
2453.95480,0.01526
2452.99058,0.01506
2452.02635,0.01487
2451.06213,0.01480
2450.09790,0.01485
2449.13367,0.01490
2448.16945,0.01484
2447.20522,0.01464
2446.24100,0.01436
2445.27677,0.01409
2444.31255,0.01387
2443.34832,0.01372
2442.38409,0.01361
2441.41987,0.01354
2440.45564,0.01350
2439.49142,0.01349
2438.52719,0.01350
2437.56296,0.01361
2436.59874,0.01387
2435.63451,0.01432
2434.67029,0.01486
2433.70606,0.01528
2432.74184,0.01541
2431.77761,0.01521
2430.81338,0.01483
2429.84916,0.01449
2428.88493,0.01434
2427.92071,0.01437
2426.95648,0.01444
2425.99225,0.01443
2425.02803,0.01429
2424.06380,0.01407
2423.09958,0.01387
2422.13535,0.01381
2421.17112,0.01396
2420.20690,0.01424
2419.24267,0.01451
2418.27845,0.01464
2417.31422,0.01460
2416.35000,0.01449
2415.38577,0.01442
2414.42154,0.01441
2413.45732,0.01441
2412.49309,0.01438
2411.52887,0.01432
2410.56464,0.01430
2409.60041,0.01430
2408.63619,0.01429
2407.67196,0.01426
2406.70774,0.01425
2405.74351,0.01434
2404.77929,0.01452
2403.81506,0.01475
2402.85083,0.01494
2401.88661,0.01506
2400.92238,0.01511
2399.95816,0.01509
2398.99393,0.01502
2398.02970,0.01496
2397.06548,0.01489
2396.10125,0.01478
2395.13703,0.01457
2394.17280,0.01429
2393.20857,0.01408
2392.24435,0.01409
2391.28012,0.01433
2390.31590,0.01463
2389.35167,0.01479
2388.38745,0.01475
2387.42322,0.01458
2386.45899,0.01436
2385.49477,0.01416
2384.53054,0.01399
2383.56632,0.01391
2382.60209,0.01401
2381.63786,0.01425
2380.67364,0.01450
2379.70941,0.01463
2378.74519,0.01469
2377.78096,0.01480
2376.81674,0.01506
2375.85251,0.01535
2374.88828,0.01550
2373.92406,0.01544
2372.95983,0.01525
2371.99561,0.01507
2371.03138,0.01493
2370.06715,0.01474
2369.10293,0.01450
2368.13870,0.01433
2367.17448,0.01432
2366.21025,0.01440
2365.24603,0.01442
2364.28180,0.01433
2363.31757,0.01426
2362.35335,0.01436
2361.38912,0.01456
2360.42490,0.01460
2359.46067,0.01429
2358.49644,0.01376
2357.53222,0.01334
2356.56799,0.01331
2355.60377,0.01365
2354.63954,0.01418
2353.67531,0.01468
2352.71109,0.01500
2351.74686,0.01510
2350.78264,0.01499
2349.81841,0.01477
2348.85419,0.01459
2347.88996,0.01459
2346.92573,0.01473
2345.96151,0.01485
2344.99728,0.01479
2344.03306,0.01459
2343.06883,0.01445
2342.10460,0.01452
2341.14038,0.01474
2340.17615,0.01487
2339.21193,0.01474
2338.24770,0.01442
2337.28348,0.01415
2336.31925,0.01410
2335.35502,0.01427
2334.39080,0.01452
2333.42657,0.01473
2332.46235,0.01491
2331.49812,0.01508
2330.53389,0.01521
2329.56967,0.01519
2328.60544,0.01493
2327.64122,0.01448
2326.67699,0.01403
2325.71277,0.01379
2324.74854,0.01385
2323.78431,0.01415
2322.82009,0.01453
2321.85586,0.01484
2320.89164,0.01502
2319.92741,0.01512
2318.96318,0.01517
2317.99896,0.01516
2317.03473,0.01503
2316.07051,0.01482
2315.10628,0.01464
2314.14205,0.01462
2313.17783,0.01472
2312.21360,0.01473
2311.24938,0.01448
2310.28515,0.01400
2309.32093,0.01358
2308.35670,0.01348
2307.39247,0.01371
2306.42825,0.01405
2305.46402,0.01425
2304.49980,0.01424
2303.53557,0.01412
2302.57134,0.01402
2301.60712,0.01398
2300.64289,0.01397
2299.67867,0.01397
2298.71444,0.01402
2297.75022,0.01423
2296.78599,0.01458
2295.82176,0.01494
2294.85754,0.01513
2293.89331,0.01506
2292.92909,0.01483
2291.96486,0.01463
2291.00063,0.01454
2290.03641,0.01451
2289.07218,0.01439
2288.10796,0.01413
2287.14373,0.01381
2286.17950,0.01352
2285.21528,0.01333
2284.25105,0.01324
2283.28683,0.01325
2282.32260,0.01335
2281.35838,0.01348
2280.39415,0.01357
2279.42992,0.01361
2278.46570,0.01367
2277.50147,0.01384
2276.53725,0.01408
2275.57302,0.01427
2274.60879,0.01430
2273.64457,0.01420
2272.68034,0.01406
2271.71612,0.01393
2270.75189,0.01378
2269.78767,0.01364
2268.82344,0.01356
2267.85921,0.01359
2266.89499,0.01364
2265.93076,0.01362
2264.96654,0.01359
2264.00231,0.01368
2263.03808,0.01395
2262.07386,0.01424
2261.10963,0.01438
2260.14541,0.01437
2259.18118,0.01432
2258.21696,0.01430
2257.25273,0.01420
2256.28850,0.01398
2255.32428,0.01378
2254.36005,0.01384
2253.39583,0.01419
2252.43160,0.01458
2251.46737,0.01483
2250.50315,0.01513
2249.53892,0.01581
2248.57470,0.01686
2247.61047,0.01774
2246.64624,0.01779
2245.68202,0.01683
2244.71779,0.01541
2243.75357,0.01426
2242.78934,0.01374
2241.82512,0.01373
2240.86089,0.01391
2239.89666,0.01409
2238.93244,0.01420
2237.96821,0.01421
2237.00399,0.01413
2236.03976,0.01401
2235.07553,0.01399
2234.11131,0.01414
2233.14708,0.01436
2232.18286,0.01451
2231.21863,0.01452
2230.25441,0.01447
2229.29018,0.01447
2228.32595,0.01456
2227.36173,0.01468
2226.39750,0.01473
2225.43328,0.01464
2224.46905,0.01440
2223.50482,0.01404
2222.54060,0.01366
2221.57637,0.01337
2220.61215,0.01328
2219.64792,0.01341
2218.68369,0.01369
2217.71947,0.01393
2216.75524,0.01396
2215.79102,0.01374
2214.82679,0.01341
2213.86257,0.01323
2212.89834,0.01336
2211.93411,0.01374
2210.96989,0.01408
2210.00566,0.01414
2209.04144,0.01394
2208.07721,0.01367
2207.11298,0.01354
2206.14876,0.01359
2205.18453,0.01373
2204.22031,0.01393
2203.25608,0.01421
2202.29186,0.01458
2201.32763,0.01498
2200.36340,0.01523
2199.39918,0.01524
2198.43495,0.01504
2197.47073,0.01475
2196.50650,0.01451
2195.54227,0.01440
2194.57805,0.01444
2193.61382,0.01456
2192.64960,0.01467
2191.68537,0.01470
2190.72115,0.01465
2189.75692,0.01454
2188.79269,0.01442
2187.82847,0.01429
2186.86424,0.01416
2185.90002,0.01406
2184.93579,0.01399
2183.97156,0.01388
2183.00734,0.01367
2182.04311,0.01340
2181.07889,0.01322
2180.11466,0.01322
2179.15043,0.01338
2178.18621,0.01355
2177.22198,0.01368
2176.25776,0.01380
2175.29353,0.01398
2174.32931,0.01419
2173.36508,0.01433
2172.40085,0.01436
2171.43663,0.01439
2170.47240,0.01450
2169.50818,0.01469
2168.54395,0.01480
2167.57972,0.01475
2166.61550,0.01459
2165.65127,0.01445
2164.68705,0.01441
2163.72282,0.01448
2162.75860,0.01465
2161.79437,0.01491
2160.83014,0.01523
2159.86592,0.01554
2158.90169,0.01574
2157.93747,0.01579
2156.97324,0.01567
2156.00901,0.01535
2155.04479,0.01485
2154.08056,0.01427
2153.11634,0.01384
2152.15211,0.01379
2151.18789,0.01412
2150.22366,0.01463
2149.25943,0.01506
2148.29521,0.01522
2147.33098,0.01512
2146.36676,0.01485
2145.40253,0.01456
2144.43830,0.01434
2143.47408,0.01425
2142.50985,0.01428
2141.54563,0.01435
2140.58140,0.01438
2139.61717,0.01434
2138.65295,0.01427
2137.68872,0.01422
2136.72450,0.01421
2135.76027,0.01424
2134.79605,0.01434
2133.83182,0.01450
2132.86759,0.01467
2131.90337,0.01480
2130.93914,0.01484
2129.97492,0.01487
2129.01069,0.01494
2128.04646,0.01506
2127.08224,0.01516
2126.11801,0.01519
2125.15379,0.01518
2124.18956,0.01519
2123.22534,0.01521
2122.26111,0.01513
2121.29688,0.01488
2120.33266,0.01452
2119.36843,0.01419
2118.40421,0.01402
2117.43998,0.01406
2116.47575,0.01423
2115.51153,0.01445
2114.54730,0.01465
2113.58308,0.01481
2112.61885,0.01487
2111.65462,0.01480
2110.69040,0.01458
2109.72617,0.01425
2108.76195,0.01394
2107.79772,0.01378
2106.83350,0.01380
2105.86927,0.01391
2104.90504,0.01397
2103.94082,0.01387
2102.97659,0.01367
2102.01237,0.01349
2101.04814,0.01345
2100.08391,0.01357
2099.11969,0.01379
2098.15546,0.01404
2097.19124,0.01427
2096.22701,0.01443
2095.26279,0.01450
2094.29856,0.01448
2093.33433,0.01437
2092.37011,0.01421
2091.40588,0.01409
2090.44166,0.01408
2089.47743,0.01419
2088.51320,0.01434
2087.54898,0.01438
2086.58475,0.01428
2085.62053,0.01418
2084.65630,0.01427
2083.69208,0.01457
2082.72785,0.01492
2081.76362,0.01508
2080.79940,0.01499
2079.83517,0.01477
2078.87095,0.01456
2077.90672,0.01440
2076.94249,0.01420
2075.97827,0.01395
2075.01404,0.01372
2074.04982,0.01360
2073.08559,0.01357
2072.12136,0.01354
2071.15714,0.01350
2070.19291,0.01349
2069.22869,0.01356
2068.26446,0.01370
2067.30024,0.01385
2066.33601,0.01396
2065.37178,0.01403
2064.40756,0.01406
2063.44333,0.01403
2062.47911,0.01392
2061.51488,0.01380
2060.55065,0.01376
2059.58643,0.01389
2058.62220,0.01416
2057.65798,0.01448
2056.69375,0.01474
2055.72953,0.01487
2054.76530,0.01491
2053.80107,0.01491
2052.83685,0.01492
2051.87262,0.01490
2050.90840,0.01478
2049.94417,0.01456
2048.97994,0.01435
2048.01572,0.01424
2047.05149,0.01426
2046.08727,0.01431
2045.12304,0.01435
2044.15882,0.01439
2043.19459,0.01447
2042.23036,0.01453
2041.26614,0.01447
2040.30191,0.01426
2039.33769,0.01399
2038.37346,0.01378
2037.40923,0.01366
2036.44501,0.01355
2035.48078,0.01344
2034.51656,0.01340
2033.55233,0.01351
2032.58810,0.01371
2031.62388,0.01390
2030.65965,0.01400
2029.69543,0.01403
2028.73120,0.01405
2027.76698,0.01401
2026.80275,0.01385
2025.83852,0.01359
2024.87430,0.01338
2023.91007,0.01331
2022.94585,0.01341
2021.98162,0.01358
2021.01739,0.01377
2020.05317,0.01396
2019.08894,0.01417
2018.12472,0.01434
2017.16049,0.01442
2016.19627,0.01444
2015.23204,0.01446
2014.26781,0.01453
2013.30359,0.01459
2012.33936,0.01458
2011.37514,0.01444
2010.41091,0.01418
2009.44668,0.01386
2008.48246,0.01356
2007.51823,0.01333
2006.55401,0.01318
2005.58978,0.01312
2004.62555,0.01315
2003.66133,0.01330
2002.69710,0.01353
2001.73288,0.01377
2000.76865,0.01391
1999.80443,0.01392
1998.84020,0.01392
1997.87597,0.01401
1996.91175,0.01422
1995.94752,0.01447
1994.98330,0.01462
1994.01907,0.01460
1993.05484,0.01439
1992.09062,0.01406
1991.12639,0.01372
1990.16217,0.01352
1989.19794,0.01349
1988.23372,0.01357
1987.26949,0.01360
1986.30526,0.01353
1985.34104,0.01345
1984.37681,0.01350
1983.41259,0.01368
1982.44836,0.01382
1981.48413,0.01379
1980.51991,0.01366
1979.55568,0.01359
1978.59146,0.01367
1977.62723,0.01383
1976.66301,0.01394
1975.69878,0.01396
1974.73455,0.01390
1973.77033,0.01375
1972.80610,0.01346
1971.84188,0.01310
1970.87765,0.01283
1969.91342,0.01279
1968.94920,0.01293
1967.98497,0.01312
1967.02075,0.01324
1966.05652,0.01329
1965.09229,0.01335
1964.12807,0.01346
1963.16384,0.01357
1962.19962,0.01366
1961.23539,0.01376
1960.27117,0.01387
1959.30694,0.01400
1958.34271,0.01408
1957.37849,0.01409
1956.41426,0.01404
1955.45004,0.01396
1954.48581,0.01391
1953.52158,0.01394
1952.55736,0.01406
1951.59313,0.01415
1950.62891,0.01410
1949.66468,0.01385
1948.70046,0.01349
1947.73623,0.01317
1946.77200,0.01293
1945.80778,0.01270
1944.84355,0.01245
1943.87933,0.01226
1942.91510,0.01229
1941.95087,0.01257
1940.98665,0.01295
1940.02242,0.01324
1939.05820,0.01332
1938.09397,0.01324
1937.12974,0.01316
1936.16552,0.01322
1935.20129,0.01348
1934.23707,0.01384
1933.27284,0.01415
1932.30862,0.01426
1931.34439,0.01419
1930.38016,0.01407
1929.41594,0.01409
1928.45171,0.01428
1927.48749,0.01449
1926.52326,0.01450
1925.55903,0.01421
1924.59481,0.01364
1923.63058,0.01300
1922.66636,0.01252
1921.70213,0.01237
1920.73791,0.01256
1919.77368,0.01293
1918.80945,0.01329
1917.84523,0.01350
1916.88100,0.01357
1915.91678,0.01356
1914.95255,0.01350
1913.98832,0.01340
1913.02410,0.01327
1912.05987,0.01318
1911.09565,0.01316
1910.13142,0.01317
1909.16720,0.01314
1908.20297,0.01304
1907.23874,0.01291
1906.27452,0.01281
1905.31029,0.01276
1904.34607,0.01278
1903.38184,0.01289
1902.41761,0.01308
1901.45339,0.01329
1900.48916,0.01341
1899.52494,0.01339
1898.56071,0.01326
1897.59648,0.01314
1896.63226,0.01312
1895.66803,0.01323
1894.70381,0.01343
1893.73958,0.01367
1892.77536,0.01386
1891.81113,0.01393
1890.84690,0.01388
1889.88268,0.01374
1888.91845,0.01359
1887.95423,0.01350
1886.99000,0.01350
1886.02577,0.01358
1885.06155,0.01370
1884.09732,0.01378
1883.13310,0.01380
1882.16887,0.01380
1881.20465,0.01384
1880.24042,0.01388
1879.27619,0.01382
1878.31197,0.01356
1877.34774,0.01318
1876.38352,0.01290
1875.41929,0.01287
1874.45506,0.01298
1873.49084,0.01306
1872.52661,0.01304
1871.56239,0.01303
1870.59816,0.01315
1869.63394,0.01334
1868.66971,0.01340
1867.70548,0.01326
1866.74126,0.01305
1865.77703,0.01294
1864.81281,0.01296
1863.84858,0.01301
1862.88435,0.01300
1861.92013,0.01300
1860.95590,0.01308
1859.99168,0.01325
1859.02745,0.01341
1858.06322,0.01352
1857.09900,0.01355
1856.13477,0.01352
1855.17055,0.01343
1854.20632,0.01330
1853.24210,0.01319
1852.27787,0.01316
1851.31364,0.01320
1850.34942,0.01325
1849.38519,0.01330
1848.42097,0.01339
1847.45674,0.01348
1846.49251,0.01344
1845.52829,0.01321
1844.56406,0.01287
1843.59984,0.01266
1842.63561,0.01275
1841.67139,0.01306
1840.70716,0.01334
1839.74293,0.01342
1838.77871,0.01328
1837.81448,0.01301
1836.85026,0.01272
1835.88603,0.01254
1834.92180,0.01256
1833.95758,0.01283
1832.99335,0.01327
1832.02913,0.01366
1831.06490,0.01382
1830.10067,0.01373
1829.13645,0.01350
1828.17222,0.01328
1827.20800,0.01316
1826.24377,0.01314
1825.27955,0.01319
1824.31532,0.01325
1823.35109,0.01326
1822.38687,0.01321
1821.42264,0.01318
1820.45842,0.01324
1819.49419,0.01335
1818.52996,0.01339
1817.56574,0.01333
1816.60151,0.01327
1815.63729,0.01333
1814.67306,0.01351
1813.70884,0.01365
1812.74461,0.01363
1811.78038,0.01345
1810.81616,0.01324
1809.85193,0.01310
1808.88771,0.01304
1807.92348,0.01305
1806.95925,0.01312
1805.99503,0.01327
1805.03080,0.01346
1804.06658,0.01359
1803.10235,0.01361
1802.13813,0.01355
1801.17390,0.01348
1800.20967,0.01343
1799.24545,0.01341
1798.28122,0.01342
1797.31700,0.01346
1796.35277,0.01352
1795.38854,0.01359
1794.42432,0.01365
1793.46009,0.01371
1792.49587,0.01378
1791.53164,0.01383
1790.56741,0.01383
1789.60319,0.01374
1788.63896,0.01362
1787.67474,0.01356
1786.71051,0.01362
1785.74629,0.01378
1784.78206,0.01393
1783.81783,0.01399
1782.85361,0.01394
1781.88938,0.01384
1780.92516,0.01379
1779.96093,0.01385
1778.99670,0.01394
1778.03248,0.01398
1777.06825,0.01393
1776.10403,0.01382
1775.13980,0.01371
1774.17558,0.01365
1773.21135,0.01362
1772.24712,0.01364
1771.28290,0.01374
1770.31867,0.01395
1769.35445,0.01416
1768.39022,0.01426
1767.42599,0.01419
1766.46177,0.01400
1765.49754,0.01383
1764.53332,0.01374
1763.56909,0.01369
1762.60487,0.01362
1761.64064,0.01355
1760.67641,0.01355
1759.71219,0.01370
1758.74796,0.01395
1757.78374,0.01420
1756.81951,0.01435
1755.85528,0.01441
1754.89106,0.01447
1753.92683,0.01462
1752.96261,0.01485
1751.99838,0.01506
1751.03415,0.01511
1750.06993,0.01501
1749.10570,0.01492
1748.14148,0.01501
1747.17725,0.01533
1746.21303,0.01577
1745.24880,0.01616
1744.28457,0.01635
1743.32035,0.01634
1742.35612,0.01614
1741.39190,0.01580
1740.42767,0.01540
1739.46344,0.01507
1738.49922,0.01491
1737.53499,0.01494
1736.57077,0.01508
1735.60654,0.01524
1734.64232,0.01541
1733.67809,0.01560
1732.71386,0.01582
1731.74964,0.01603
1730.78541,0.01623
1729.82119,0.01642
1728.85696,0.01664
1727.89273,0.01683
1726.92851,0.01691
1725.96428,0.01683
1725.00006,0.01664
1724.03583,0.01649
1723.07160,0.01651
1722.10738,0.01671
1721.14315,0.01704
1720.17893,0.01738
1719.21470,0.01765
1718.25048,0.01779
1717.28625,0.01779
1716.32202,0.01773
1715.35780,0.01772
1714.39357,0.01780
1713.42935,0.01793
1712.46512,0.01804
1711.50089,0.01805
1710.53667,0.01797
1709.57244,0.01789
1708.60822,0.01786
1707.64399,0.01792
1706.67977,0.01804
1705.71554,0.01819
1704.75131,0.01835
1703.78709,0.01851
1702.82286,0.01868
1701.85864,0.01882
1700.89441,0.01887
1699.93018,0.01886
1698.96596,0.01887
1698.00173,0.01899
1697.03751,0.01921
1696.07328,0.01938
1695.10906,0.01933
1694.14483,0.01908
1693.18060,0.01880
1692.21638,0.01865
1691.25215,0.01870
1690.28793,0.01886
1689.32370,0.01908
1688.35947,0.01937
1687.39525,0.01979
1686.43102,0.02029
1685.46680,0.02071
1684.50257,0.02089
1683.53834,0.02076
1682.57412,0.02043
1681.60989,0.02003
1680.64567,0.01966
1679.68144,0.01941
1678.71722,0.01934
1677.75299,0.01946
1676.78876,0.01969
1675.82454,0.01993
1674.86031,0.02015
1673.89609,0.02034
1672.93186,0.02050
1671.96763,0.02057
1671.00341,0.02053
1670.03918,0.02048
1669.07496,0.02053
1668.11073,0.02074
1667.14651,0.02100
1666.18228,0.02116
1665.21805,0.02115
1664.25383,0.02105
1663.28960,0.02096
1662.32538,0.02090
1661.36115,0.02087
1660.39692,0.02086
1659.43270,0.02090
1658.46847,0.02097
1657.50425,0.02103
1656.54002,0.02103
1655.57579,0.02104
1654.61157,0.02113
1653.64734,0.02130
1652.68312,0.02143
1651.71889,0.02139
1650.75467,0.02117
1649.79044,0.02091
1648.82621,0.02078
1647.86199,0.02085
1646.89776,0.02105
1645.93354,0.02125
1644.96931,0.02131
1644.00508,0.02118
1643.04086,0.02089
1642.07663,0.02058
1641.11241,0.02040
1640.14818,0.02039
1639.18396,0.02048
1638.21973,0.02050
1637.25550,0.02037
1636.29128,0.02012
1635.32705,0.01982
1634.36283,0.01955
1633.39860,0.01935
1632.43437,0.01925
1631.47015,0.01924
1630.50592,0.01927
1629.54170,0.01921
1628.57747,0.01904
1627.61325,0.01884
1626.64902,0.01876
1625.68479,0.01884
1624.72057,0.01896
1623.75634,0.01897
1622.79212,0.01887
1621.82789,0.01876
1620.86366,0.01881
1619.89944,0.01898
1618.93521,0.01914
1617.97099,0.01909
1617.00676,0.01883
1616.04253,0.01852
1615.07831,0.01834
1614.11408,0.01836
1613.14986,0.01844
1612.18563,0.01840
1611.22141,0.01815
1610.25718,0.01777
1609.29295,0.01738
1608.32873,0.01705
1607.36450,0.01677
1606.40028,0.01652
1605.43605,0.01638
1604.47182,0.01639
1603.50760,0.01654
1602.54337,0.01670
1601.57915,0.01676
1600.61492,0.01669
1599.65070,0.01654
1598.68647,0.01639
1597.72224,0.01623
1596.75802,0.01609
1595.79379,0.01606
1594.82957,0.01620
1593.86534,0.01649
1592.90111,0.01676
1591.93689,0.01689
1590.97266,0.01682
1590.00844,0.01661
1589.04421,0.01632
1588.07999,0.01606
1587.11576,0.01591
1586.15153,0.01594
1585.18731,0.01612
1584.22308,0.01630
1583.25886,0.01633
1582.29463,0.01621
1581.33040,0.01606
1580.36618,0.01596
1579.40195,0.01587
1578.43773,0.01567
1577.47350,0.01535
1576.50927,0.01502
1575.54505,0.01484
1574.58082,0.01487
1573.61660,0.01505
1572.65237,0.01528
1571.68815,0.01548
1570.72392,0.01558
1569.75969,0.01550
1568.79547,0.01525
1567.83124,0.01492
1566.86702,0.01468
1565.90279,0.01460
1564.93856,0.01464
1563.97434,0.01469
1563.01011,0.01469
1562.04589,0.01468
1561.08166,0.01474
1560.11744,0.01493
1559.15321,0.01518
1558.18898,0.01531
1557.22476,0.01513
1556.26053,0.01464
1555.29631,0.01405
1554.33208,0.01369
1553.36785,0.01377
1552.40363,0.01420
1551.43940,0.01465
1550.47518,0.01483
1549.51095,0.01469
1548.54672,0.01442
1547.58250,0.01424
1546.61827,0.01429
1545.65405,0.01452
1544.68982,0.01479
1543.72560,0.01495
1542.76137,0.01493
1541.79714,0.01476
1540.83292,0.01453
1539.86869,0.01431
1538.90447,0.01411
1537.94024,0.01391
1536.97601,0.01377
1536.01179,0.01376
1535.04756,0.01390
1534.08334,0.01407
1533.11911,0.01414
1532.15489,0.01402
1531.19066,0.01378
1530.22643,0.01354
1529.26221,0.01337
1528.29798,0.01328
1527.33376,0.01328
1526.36953,0.01343
1525.40530,0.01367
1524.44108,0.01390
1523.47685,0.01402
1522.51263,0.01401
1521.54840,0.01395
1520.58418,0.01386
1519.61995,0.01373
1518.65572,0.01354
1517.69150,0.01336
1516.72727,0.01329
1515.76305,0.01333
1514.79882,0.01336
1513.83459,0.01327
1512.87037,0.01306
1511.90614,0.01290
1510.94192,0.01291
1509.97769,0.01311
1509.01346,0.01338
1508.04924,0.01359
1507.08501,0.01363
1506.12079,0.01343
1505.15656,0.01307
1504.19234,0.01274
1503.22811,0.01265
1502.26388,0.01285
1501.29966,0.01321
1500.33543,0.01353
1499.37121,0.01370
1498.40698,0.01369
1497.44275,0.01355
1496.47853,0.01328
1495.51430,0.01293
1494.55008,0.01258
1493.58585,0.01233
1492.62163,0.01218
1491.65740,0.01206
1490.69317,0.01195
1489.72895,0.01196
1488.76472,0.01218
1487.80050,0.01243
1486.83627,0.01238
1485.87204,0.01185
1484.90782,0.01103
1483.94359,0.01033
1482.97937,0.01004
1482.01514,0.01012
1481.05092,0.01031
1480.08669,0.01038
1479.12246,0.01027
1478.15824,0.01007
1477.19401,0.00996
1476.22979,0.01004
1475.26556,0.01031
1474.30133,0.01062
1473.33711,0.01072
1472.37288,0.01052
1471.40866,0.01017
1470.44443,0.00986
1469.48020,0.00964
1468.51598,0.00943
1467.55175,0.00922
1466.58753,0.00918
1465.62330,0.00943
1464.65908,0.00978
1463.69485,0.00987
1462.73062,0.00960
1461.76640,0.00929
1460.80217,0.00927
1459.83795,0.00949
1458.87372,0.00956
1457.90949,0.00924
1456.94527,0.00872
1455.98104,0.00831
1455.01682,0.00804
1454.05259,0.00769
1453.08837,0.00719
1452.12414,0.00675
1451.15991,0.00656
1450.19569,0.00648
1449.23146,0.00625
1448.26724,0.00595
1447.30301,0.00597
1446.33878,0.00652
1445.37456,0.00735
1444.41033,0.00794
1443.44611,0.00802
1442.48188,0.00778
1441.51765,0.00751
1440.55343,0.00730
1439.58920,0.00709
1438.62498,0.00687
1437.66075,0.00678
1436.69653,0.00691
1435.73230,0.00729
1434.76807,0.00791
1433.80385,0.00875
1432.83962,0.00966
1431.87540,0.01031
1430.91117,0.01038
1429.94694,0.00993
1428.98272,0.00942
1428.01849,0.00935
1427.05427,0.00982
1426.09004,0.01048
1425.12582,0.01088
1424.16159,0.01086
1423.19736,0.01061
1422.23314,0.01042
1421.26891,0.01039
1420.30469,0.01040
1419.34046,0.01029
1418.37623,0.01008
1417.41201,0.00992
1416.44778,0.00998
1415.48356,0.01022
1414.51933,0.01046
1413.55511,0.01050
1412.59088,0.01031
1411.62665,0.01001
1410.66243,0.00980
1409.69820,0.00978
1408.73398,0.00989
1407.76975,0.00993
1406.80552,0.00974
1405.84130,0.00931
1404.87707,0.00884
1403.91285,0.00859
1402.94862,0.00868
1401.98439,0.00893
1401.02017,0.00906
1400.05594,0.00897
1399.09172,0.00881
1398.12749,0.00877
1397.16327,0.00889
1396.19904,0.00898
1395.23481,0.00888
1394.27059,0.00860
1393.30636,0.00827
1392.34214,0.00802
1391.37791,0.00785
1390.41368,0.00779
1389.44946,0.00788
1388.48523,0.00816
1387.52101,0.00850
1386.55678,0.00876
1385.59256,0.00887
1384.62833,0.00886
1383.66410,0.00880
1382.69988,0.00867
1381.73565,0.00844
1380.77143,0.00815
1379.80720,0.00784
1378.84297,0.00760
1377.87875,0.00748
1376.91452,0.00757
1375.95030,0.00789
1374.98607,0.00833
1374.02184,0.00869
1373.05762,0.00888
1372.09339,0.00897
1371.12917,0.00911
1370.16494,0.00928
1369.20072,0.00931
1368.23649,0.00913
1367.27226,0.00888
1366.30804,0.00876
1365.34381,0.00879
1364.37959,0.00881
1363.41536,0.00878
1362.45113,0.00885
1361.48691,0.00914
1360.52268,0.00953
1359.55846,0.00977
1358.59423,0.00980
1357.63001,0.00979
1356.66578,0.00981
1355.70155,0.00966
1354.73733,0.00910
1353.77310,0.00819
1352.80888,0.00735
1351.84465,0.00700
1350.88042,0.00722
1349.91620,0.00777
1348.95197,0.00839
1347.98775,0.00897
1347.02352,0.00947
1346.05930,0.00984
1345.09507,0.01006
1344.13084,0.01016
1343.16662,0.01008
1342.20239,0.00966
1341.23817,0.00886
1340.27394,0.00797
1339.30971,0.00749
1338.34549,0.00767
1337.38126,0.00824
1336.41704,0.00864
1335.45281,0.00855
1334.48858,0.00820
1333.52436,0.00797
1332.56013,0.00806
1331.59591,0.00838
1330.63168,0.00877
1329.66746,0.00913
1328.70323,0.00933
1327.73900,0.00918
1326.77478,0.00867
1325.81055,0.00811
1324.84633,0.00792
1323.88210,0.00826
1322.91787,0.00878
1321.95365,0.00897
1320.98942,0.00862
1320.02520,0.00794
1319.06097,0.00728
1318.09675,0.00684
1317.13252,0.00659
1316.16829,0.00653
1315.20407,0.00671
1314.23984,0.00715
1313.27562,0.00771
1312.31139,0.00812
1311.34716,0.00814
1310.38294,0.00777
1309.41871,0.00727
1308.45449,0.00701
1307.49026,0.00725
1306.52604,0.00792
1305.56181,0.00870
1304.59758,0.00923
1303.63336,0.00936
1302.66913,0.00924
1301.70491,0.00908
1300.74068,0.00900
1299.77645,0.00893
1298.81223,0.00872
1297.84800,0.00825
1296.88378,0.00757
1295.91955,0.00692
1294.95532,0.00671
1293.99110,0.00722
1293.02687,0.00834
1292.06265,0.00957
1291.09842,0.01038
1290.13420,0.01060
1289.16997,0.01046
1288.20574,0.01030
1287.24152,0.01024
1286.27729,0.01019
1285.31307,0.01008
1284.34884,0.00993
1283.38461,0.00977
1282.42039,0.00953
1281.45616,0.00910
1280.49194,0.00857
1279.52771,0.00815
1278.56349,0.00802
1277.59926,0.00808
1276.63503,0.00807
1275.67081,0.00785
1274.70658,0.00754
1273.74236,0.00738
1272.77813,0.00742
1271.81390,0.00757
1270.84968,0.00778
1269.88545,0.00824
1268.92123,0.00912
1267.95700,0.01021
1266.99277,0.01093
1266.02855,0.01069
1265.06432,0.00952
1264.10010,0.00810
1263.13587,0.00726
1262.17165,0.00727
1261.20742,0.00775
1260.24319,0.00813
1259.27897,0.00820
1258.31474,0.00812
1257.35052,0.00808
1256.38629,0.00808
1255.42206,0.00799
1254.45784,0.00781
1253.49361,0.00768
1252.52939,0.00763
1251.56516,0.00755
1250.60094,0.00734
1249.63671,0.00708
1248.67248,0.00700
1247.70826,0.00715
1246.74403,0.00734
1245.77981,0.00735
1244.81558,0.00720
1243.85135,0.00711
1242.88713,0.00726
1241.92290,0.00758
1240.95868,0.00785
1239.99445,0.00797
1239.03023,0.00790
1238.06600,0.00764
1237.10177,0.00715
1236.13755,0.00652
1235.17332,0.00602
1234.20910,0.00597
1233.24487,0.00647
1232.28064,0.00728
1231.31642,0.00803
1230.35219,0.00845
1229.38797,0.00849
1228.42374,0.00826
1227.45951,0.00789
1226.49529,0.00752
1225.53106,0.00717
1224.56684,0.00681
1223.60261,0.00640
1222.63839,0.00605
1221.67416,0.00605
1220.70993,0.00667
1219.74571,0.00791
1218.78148,0.00937
1217.81726,0.01052
1216.85303,0.01101
1215.88880,0.01086
1214.92458,0.01029
1213.96035,0.00956
1212.99613,0.00885
1212.03190,0.00828
1211.06768,0.00786
1210.10345,0.00752
1209.13922,0.00711
1208.17500,0.00654
1207.21077,0.00585
1206.24655,0.00519
1205.28232,0.00471
1204.31809,0.00453
1203.35387,0.00472
1202.38964,0.00519
1201.42542,0.00569
1200.46119,0.00593
1199.49697,0.00573
1198.53274,0.00528
1197.56851,0.00502
1196.60429,0.00529
1195.64006,0.00598
1194.67584,0.00662
1193.71161,0.00665
1192.74738,0.00594
1191.78316,0.00487
1190.81893,0.00412
1189.85471,0.00422
1188.89048,0.00520
1187.92625,0.00651
1186.96203,0.00733
1185.99780,0.00714
1185.03358,0.00606
1184.06935,0.00473
1183.10513,0.00384
1182.14090,0.00364
1181.17667,0.00384
1180.21245,0.00396
1179.24822,0.00372
1178.28400,0.00330
1177.31977,0.00303
1176.35554,0.00305
1175.39132,0.00317
1174.42709,0.00306
1173.46287,0.00256
1172.49864,0.00193
1171.53442,0.00157
1170.57019,0.00164
1169.60596,0.00195
1168.64174,0.00213
1167.67751,0.00207
1166.71329,0.00199
1165.74906,0.00215
1164.78483,0.00255
1163.82061,0.00295
1162.85638,0.00333
1161.89216,0.00400
1160.92793,0.00533
1159.96370,0.00714
1158.99948,0.00864
1158.03525,0.00890
1157.07103,0.00770
1156.10680,0.00572
1155.14258,0.00409
1154.17835,0.00351
1153.21412,0.00390
1152.24990,0.00465
1151.28567,0.00531
1150.32145,0.00587
1149.35722,0.00648
1148.39299,0.00689
1147.42877,0.00647
1146.46454,0.00475
1145.50032,0.00205
1144.53609,-0.00065
1143.57187,-0.00244
1142.60764,-0.00312
1141.64341,-0.00312
1140.67919,-0.00288
1139.71496,-0.00249
1138.75074,-0.00188
1137.78651,-0.00112
1136.82228,-0.00038
1135.85806,0.00031
1134.89383,0.00113
1133.92961,0.00219
1132.96538,0.00337
1132.00116,0.00439
1131.03693,0.00507
1130.07270,0.00528
1129.10848,0.00498
1128.14425,0.00418
1127.18003,0.00316
1126.21580,0.00233
1125.25157,0.00185
1124.28735,0.00149
1123.32312,0.00095
1122.35890,0.00027
1121.39467,-0.00027
1120.43044,-0.00056
1119.46622,-0.00073
1118.50199,-0.00070
1117.53777,0.00005
1116.57354,0.00185
1115.60932,0.00412
1114.64509,0.00551
1113.68086,0.00506
1112.71664,0.00324
1111.75241,0.00155
1110.78819,0.00109
1109.82396,0.00164
1108.85973,0.00228
1107.89551,0.00243
1106.93128,0.00223
1105.96706,0.00198
1105.00283,0.00163
1104.03861,0.00091
1103.07438,-0.00018
1102.11015,-0.00130
1101.14593,-0.00207
1100.18170,-0.00230
1099.21748,-0.00199
1098.25325,-0.00119
1097.28902,-0.00009
1096.32480,0.00097
1095.36057,0.00166
1094.39635,0.00184
1093.43212,0.00163
1092.46790,0.00136
1091.50367,0.00136
1090.53944,0.00192
1089.57522,0.00300
1088.61099,0.00418
1087.64677,0.00483
1086.68254,0.00469
1085.71831,0.00419
1084.75409,0.00402
1083.78986,0.00456
1082.82564,0.00560
1081.86141,0.00666
1080.89718,0.00744
1079.93296,0.00783
1078.96873,0.00777
1078.00451,0.00722
1077.04028,0.00639
1076.07606,0.00572
1075.11183,0.00554
1074.14760,0.00584
1073.18338,0.00643
1072.21915,0.00716
1071.25493,0.00793
1070.29070,0.00846
1069.32647,0.00831
1068.36225,0.00739
1067.39802,0.00623
1066.43380,0.00562
1065.46957,0.00599
1064.50535,0.00707
1063.54112,0.00820
1062.57689,0.00888
1061.61267,0.00891
1060.64844,0.00832
1059.68422,0.00732
1058.71999,0.00635
1057.75576,0.00596
1056.79154,0.00646
1055.82731,0.00765
1054.86309,0.00893
1053.89886,0.00973
1052.93463,0.00994
1051.97041,0.00984
1051.00618,0.00993
1050.04196,0.01050
1049.07773,0.01141
1048.11351,0.01207
1047.14928,0.01178
1046.18505,0.01036
1045.22083,0.00843
1044.25660,0.00706
1043.29238,0.00696
1042.32815,0.00801
1041.36392,0.00939
1040.39970,0.01029
1039.43547,0.01034
1038.47125,0.00962
1037.50702,0.00847
1036.54280,0.00722
1035.57857,0.00616
1034.61434,0.00543
1033.65012,0.00507
1032.68589,0.00514
1031.72167,0.00568
1030.75744,0.00668
1029.79321,0.00789
1028.82899,0.00879
1027.86476,0.00900
1026.90054,0.00851
1025.93631,0.00772
1024.97209,0.00708
1024.00786,0.00676
1023.04363,0.00672
1022.07941,0.00679
1021.11518,0.00687
1020.15096,0.00692
1019.18673,0.00700
1018.22250,0.00719
1017.25828,0.00727
1016.29405,0.00668
1015.32983,0.00493
1014.36560,0.00227
1013.40137,-0.00007
1012.43715,-0.00076
1011.47292,0.00048
1010.50870,0.00259
1009.54447,0.00415
1008.58025,0.00458
1007.61602,0.00430
1006.65179,0.00398
1005.68757,0.00382
1004.72334,0.00364
1003.75912,0.00337
1002.79489,0.00325
1001.83066,0.00343
1000.86644,0.00378
999.90221,0.00402
998.93799,0.00407
997.97376,0.00404
997.00954,0.00405
996.04531,0.00416
995.08108,0.00449
994.11686,0.00503
993.15263,0.00547
992.18841,0.00512
991.22418,0.00343
990.25995,0.00065
989.29573,-0.00206
988.33150,-0.00341
987.36728,-0.00286
986.40305,-0.00100
985.43882,0.00102
984.47460,0.00233
983.51037,0.00280
982.54615,0.00293
981.58192,0.00339
980.61770,0.00447
979.65347,0.00601
978.68924,0.00758
977.72502,0.00870
976.76079,0.00896
975.79657,0.00813
974.83234,0.00642
973.86811,0.00465
972.90389,0.00392
971.93966,0.00473
970.97544,0.00643
970.01121,0.00777
969.04699,0.00793
968.08276,0.00708
967.11853,0.00586
966.15431,0.00454
965.19008,0.00300
964.22586,0.00127
963.26163,-0.00021
962.29740,-0.00108
961.33318,-0.00145
960.36895,-0.00163
959.40473,-0.00152
958.44050,-0.00071
957.47628,0.00061
956.51205,0.00142
955.54782,0.00089
954.58360,-0.00052
953.61937,-0.00127
952.65515,-0.00047
951.69092,0.00111
950.72669,0.00184
949.76247,0.00107
948.79824,-0.00026
947.83402,-0.00092
946.86979,-0.00071
945.90556,-0.00053
944.94134,-0.00106
943.97711,-0.00204
943.01289,-0.00248
942.04866,-0.00161
941.08444,0.00070
940.12021,0.00392
939.15598,0.00684
938.19176,0.00779
937.22753,0.00559
936.26331,0.00086
935.29908,-0.00382
934.33485,-0.00555
933.37063,-0.00340
932.40640,0.00081
931.44218,0.00399
930.47795,0.00419
929.51373,0.00173
928.54950,-0.00153
927.58527,-0.00373
926.62105,-0.00403
925.65682,-0.00267
924.69260,-0.00046
923.72837,0.00156
922.76414,0.00250
921.79992,0.00183
920.83569,-0.00018
919.87147,-0.00245
918.90724,-0.00355
917.94302,-0.00268
916.97879,-0.00046
916.01456,0.00124
915.05034,0.00060
914.08611,-0.00250
913.12189,-0.00607
912.15766,-0.00753
911.19343,-0.00583
910.22921,-0.00237
909.26498,0.00022
908.30076,0.00048
907.33653,-0.00079
906.37230,-0.00169
905.40808,-0.00122
904.44385,0.00008
903.47963,0.00116
902.51540,0.00172
901.55118,0.00212
900.58695,0.00231
899.62272,0.00140
898.65850,-0.00120
897.69427,-0.00434
896.73005,-0.00534
895.76582,-0.00235
894.80159,0.00366
893.83737,0.00953
892.87314,0.01263
891.90892,0.01291
890.94469,0.01204
889.98047,0.01087
889.01624,0.00838
888.05201,0.00340
887.08779,-0.00321
886.12356,-0.00891
885.15934,-0.01185
884.19511,-0.01250
883.23088,-0.01240
882.26666,-0.01206
881.30243,-0.01078
880.33821,-0.00849
879.37398,-0.00675
878.40975,-0.00720
877.44553,-0.00937
876.48130,-0.01089
875.51708,-0.01009
874.55285,-0.00756
873.58863,-0.00513
872.62440,-0.00349
871.66017,-0.00170
870.69595,0.00105
869.73172,0.00405
868.76750,0.00573
867.80327,0.00538
866.83904,0.00372
865.87482,0.00167
864.91059,-0.00059
863.94637,-0.00332
862.98214,-0.00628
862.01792,-0.00882
861.05369,-0.01051
860.08946,-0.01133
859.12524,-0.01106
858.16101,-0.00906
857.19679,-0.00517
856.23256,-0.00050
855.26833,0.00306
854.30411,0.00445
853.33988,0.00408
852.37566,0.00298
851.41143,0.00156
850.44721,-0.00048
849.48298,-0.00309
848.51875,-0.00539
847.55453,-0.00625
846.59030,-0.00537
845.62608,-0.00342
844.66185,-0.00125
843.69762,0.00085
842.73340,0.00297
841.76917,0.00495
840.80495,0.00624
839.84072,0.00630
838.87649,0.00524
837.91227,0.00371
836.94804,0.00229
835.98382,0.00098
835.01959,-0.00052
834.05537,-0.00193
833.09114,-0.00205
832.12691,0.00014
831.16269,0.00394
830.19846,0.00666
829.23424,0.00584
828.27001,0.00179
827.30578,-0.00226
826.34156,-0.00327
825.37733,-0.00135
824.41311,0.00082
823.44888,0.00123
822.48466,0.00070
821.52043,0.00164
820.55620,0.00487
819.59198,0.00862
818.62775,0.01046
817.66353,0.00964
816.69930,0.00727
815.73507,0.00499
814.77085,0.00392
813.80662,0.00456
812.84240,0.00659
811.87817,0.00858
810.91395,0.00837
809.94972,0.00462
808.98549,-0.00165
808.02127,-0.00759
807.05704,-0.01081
806.09282,-0.01103
805.12859,-0.00961
804.16436,-0.00788
803.20014,-0.00640
802.23591,-0.00537
801.27169,-0.00512
800.30746,-0.00588
799.34323,-0.00728
798.37901,-0.00850
797.41478,-0.00879
796.45056,-0.00782
795.48633,-0.00569
794.52211,-0.00305
793.55788,-0.00107
792.59365,-0.00078
791.62943,-0.00198
790.66520,-0.00308
789.70098,-0.00238
788.73675,0.00011
787.77252,0.00253
786.80830,0.00303
785.84407,0.00155
784.87985,-0.00038
783.91562,-0.00140
782.95140,-0.00144
781.98717,-0.00120
781.02294,-0.00104
780.05872,-0.00079
779.09449,-0.00033
778.13027,0.00019
777.16604,0.00098
776.20181,0.00279
775.23759,0.00604
774.27336,0.00962
773.30914,0.01121
772.34491,0.00913
771.38068,0.00412
770.41646,-0.00089
769.45223,-0.00308
768.48801,-0.00187
767.52378,0.00087
766.55956,0.00255
765.59533,0.00177
764.63110,-0.00095
763.66688,-0.00386
762.70265,-0.00513
761.73843,-0.00381
760.77420,-0.00033
759.80997,0.00357
758.84575,0.00556
757.88152,0.00420
756.91730,0.00031
755.95307,-0.00336
754.98885,-0.00431
754.02462,-0.00241
753.06039,0.00020
752.09617,0.00139
751.13194,0.00107
750.16772,0.00078
749.20349,0.00158
748.23926,0.00283
747.27504,0.00306
746.31081,0.00175
745.34659,-0.00033
744.38236,-0.00215
743.41814,-0.00344
742.45391,-0.00435
741.48968,-0.00474
740.52546,-0.00415
739.56123,-0.00247
738.59701,-0.00028
737.63278,0.00147
736.66855,0.00196
735.70433,0.00071
734.74010,-0.00215
733.77588,-0.00547
732.81165,-0.00739
731.84742,-0.00674
730.88320,-0.00429
729.91897,-0.00211
728.95475,-0.00150
727.99052,-0.00184
727.02630,-0.00191
726.06207,-0.00190
725.09784,-0.00338
724.13362,-0.00694
723.16939,-0.01055
722.20517,-0.01097
721.24094,-0.00698
720.27671,-0.00080
719.31249,0.00388
718.34826,0.00496
717.38404,0.00300
716.41981,0.00012
715.45559,-0.00183
714.49136,-0.00212
713.52713,-0.00102
712.56291,0.00056
711.59868,0.00178
710.63446,0.00239
709.67023,0.00282
708.70600,0.00350
707.74178,0.00435
706.77755,0.00510
705.81333,0.00583
704.84910,0.00697
703.88487,0.00850
702.92065,0.00959
701.95642,0.00931
700.99220,0.00776
700.02797,0.00607
699.06375,0.00525
698.09952,0.00523
697.13529,0.00524
696.17107,0.00493
695.20684,0.00466
694.24262,0.00476
693.27839,0.00484
692.31416,0.00421
691.34994,0.00273
690.38571,0.00097
689.42149,-0.00046
688.45726,-0.00131
687.49304,-0.00141
686.52881,-0.00053
685.56458,0.00118
684.60036,0.00286
683.63613,0.00359
682.67191,0.00351
681.70768,0.00380
680.74345,0.00538
679.77923,0.00769
678.81500,0.00933
677.85078,0.00978
676.88655,0.00990
675.92233,0.01048
674.95810,0.01078
673.99387,0.00910
673.02965,0.00507
672.06542,0.00071
671.10120,-0.00106
670.13697,0.00096
669.17274,0.00510
668.20852,0.00789
667.24429,0.00668
666.28007,0.00185
665.31584,-0.00378
664.35161,-0.00743
663.38739,-0.00747
662.42316,-0.00364
661.45894,0.00281
660.49471,0.00945
659.53049,0.01390
658.56626,0.01523
657.60203,0.01422
656.63781,0.01252
655.67358,0.01113
654.70936,0.00974
653.74513,0.00754
652.78090,0.00442
651.81668,0.00132
650.85245,-0.00059
649.88823,-0.00097
648.92400,-0.00059
647.95978,-0.00057
646.99555,-0.00156
646.03132,-0.00330
645.06710,-0.00499
644.10287,-0.00600
643.13865,-0.00646
642.17442,-0.00729
641.21019,-0.00920
640.24597,-0.01154
639.28174,-0.01223
638.31752,-0.00948
637.35329,-0.00359
636.38907,0.00290
635.42484,0.00715
634.46061,0.00860
633.49639,0.00951
632.53216,0.01265
631.56794,0.01827
630.60371,0.02368
629.63948,0.02545
628.67526,0.02203
627.71103,0.01488
626.74681,0.00741
625.78258,0.00281
624.81835,0.00229
623.85413,0.00435
622.88990,0.00590
621.92568,0.00486
620.96145,0.00191
619.99723,-0.00016
619.03300,0.00071
618.06877,0.00390
617.10455,0.00710
616.14032,0.00890
615.17610,0.00955
614.21187,0.00918
613.24764,0.00673
612.28342,0.00153
611.31919,-0.00475
610.35497,-0.00887
609.39074,-0.00918
608.42652,-0.00725
607.46229,-0.00571
606.49806,-0.00491
605.53384,-0.00349
604.56961,-0.00122
603.60539,-0.00016
602.64116,-0.00221
601.67693,-0.00634
600.71271,-0.00961
599.74848,-0.01067
598.78426,-0.01055
597.82003,-0.00993
596.85580,-0.00742
595.89158,-0.00173
594.92735,0.00436
593.96313,0.00523
592.99890,-0.00141
592.03468,-0.01062
591.07045,-0.01449
590.10622,-0.01040
589.14200,-0.00326
588.17777,0.00041
587.21355,-0.00082
586.24932,-0.00307
585.28509,-0.00271
584.32087,-0.00074
583.35664,-0.00140
582.39242,-0.00710
581.42819,-0.01560
580.46397,-0.02200
579.49974,-0.02260
578.53551,-0.01626
577.57129,-0.00338
576.60706,0.01448
575.64284,0.03282
574.67861,0.04434
573.71438,0.04344
572.75016,0.03128
571.78593,0.01505
570.82171,0.00224
569.85748,-0.00356
568.89326,-0.00311
567.92903,0.00058
566.96480,0.00393
566.00058,0.00401
565.03635,-0.00048
564.07213,-0.00689
563.10790,-0.01088
562.14367,-0.01125
561.17945,-0.01250
560.21522,-0.01925
559.25100,-0.03031
558.28677,-0.03924
557.32254,-0.04155
556.35832,-0.03950
555.39409,-0.03864
554.42987,-0.03804
553.46564,-0.02777
552.50142,0.00162
551.53719,0.04420
550.57296,0.07473
549.60874,0.07390
548.64451,0.04809
547.68029,0.01772
546.71606,-0.00610
545.75183,-0.02270
544.78761,-0.02589
543.82338,0.00065
542.85916,0.07372
541.89493,0.15744
540.93071,0.19152
539.96648,0.16912
539.00225,0.12088
538.03803,0.08294
537.07380,0.06277
536.10958,0.04663
535.14535,0.03374
534.18112,0.04097
533.21690,0.07172
532.25267,0.10039
531.28845,0.08759
530.32422,0.03171
529.36000,-0.02973
528.39577,-0.07877
527.43154,-0.12217
526.46732,-0.16847
525.50309,-0.19922
524.53887,-0.17798
523.57464,-0.07743
522.61041,0.06218
521.64619,0.17074
520.68196,0.21626
519.71774,0.20796
518.75351,0.13965
517.78928,0.03392
516.82506,-0.04586
515.86083,-0.04130
514.89661,0.05280
513.93238,0.14626
512.96816,0.17196
512.00393,0.17163
511.03970,0.14630
510.07548,0.10483
509.11125,0.04773
508.14703,0.01797
507.18280,0.04564
506.21857,0.11359
505.25435,0.15857
504.29012,0.15114
503.32590,0.12275
502.36167,0.12589
501.39745,0.17359
500.43322,0.21472
499.46899,0.18087
498.50477,0.09982
497.54054,0.04614
496.57632,0.04610
495.61209,0.09573
494.64786,0.16388
493.68364,0.26032
492.71941,0.52662
491.75519,1.41188
490.79096,6.00000
489.82673,0.93942
488.86251,0.51645
487.89828,0.35692
486.93406,0.37417
485.96983,0.58895
485.00561,1.00151
484.04138,0.94656
483.07715,0.46120
482.11293,0.15550
481.14870,0.02498
480.18448,0.02099
479.22025,0.11758
478.25602,0.28744
477.29180,0.53065
476.32757,0.76378
475.36335,0.68805
474.39912,0.35494
473.43490,0.13294
472.47067,0.01591
471.50644,0.03090
470.54222,0.12289
469.57799,0.12181
468.61377,0.01615
467.64954,-0.03361
466.68531,0.01237
465.72109,0.12419
464.75686,0.26519
463.79264,0.39025
462.82841,0.44286
461.86419,0.40193
460.89996,0.33894
459.93573,0.31543
458.97151,0.39039
458.00728,0.60490
457.04306,0.85990
456.07883,0.90004
455.11460,0.73638
454.15038,0.49573
453.18615,0.24773
452.22193,0.06051
451.25770,0.00348
450.29347,0.04550
449.32925,0.09843
448.36502,0.12776
447.40080,0.11891
446.43657,0.06371
445.47235,0.00881
444.50812,0.06586
443.54389,0.24430
442.57967,0.35666
441.61544,0.31321
440.65122,0.17033
439.68699,0.00122
438.72276,-0.12120
437.75854,-0.13869
436.79431,-0.06763
435.83009,0.06424
434.86586,0.26704
433.90164,0.51560
432.93741,0.66618
431.97318,0.57868
431.00896,0.38299
430.04473,0.19155
429.08051,0.01002
428.11628,-0.17280
427.15205,-0.26470
426.18783,-0.14693
425.22360,-0.03234
424.25938,0.00542
423.29515,-0.00019
422.33092,0.03022
421.36670,0.13489
420.40247,0.31143
419.43825,0.45416
418.47402,0.37588
417.50980,0.16168
416.54557,-0.01137
415.58134,-0.07036
414.61712,-0.04231
413.65289,-0.02347
412.68867,-0.05601
411.72444,-0.12660
410.76021,-0.21168
409.79599,-0.27738
408.83176,-0.27920
407.86754,-0.21295
406.90331,-0.04117
405.93909,0.30334
404.97486,0.73168
404.01063,0.60051
403.04641,0.26609
402.08218,0.07879
401.11796,0.00647
400.15373,0.01764
399.18950,0.06076
398.22528,0.06180
397.26105,0.04380
396.29683,0.04162
395.33260,0.06480
394.36838,0.12528
393.40415,0.24036
392.43992,0.47324
391.47570,0.77990
390.51147,1.06819
389.54725,1.01304
388.58302,0.75996
387.61879,0.41273
386.65457,0.08714
385.69034,-0.16852
384.72612,-0.28102
383.76189,-0.14262
382.79766,0.20810
381.83344,0.71902
380.86921,0.95064
379.90499,0.40570
378.94076,0.09583
377.97654,-0.00520
377.01231,0.02969
376.04808,0.14878
375.08386,0.31072
374.11963,0.42871
373.15541,0.32785
372.19118,0.08056
371.22695,-0.03109
370.26273,0.07103
369.29850,0.30758
368.33428,0.50677
367.37005,0.46674
366.40583,0.25797
365.44160,0.26635
364.47737,0.45659
363.51315,0.97800
362.54892,0.45788
361.58470,-0.12711
360.62047,-0.38434
359.65624,-0.42675
358.69202,-0.37097
357.72779,-0.28271
356.76357,-0.19252
355.79934,-0.12679
354.83512,-0.07969
353.87089,-0.01129
352.90666,0.16711
351.94244,0.48084
350.97821,0.79337
350.01399,2.12096
349.04976,6.00000
