3946.57643,0.01546
3945.61220,0.01430
3944.64798,0.01392
3943.68375,0.01430
3942.71953,0.01502
3941.75530,0.01566
3940.79107,0.01607
3939.82685,0.01637
3938.86262,0.01662
3937.89840,0.01669
3936.93417,0.01638
3935.96994,0.01567
3935.00572,0.01476
3934.04149,0.01396
3933.07727,0.01347
3932.11304,0.01334
3931.14882,0.01346
3930.18459,0.01360
3929.22036,0.01356
3928.25614,0.01339
3927.29191,0.01327
3926.32769,0.01333
3925.36346,0.01342
3924.39923,0.01329
3923.43501,0.01292
3922.47078,0.01266
3921.50656,0.01290
3920.54233,0.01353
3919.57811,0.01395
3918.61388,0.01366
3917.64965,0.01284
3916.68543,0.01222
3915.72120,0.01239
3914.75698,0.01324
3913.79275,0.01406
3912.82852,0.01427
3911.86430,0.01385
3910.90007,0.01335
3909.93585,0.01333
3908.97162,0.01393
3908.00739,0.01480
3907.04317,0.01538
3906.07894,0.01534
3905.11472,0.01486
3904.15049,0.01444
3903.18627,0.01446
3902.22204,0.01482
3901.25781,0.01503
3900.29359,0.01472
3899.32936,0.01408
3898.36514,0.01367
3897.40091,0.01384
3896.43668,0.01440
3895.47246,0.01482
3894.50823,0.01484
3893.54401,0.01461
3892.57978,0.01444
3891.61556,0.01432
3890.65133,0.01393
3889.68710,0.01299
3888.72288,0.01171
3887.75865,0.01068
3886.79443,0.01042
3885.83020,0.01098
3884.86597,0.01194
3883.90175,0.01278
3882.93752,0.01323
3881.97330,0.01335
3881.00907,0.01328
3880.04485,0.01311
3879.08062,0.01283
3878.11639,0.01253
3877.15217,0.01241
3876.18794,0.01264
3875.22372,0.01315
3874.25949,0.01360
3873.29526,0.01364
3872.33104,0.01315
3871.36681,0.01237
3870.40259,0.01170
3869.43836,0.01136
3868.47413,0.01135
3867.50991,0.01154
3866.54568,0.01186
3865.58146,0.01235
3864.61723,0.01302
3863.65301,0.01377
3862.68878,0.01435
3861.72455,0.01450
3860.76033,0.01412
3859.79610,0.01338
3858.83188,0.01263
3857.86765,0.01224
3856.90342,0.01240
3855.93920,0.01302
3854.97497,0.01379
3854.01075,0.01442
3853.04652,0.01467
3852.08230,0.01449
3851.11807,0.01393
3850.15384,0.01308
3849.18962,0.01213
3848.22539,0.01135
3847.26117,0.01106
3846.29694,0.01142
3845.33271,0.01225
3844.36849,0.01309
3843.40426,0.01349
3842.44004,0.01337
3841.47581,0.01305
3840.51159,0.01296
3839.54736,0.01322
3838.58313,0.01346
3837.61891,0.01322
3836.65468,0.01241
3835.69046,0.01146
3834.72623,0.01098
3833.76200,0.01128
3832.79778,0.01219
3831.83355,0.01328
3830.86933,0.01410
3829.90510,0.01441
3828.94087,0.01419
3827.97665,0.01363
3827.01242,0.01303
3826.04820,0.01266
3825.08397,0.01265
3824.11975,0.01293
3823.15552,0.01332
3822.19129,0.01364
3821.22707,0.01371
3820.26284,0.01338
3819.29862,0.01264
3818.33439,0.01172
3817.37016,0.01100
3816.40594,0.01079
3815.44171,0.01113
3814.47749,0.01176
3813.51326,0.01241
3812.54904,0.01293
3811.58481,0.01326
3810.62058,0.01335
3809.65636,0.01316
3808.69213,0.01281
3807.72791,0.01257
3806.76368,0.01267
3805.79945,0.01309
3804.83523,0.01363
3803.87100,0.01410
3802.90678,0.01442
3801.94255,0.01457
3800.97832,0.01449
3800.01410,0.01413
3799.04987,0.01356
3798.08565,0.01298
3797.12142,0.01263
3796.15720,0.01261
3795.19297,0.01288
3794.22874,0.01331
3793.26452,0.01378
3792.30029,0.01419
3791.33607,0.01451
3790.37184,0.01474
3789.40761,0.01483
3788.44339,0.01471
3787.47916,0.01430
3786.51494,0.01370
3785.55071,0.01311
3784.58649,0.01276
3783.62226,0.01268
3782.65803,0.01276
3781.69381,0.01291
3780.72958,0.01318
3779.76536,0.01364
3778.80113,0.01418
3777.83690,0.01450
3776.87268,0.01442
3775.90845,0.01414
3774.94423,0.01401
3773.98000,0.01419
3773.01578,0.01436
3772.05155,0.01409
3771.08732,0.01326
3770.12310,0.01221
3769.15887,0.01143
3768.19465,0.01116
3767.23042,0.01137
3766.26619,0.01195
3765.30197,0.01289
3764.33774,0.01409
3763.37352,0.01521
3762.40929,0.01583
3761.44506,0.01574
3760.48084,0.01511
3759.51661,0.01431
3758.55239,0.01361
3757.58816,0.01306
3756.62394,0.01268
3755.65971,0.01257
3754.69548,0.01283
3753.73126,0.01336
3752.76703,0.01384
3751.80281,0.01401
3750.83858,0.01387
3749.87435,0.01365
3748.91013,0.01354
3747.94590,0.01357
3746.98168,0.01360
3746.01745,0.01351
3745.05323,0.01332
3744.08900,0.01308
3743.12477,0.01290
3742.16055,0.01288
3741.19632,0.01308
3740.23210,0.01348
3739.26787,0.01397
3738.30364,0.01431
3737.33942,0.01435
3736.37519,0.01406
3735.41097,0.01364
3734.44674,0.01335
3733.48251,0.01329
3732.51829,0.01340
3731.55406,0.01348
3730.58984,0.01342
3729.62561,0.01326
3728.66139,0.01316
3727.69716,0.01322
3726.73293,0.01342
3725.76871,0.01363
3724.80448,0.01377
3723.84026,0.01384
3722.87603,0.01385
3721.91180,0.01381
3720.94758,0.01368
3719.98335,0.01350
3719.01913,0.01331
3718.05490,0.01314
3717.09068,0.01297
3716.12645,0.01278
3715.16222,0.01268
3714.19800,0.01283
3713.23377,0.01331
3712.26955,0.01396
3711.30532,0.01447
3710.34109,0.01457
3709.37687,0.01422
3708.41264,0.01359
3707.44842,0.01290
3706.48419,0.01233
3705.51997,0.01199
3704.55574,0.01194
3703.59151,0.01211
3702.62729,0.01234
3701.66306,0.01244
3700.69884,0.01237
3699.73461,0.01225
3698.77038,0.01222
3697.80616,0.01230
3696.84193,0.01233
3695.87771,0.01224
3694.91348,0.01216
3693.94925,0.01227
3692.98503,0.01259
3692.02080,0.01291
3691.05658,0.01303
3690.09235,0.01301
3689.12813,0.01315
3688.16390,0.01358
3687.19967,0.01410
3686.23545,0.01438
3685.27122,0.01431
3684.30700,0.01412
3683.34277,0.01412
3682.37854,0.01435
3681.41432,0.01467
3680.45009,0.01496
3679.48587,0.01522
3678.52164,0.01547
3677.55742,0.01558
3676.59319,0.01536
3675.62896,0.01483
3674.66474,0.01431
3673.70051,0.01412
3672.73629,0.01424
3671.77206,0.01440
3670.80783,0.01437
3669.84361,0.01425
3668.87938,0.01425
3667.91516,0.01445
3666.95093,0.01471
3665.98671,0.01486
3665.02248,0.01492
3664.05825,0.01501
3663.09403,0.01516
3662.12980,0.01527
3661.16558,0.01530
3660.20135,0.01536
3659.23712,0.01568
3658.27290,0.01628
3657.30867,0.01695
3656.34445,0.01743
3655.38022,0.01762
3654.41599,0.01766
3653.45177,0.01766
3652.48754,0.01759
3651.52332,0.01742
3650.55909,0.01724
3649.59487,0.01718
3648.63064,0.01720
3647.66641,0.01699
3646.70219,0.01636
3645.73796,0.01555
3644.77374,0.01512
3643.80951,0.01550
3642.84528,0.01650
3641.88106,0.01742
3640.91683,0.01763
3639.95261,0.01703
3638.98838,0.01607
3638.02416,0.01541
3637.05993,0.01539
3636.09570,0.01588
3635.13148,0.01644
3634.16725,0.01666
3633.20303,0.01644
3632.23880,0.01607
3631.27457,0.01597
3630.31035,0.01638
3629.34612,0.01717
3628.38190,0.01796
3627.41767,0.01846
3626.45344,0.01862
3625.48922,0.01852
3624.52499,0.01827
3623.56077,0.01798
3622.59654,0.01776
3621.63232,0.01770
3620.66809,0.01771
3619.70386,0.01763
3618.73964,0.01744
3617.77541,0.01739
3616.81119,0.01779
3615.84696,0.01866
3614.88273,0.01962
3613.91851,0.02017
3612.95428,0.02005
3611.99006,0.01935
3611.02583,0.01844
3610.06161,0.01769
3609.09738,0.01736
3608.13315,0.01745
3607.16893,0.01772
3606.20470,0.01793
3605.24048,0.01807
3604.27625,0.01838
3603.31202,0.01903
3602.34780,0.01978
3601.38357,0.02018
3600.41935,0.02000
3599.45512,0.01948
3598.49090,0.01898
3597.52667,0.01864
3596.56244,0.01828
3595.59822,0.01785
3594.63399,0.01767
3593.66977,0.01811
3592.70554,0.01914
3591.74131,0.02026
3590.77709,0.02093
3589.81286,0.02098
3588.84864,0.02055
3587.88441,0.01987
3586.92018,0.01908
3585.95596,0.01837
3584.99173,0.01796
3584.02751,0.01798
3583.06328,0.01828
3582.09906,0.01862
3581.13483,0.01887
3580.17060,0.01905
3579.20638,0.01917
3578.24215,0.01916
3577.27793,0.01897
3576.31370,0.01867
3575.34947,0.01844
3574.38525,0.01837
3573.42102,0.01845
3572.45680,0.01861
3571.49257,0.01884
3570.52835,0.01912
3569.56412,0.01934
3568.59989,0.01939
3567.63567,0.01922
3566.67144,0.01895
3565.70722,0.01875
3564.74299,0.01878
3563.77876,0.01914
3562.81454,0.01982
3561.85031,0.02063
3560.88609,0.02125
3559.92186,0.02139
3558.95764,0.02105
3557.99341,0.02055
3557.02918,0.02021
3556.06496,0.02017
3555.10073,0.02027
3554.13651,0.02031
3553.17228,0.02018
3552.20805,0.01993
3551.24383,0.01967
3550.27960,0.01953
3549.31538,0.01955
3548.35115,0.01963
3547.38692,0.01963
3546.42270,0.01948
3545.45847,0.01928
3544.49425,0.01920
3543.53002,0.01929
3542.56580,0.01943
3541.60157,0.01952
3540.63734,0.01960
3539.67312,0.01981
3538.70889,0.02015
3537.74467,0.02053
3536.78044,0.02084
3535.81621,0.02105
3534.85199,0.02112
3533.88776,0.02090
3532.92354,0.02028
3531.95931,0.01946
3530.99509,0.01893
3530.03086,0.01913
3529.06663,0.01997
3528.10241,0.02093
3527.13818,0.02146
3526.17396,0.02147
3525.20973,0.02122
3524.24550,0.02100
3523.28128,0.02081
3522.31705,0.02052
3521.35283,0.02009
3520.38860,0.01968
3519.42437,0.01951
3518.46015,0.01962
3517.49592,0.01987
3516.53170,0.02008
3515.56747,0.02019
3514.60325,0.02029
3513.63902,0.02045
3512.67479,0.02062
3511.71057,0.02069
3510.74634,0.02063
3509.78212,0.02052
3508.81789,0.02048
3507.85366,0.02054
3506.88944,0.02059
3505.92521,0.02057
3504.96099,0.02056
3503.99676,0.02064
3503.03254,0.02079
3502.06831,0.02081
3501.10408,0.02062
3500.13986,0.02036
3499.17563,0.02032
3498.21141,0.02070
3497.24718,0.02141
3496.28295,0.02209
3495.31873,0.02234
3494.35450,0.02197
3493.39028,0.02119
3492.42605,0.02051
3491.46183,0.02040
3490.49760,0.02098
3489.53337,0.02193
3488.56915,0.02274
3487.60492,0.02311
3486.64070,0.02309
3485.67647,0.02292
3484.71224,0.02274
3483.74802,0.02251
3482.78379,0.02217
3481.81957,0.02183
3480.85534,0.02168
3479.89111,0.02181
3478.92689,0.02213
3477.96266,0.02246
3476.99844,0.02270
3476.03421,0.02286
3475.06999,0.02297
3474.10576,0.02302
3473.14153,0.02291
3472.17731,0.02261
3471.21308,0.02224
3470.24886,0.02206
3469.28463,0.02224
3468.32040,0.02269
3467.35618,0.02310
3466.39195,0.02316
3465.42773,0.02288
3464.46350,0.02254
3463.49928,0.02242
3462.53505,0.02256
3461.57082,0.02276
3460.60660,0.02291
3459.64237,0.02303
3458.67815,0.02326
3457.71392,0.02364
3456.74969,0.02406
3455.78547,0.02439
3454.82124,0.02451
3453.85702,0.02433
3452.89279,0.02387
3451.92856,0.02331
3450.96434,0.02294
3450.00011,0.02297
3449.03589,0.02331
3448.07166,0.02367
3447.10744,0.02377
3446.14321,0.02359
3445.17898,0.02330
3444.21476,0.02313
3443.25053,0.02321
3442.28631,0.02353
3441.32208,0.02389
3440.35785,0.02398
3439.39363,0.02357
3438.42940,0.02276
3437.46518,0.02193
3436.50095,0.02148
3435.53673,0.02148
3434.57250,0.02173
3433.60827,0.02206
3432.64405,0.02248
3431.67982,0.02307
3430.71560,0.02365
3429.75137,0.02391
3428.78714,0.02371
3427.82292,0.02332
3426.85869,0.02319
3425.89447,0.02347
3424.93024,0.02390
3423.96602,0.02410
3423.00179,0.02395
3422.03756,0.02363
3421.07334,0.02338
3420.10911,0.02324
3419.14489,0.02310
3418.18066,0.02289
3417.21643,0.02269
3416.25221,0.02266
3415.28798,0.02286
3414.32376,0.02318
3413.35953,0.02338
3412.39530,0.02327
3411.43108,0.02293
3410.46685,0.02272
3409.50263,0.02305
3408.53840,0.02401
3407.57418,0.02522
3406.60995,0.02608
3405.64572,0.02625
3404.68150,0.02583
3403.71727,0.02522
3402.75305,0.02470
3401.78882,0.02425
3400.82459,0.02383
3399.86037,0.02358
3398.89614,0.02376
3397.93192,0.02439
3396.96769,0.02516
3396.00347,0.02571
3395.03924,0.02592
3394.07501,0.02596
3393.11079,0.02604
3392.14656,0.02611
3391.18234,0.02607
3390.21811,0.02596
3389.25388,0.02598
3388.28966,0.02617
3387.32543,0.02637
3386.36121,0.02632
3385.39698,0.02609
3384.43276,0.02590
3383.46853,0.02585
3382.50430,0.02571
3381.54008,0.02523
3380.57585,0.02455
3379.61163,0.02416
3378.64740,0.02441
3377.68317,0.02511
3376.71895,0.02572
3375.75472,0.02582
3374.79050,0.02542
3373.82627,0.02475
3372.86204,0.02396
3371.89782,0.02317
3370.93359,0.02256
3369.96937,0.02238
3369.00514,0.02263
3368.04092,0.02302
3367.07669,0.02321
3366.11246,0.02324
3365.14824,0.02347
3364.18401,0.02420
3363.21979,0.02523
3362.25556,0.02601
3361.29133,0.02617
3360.32711,0.02578
3359.36288,0.02524
3358.39866,0.02483
3357.43443,0.02449
3356.47021,0.02401
3355.50598,0.02337
3354.54175,0.02289
3353.57753,0.02297
3352.61330,0.02367
3351.64908,0.02462
3350.68485,0.02518
3349.72062,0.02496
3348.75640,0.02412
3347.79217,0.02325
3346.82795,0.02289
3345.86372,0.02310
3344.89949,0.02356
3343.93527,0.02387
3342.97104,0.02393
3342.00682,0.02400
3341.04259,0.02428
3340.07837,0.02472
3339.11414,0.02502
3338.14991,0.02488
3337.18569,0.02441
3336.22146,0.02401
3335.25724,0.02413
3334.29301,0.02487
3333.32878,0.02590
3332.36456,0.02671
3331.40033,0.02694
3330.43611,0.02660
3329.47188,0.02600
3328.50766,0.02546
3327.54343,0.02517
3326.57920,0.02516
3325.61498,0.02531
3324.65075,0.02552
3323.68653,0.02577
3322.72230,0.02614
3321.75807,0.02662
3320.79385,0.02706
3319.82962,0.02714
3318.86540,0.02669
3317.90117,0.02590
3316.93695,0.02526
3315.97272,0.02515
3315.00849,0.02552
3314.04427,0.02593
3313.08004,0.02594
3312.11582,0.02552
3311.15159,0.02495
3310.18736,0.02460
3309.22314,0.02456
3308.25891,0.02472
3307.29469,0.02497
3306.33046,0.02533
3305.36623,0.02584
3304.40201,0.02640
3303.43778,0.02681
3302.47356,0.02686
3301.50933,0.02655
3300.54511,0.02601
3299.58088,0.02535
3298.61665,0.02463
3297.65243,0.02394
3296.68820,0.02350
3295.72398,0.02360
3294.75975,0.02425
3293.79552,0.02505
3292.83130,0.02539
3291.86707,0.02497
3290.90285,0.02410
3289.93862,0.02338
3288.97440,0.02327
3288.01017,0.02370
3287.04594,0.02431
3286.08172,0.02477
3285.11749,0.02504
3284.15327,0.02529
3283.18904,0.02559
3282.22481,0.02587
3281.26059,0.02599
3280.29636,0.02585
3279.33214,0.02544
3278.36791,0.02481
3277.40369,0.02409
3276.43946,0.02348
3275.47523,0.02318
3274.51101,0.02325
3273.54678,0.02358
3272.58256,0.02394
3271.61833,0.02415
3270.65410,0.02422
3269.68988,0.02430
3268.72565,0.02453
3267.76143,0.02493
3266.79720,0.02533
3265.83297,0.02554
3264.86875,0.02543
3263.90452,0.02498
3262.94030,0.02435
3261.97607,0.02375
3261.01185,0.02346
3260.04762,0.02366
3259.08339,0.02423
3258.11917,0.02482
3257.15494,0.02506
3256.19072,0.02483
3255.22649,0.02435
3254.26226,0.02396
3253.29804,0.02383
3252.33381,0.02395
3251.36959,0.02418
3250.40536,0.02439
3249.44114,0.02449
3248.47691,0.02438
3247.51268,0.02409
3246.54846,0.02378
3245.58423,0.02362
3244.62001,0.02356
3243.65578,0.02342
3242.69155,0.02316
3241.72733,0.02302
3240.76310,0.02324
3239.79888,0.02375
3238.83465,0.02411
3237.87042,0.02402
3236.90620,0.02371
3235.94197,0.02371
3234.97775,0.02425
3234.01352,0.02499
3233.04930,0.02532
3232.08507,0.02500
3231.12084,0.02430
3230.15662,0.02371
3229.19239,0.02344
3228.22817,0.02332
3227.26394,0.02311
3226.29971,0.02278
3225.33549,0.02255
3224.37126,0.02265
3223.40704,0.02312
3222.44281,0.02374
3221.47859,0.02419
3220.51436,0.02428
3219.55013,0.02409
3218.58591,0.02385
3217.62168,0.02378
3216.65746,0.02392
3215.69323,0.02416
3214.72900,0.02441
3213.76478,0.02463
3212.80055,0.02474
3211.83633,0.02465
3210.87210,0.02432
3209.90788,0.02392
3208.94365,0.02364
3207.97942,0.02355
3207.01520,0.02352
3206.05097,0.02339
3205.08675,0.02313
3204.12252,0.02285
3203.15829,0.02266
3202.19407,0.02252
3201.22984,0.02234
3200.26562,0.02208
3199.30139,0.02184
3198.33716,0.02176
3197.37294,0.02196
3196.40871,0.02247
3195.44449,0.02315
3194.48026,0.02378
3193.51604,0.02420
3192.55181,0.02444
3191.58758,0.02464
3190.62336,0.02486
3189.65913,0.02499
3188.69491,0.02486
3187.73068,0.02447
3186.76645,0.02402
3185.80223,0.02366
3184.83800,0.02336
3183.87378,0.02294
3182.90955,0.02239
3181.94533,0.02188
3180.98110,0.02157
3180.01687,0.02148
3179.05265,0.02147
3178.08842,0.02145
3177.12420,0.02146
3176.15997,0.02160
3175.19574,0.02188
3174.23152,0.02227
3173.26729,0.02268
3172.30307,0.02306
3171.33884,0.02335
3170.37461,0.02347
3169.41039,0.02340
3168.44616,0.02318
3167.48194,0.02290
3166.51771,0.02266
3165.55349,0.02250
3164.58926,0.02238
3163.62503,0.02224
3162.66081,0.02203
3161.69658,0.02187
3160.73236,0.02194
3159.76813,0.02235
3158.80390,0.02289
3157.83968,0.02319
3156.87545,0.02302
3155.91123,0.02258
3154.94700,0.02227
3153.98278,0.02233
3153.01855,0.02263
3152.05432,0.02285
3151.09010,0.02281
3150.12587,0.02254
3149.16165,0.02216
3148.19742,0.02176
3147.23319,0.02147
3146.26897,0.02141
3145.30474,0.02157
3144.34052,0.02170
3143.37629,0.02154
3142.41207,0.02113
3141.44784,0.02079
3140.48361,0.02081
3139.51939,0.02111
3138.55516,0.02138
3137.59094,0.02138
3136.62671,0.02119
3135.66248,0.02098
3134.69826,0.02086
3133.73403,0.02081
3132.76981,0.02084
3131.80558,0.02100
3130.84135,0.02125
3129.87713,0.02140
3128.91290,0.02132
3127.94868,0.02104
3126.98445,0.02071
3126.02023,0.02039
3125.05600,0.02010
3124.09177,0.01986
3123.12755,0.01984
3122.16332,0.02015
3121.19910,0.02067
3120.23487,0.02115
3119.27064,0.02138
3118.30642,0.02134
3117.34219,0.02106
3116.37797,0.02058
3115.41374,0.01998
3114.44952,0.01950
3113.48529,0.01936
3112.52106,0.01960
3111.55684,0.01995
3110.59261,0.02016
3109.62839,0.02019
3108.66416,0.02017
3107.69993,0.02021
3106.73571,0.02027
3105.77148,0.02030
3104.80726,0.02031
3103.84303,0.02034
3102.87881,0.02032
3101.91458,0.02016
3100.95035,0.01989
3099.98613,0.01969
3099.02190,0.01970
3098.05768,0.01985
3097.09345,0.01997
3096.12922,0.01997
3095.16500,0.01988
3094.20077,0.01978
3093.23655,0.01966
3092.27232,0.01949
3091.30809,0.01934
3090.34387,0.01928
3089.37964,0.01928
3088.41542,0.01925
3087.45119,0.01919
3086.48697,0.01923
3085.52274,0.01946
3084.55851,0.01976
3083.59429,0.01987
3082.63006,0.01966
3081.66584,0.01923
3080.70161,0.01877
3079.73738,0.01832
3078.77316,0.01786
3077.80893,0.01746
3076.84471,0.01729
3075.88048,0.01739
3074.91626,0.01759
3073.95203,0.01767
3072.98780,0.01761
3072.02358,0.01757
3071.05935,0.01768
3070.09513,0.01788
3069.13090,0.01804
3068.16667,0.01815
3067.20245,0.01834
3066.23822,0.01861
3065.27400,0.01880
3064.30977,0.01877
3063.34554,0.01856
3062.38132,0.01838
3061.41709,0.01835
3060.45287,0.01843
3059.48864,0.01856
3058.52442,0.01870
3057.56019,0.01885
3056.59596,0.01891
3055.63174,0.01875
3054.66751,0.01836
3053.70329,0.01795
3052.73906,0.01775
3051.77483,0.01787
3050.81061,0.01825
3049.84638,0.01871
3048.88216,0.01903
3047.91793,0.01904
3046.95371,0.01863
3045.98948,0.01796
3045.02525,0.01740
3044.06103,0.01735
3043.09680,0.01787
3042.13258,0.01861
3041.16835,0.01907
3040.20412,0.01897
3039.23990,0.01845
3038.27567,0.01790
3037.31145,0.01766
3036.34722,0.01784
3035.38300,0.01828
3034.41877,0.01870
3033.45454,0.01884
3032.49032,0.01868
3031.52609,0.01836
3030.56187,0.01809
3029.59764,0.01798
3028.63341,0.01798
3027.66919,0.01802
3026.70496,0.01804
3025.74074,0.01805
3024.77651,0.01804
3023.81228,0.01798
3022.84806,0.01789
3021.88383,0.01783
3020.91961,0.01787
3019.95538,0.01799
3018.99116,0.01809
3018.02693,0.01807
3017.06270,0.01790
3016.09848,0.01761
3015.13425,0.01724
3014.17003,0.01685
3013.20580,0.01651
3012.24157,0.01629
3011.27735,0.01620
3010.31312,0.01620
3009.34890,0.01622
3008.38467,0.01624
3007.42045,0.01627
3006.45622,0.01637
3005.49199,0.01656
3004.52777,0.01687
3003.56354,0.01722
3002.59932,0.01743
3001.63509,0.01739
3000.67086,0.01712
2999.70664,0.01681
2998.74241,0.01666
2997.77819,0.01671
2996.81396,0.01681
2995.84974,0.01676
2994.88551,0.01655
2993.92128,0.01629
2992.95706,0.01617
2991.99283,0.01630
2991.02861,0.01664
2990.06438,0.01701
2989.10015,0.01723
2988.13593,0.01718
2987.17170,0.01690
2986.20748,0.01657
2985.24325,0.01636
2984.27902,0.01629
2983.31480,0.01623
2982.35057,0.01602
2981.38635,0.01572
2980.42212,0.01553
2979.45790,0.01567
2978.49367,0.01612
2977.52944,0.01668
2976.56522,0.01709
2975.60099,0.01725
2974.63677,0.01722
2973.67254,0.01709
2972.70831,0.01695
2971.74409,0.01677
2970.77986,0.01655
2969.81564,0.01632
2968.85141,0.01613
2967.88719,0.01599
2966.92296,0.01585
2965.95873,0.01564
2964.99451,0.01543
2964.03028,0.01536
2963.06606,0.01554
2962.10183,0.01590
2961.13760,0.01623
2960.17338,0.01637
2959.20915,0.01637
2958.24493,0.01639
2957.28070,0.01654
2956.31647,0.01675
2955.35225,0.01687
2954.38802,0.01684
2953.42380,0.01678
2952.45957,0.01676
2951.49535,0.01679
2950.53112,0.01678
2949.56689,0.01667
2948.60267,0.01649
2947.63844,0.01627
2946.67422,0.01607
2945.70999,0.01594
2944.74576,0.01596
2943.78154,0.01617
2942.81731,0.01648
2941.85309,0.01673
2940.88886,0.01678
2939.92464,0.01669
2938.96041,0.01663
2937.99618,0.01671
2937.03196,0.01690
2936.06773,0.01705
2935.10351,0.01702
2934.13928,0.01676
2933.17505,0.01631
2932.21083,0.01576
2931.24660,0.01527
2930.28238,0.01504
2929.31815,0.01518
2928.35393,0.01560
2927.38970,0.01605
2926.42547,0.01625
2925.46125,0.01616
2924.49702,0.01596
2923.53280,0.01594
2922.56857,0.01619
2921.60434,0.01658
2920.64012,0.01688
2919.67589,0.01693
2918.71167,0.01680
2917.74744,0.01664
2916.78321,0.01654
2915.81899,0.01643
2914.85476,0.01616
2913.89054,0.01566
2912.92631,0.01507
2911.96209,0.01462
2910.99786,0.01447
2910.03363,0.01462
2909.06941,0.01493
2908.10518,0.01523
2907.14096,0.01541
2906.17673,0.01541
2905.21250,0.01523
2904.24828,0.01496
2903.28405,0.01475
2902.31983,0.01469
2901.35560,0.01473
2900.39138,0.01474
2899.42715,0.01458
2898.46292,0.01427
2897.49870,0.01398
2896.53447,0.01390
2895.57025,0.01414
2894.60602,0.01467
2893.64179,0.01536
2892.67757,0.01603
2891.71334,0.01653
2890.74912,0.01677
2889.78489,0.01677
2888.82066,0.01661
2887.85644,0.01640
2886.89221,0.01619
2885.92799,0.01603
2884.96376,0.01595
2883.99954,0.01594
2883.03531,0.01594
2882.07108,0.01584
2881.10686,0.01559
2880.14263,0.01531
2879.17841,0.01516
2878.21418,0.01526
2877.24995,0.01560
2876.28573,0.01602
2875.32150,0.01639
2874.35728,0.01661
2873.39305,0.01658
2872.42883,0.01623
2871.46460,0.01560
2870.50037,0.01489
2869.53615,0.01441
2868.57192,0.01432
2867.60770,0.01456
2866.64347,0.01490
2865.67924,0.01513
2864.71502,0.01522
2863.75079,0.01525
2862.78657,0.01527
2861.82234,0.01524
2860.85812,0.01510
2859.89389,0.01487
2858.92966,0.01469
2857.96544,0.01467
2857.00121,0.01480
2856.03699,0.01492
2855.07276,0.01489
2854.10853,0.01469
2853.14431,0.01448
2852.18008,0.01441
2851.21586,0.01461
2850.25163,0.01503
2849.28740,0.01557
2848.32318,0.01610
2847.35895,0.01648
2846.39473,0.01658
2845.43050,0.01636
2844.46628,0.01592
2843.50205,0.01544
2842.53782,0.01515
2841.57360,0.01515
2840.60937,0.01537
2839.64515,0.01563
2838.68092,0.01571
2837.71669,0.01553
2836.75247,0.01516
2835.78824,0.01477
2834.82402,0.01452
2833.85979,0.01448
2832.89557,0.01462
2831.93134,0.01484
2830.96711,0.01506
2830.00289,0.01519
2829.03866,0.01519
2828.07444,0.01510
2827.11021,0.01503
2826.14598,0.01506
2825.18176,0.01515
2824.21753,0.01515
2823.25331,0.01497
2822.28908,0.01464
2821.32486,0.01430
2820.36063,0.01411
2819.39640,0.01409
2818.43218,0.01421
2817.46795,0.01438
2816.50373,0.01451
2815.53950,0.01448
2814.57527,0.01420
2813.61105,0.01373
2812.64682,0.01331
2811.68260,0.01318
2810.71837,0.01342
2809.75414,0.01388
2808.78992,0.01429
2807.82569,0.01452
2806.86147,0.01457
2805.89724,0.01447
2804.93302,0.01428
2803.96879,0.01402
2803.00456,0.01375
2802.04034,0.01352
2801.07611,0.01337
2800.11189,0.01331
2799.14766,0.01339
2798.18343,0.01363
2797.21921,0.01397
2796.25498,0.01428
2795.29076,0.01438
2794.32653,0.01426
2793.36231,0.01408
2792.39808,0.01403
2791.43385,0.01417
2790.46963,0.01446
2789.50540,0.01479
2788.54118,0.01507
2787.57695,0.01527
2786.61272,0.01532
2785.64850,0.01518
2784.68427,0.01486
2783.72005,0.01446
2782.75582,0.01414
2781.79159,0.01403
2780.82737,0.01416
2779.86314,0.01440
2778.89892,0.01455
2777.93469,0.01446
2776.97047,0.01417
2776.00624,0.01381
2775.04201,0.01359
2774.07779,0.01357
2773.11356,0.01372
2772.14934,0.01394
2771.18511,0.01417
2770.22088,0.01433
2769.25666,0.01437
2768.29243,0.01429
2767.32821,0.01419
2766.36398,0.01425
2765.39976,0.01450
2764.43553,0.01483
2763.47130,0.01499
2762.50708,0.01492
2761.54285,0.01478
2760.57863,0.01481
2759.61440,0.01505
2758.65017,0.01530
2757.68595,0.01533
2756.72172,0.01505
2755.75750,0.01466
2754.79327,0.01440
2753.82905,0.01436
2752.86482,0.01445
2751.90059,0.01456
2750.93637,0.01468
2749.97214,0.01488
2749.00792,0.01515
2748.04369,0.01541
2747.07946,0.01555
2746.11524,0.01553
2745.15101,0.01543
2744.18679,0.01528
2743.22256,0.01506
2742.25833,0.01474
2741.29411,0.01439
2740.32988,0.01417
2739.36566,0.01419
2738.40143,0.01438
2737.43721,0.01452
2736.47298,0.01443
2735.50875,0.01419
2734.54453,0.01398
2733.58030,0.01395
2732.61608,0.01408
2731.65185,0.01425
2730.68762,0.01438
2729.72340,0.01450
2728.75917,0.01464
2727.79495,0.01476
2726.83072,0.01476
2725.86650,0.01462
2724.90227,0.01443
2723.93804,0.01431
2722.97382,0.01431
2722.00959,0.01439
2721.04537,0.01446
2720.08114,0.01446
2719.11691,0.01438
2718.15269,0.01425
2717.18846,0.01413
2716.22424,0.01407
2715.26001,0.01414
2714.29579,0.01434
2713.33156,0.01464
2712.36733,0.01495
2711.40311,0.01513
2710.43888,0.01510
2709.47466,0.01481
2708.51043,0.01434
2707.54620,0.01384
2706.58198,0.01349
2705.61775,0.01340
2704.65353,0.01355
2703.68930,0.01383
2702.72507,0.01414
2701.76085,0.01441
2700.79662,0.01460
2699.83240,0.01469
2698.86817,0.01467
2697.90395,0.01454
2696.93972,0.01436
2695.97549,0.01419
2695.01127,0.01409
2694.04704,0.01411
2693.08282,0.01421
2692.11859,0.01434
2691.15436,0.01440
2690.19014,0.01433
2689.22591,0.01416
2688.26169,0.01399
2687.29746,0.01388
2686.33324,0.01382
2685.36901,0.01376
2684.40478,0.01369
2683.44056,0.01371
2682.47633,0.01390
2681.51211,0.01422
2680.54788,0.01455
2679.58365,0.01478
2678.61943,0.01494
2677.65520,0.01513
2676.69098,0.01540
2675.72675,0.01567
2674.76252,0.01581
2673.79830,0.01574
2672.83407,0.01544
2671.86985,0.01501
2670.90562,0.01461
2669.94140,0.01439
2668.97717,0.01437
2668.01294,0.01442
2667.04872,0.01437
2666.08449,0.01409
2665.12027,0.01368
2664.15604,0.01335
2663.19181,0.01326
2662.22759,0.01343
2661.26336,0.01379
2660.29914,0.01425
2659.33491,0.01472
2658.37069,0.01507
2657.40646,0.01521
2656.44223,0.01510
2655.47801,0.01484
2654.51378,0.01457
2653.54956,0.01437
2652.58533,0.01421
2651.62110,0.01408
2650.65688,0.01396
2649.69265,0.01389
2648.72843,0.01388
2647.76420,0.01395
2646.79998,0.01409
2645.83575,0.01429
2644.87152,0.01449
2643.90730,0.01459
2642.94307,0.01454
2641.97885,0.01439
2641.01462,0.01424
2640.05039,0.01416
2639.08617,0.01414
2638.12194,0.01411
2637.15772,0.01402
2636.19349,0.01387
2635.22926,0.01375
2634.26504,0.01379
2633.30081,0.01402
2632.33659,0.01434
2631.37236,0.01451
2630.40814,0.01436
2629.44391,0.01398
2628.47968,0.01370
2627.51546,0.01378
2626.55123,0.01416
2625.58701,0.01453
2624.62278,0.01463
2623.65855,0.01451
2622.69433,0.01441
2621.73010,0.01447
2620.76588,0.01462
2619.80165,0.01466
2618.83743,0.01457
2617.87320,0.01451
2616.90897,0.01462
2615.94475,0.01481
2614.98052,0.01489
2614.01630,0.01471
2613.05207,0.01439
2612.08784,0.01418
2611.12362,0.01424
2610.15939,0.01449
2609.19517,0.01472
2608.23094,0.01479
2607.26672,0.01480
2606.30249,0.01495
2605.33826,0.01526
2604.37404,0.01551
2603.40981,0.01541
2602.44559,0.01490
2601.48136,0.01422
2600.51713,0.01373
2599.55291,0.01361
2598.58868,0.01378
2597.62446,0.01402
2596.66023,0.01422
2595.69600,0.01438
2594.73178,0.01452
2593.76755,0.01463
2592.80333,0.01467
2591.83910,0.01466
2590.87488,0.01462
2589.91065,0.01458
2588.94642,0.01454
2587.98220,0.01451
2587.01797,0.01455
2586.05375,0.01471
2585.08952,0.01494
2584.12529,0.01515
2583.16107,0.01523
2582.19684,0.01514
2581.23262,0.01496
2580.26839,0.01478
2579.30417,0.01465
2578.33994,0.01454
2577.37571,0.01438
2576.41149,0.01416
2575.44726,0.01397
2574.48304,0.01392
2573.51881,0.01405
2572.55458,0.01427
2571.59036,0.01452
2570.62613,0.01473
2569.66191,0.01489
2568.69768,0.01495
2567.73345,0.01482
2566.76923,0.01452
2565.80500,0.01418
2564.84078,0.01398
2563.87655,0.01399
2562.91233,0.01413
2561.94810,0.01425
2560.98387,0.01427
2560.01965,0.01421
2559.05542,0.01417
2558.09120,0.01418
2557.12697,0.01425
2556.16274,0.01434
2555.19852,0.01438
2554.23429,0.01432
2553.27007,0.01424
2552.30584,0.01423
2551.34162,0.01433
2550.37739,0.01445
2549.41316,0.01445
2548.44894,0.01432
2547.48471,0.01422
2546.52049,0.01427
2545.55626,0.01441
2544.59203,0.01446
2543.62781,0.01437
2542.66358,0.01429
2541.69936,0.01437
2540.73513,0.01456
2539.77091,0.01462
2538.80668,0.01439
2537.84245,0.01401
2536.87823,0.01376
2535.91400,0.01373
2534.94978,0.01381
2533.98555,0.01378
2533.02132,0.01364
2532.05710,0.01351
2531.09287,0.01352
2530.12865,0.01362
2529.16442,0.01374
2528.20019,0.01383
2527.23597,0.01394
2526.27174,0.01408
2525.30752,0.01423
2524.34329,0.01436
2523.37907,0.01446
2522.41484,0.01453
2521.45061,0.01454
2520.48639,0.01443
2519.52216,0.01422
2518.55794,0.01399
2517.59371,0.01383
2516.62948,0.01377
2515.66526,0.01377
2514.70103,0.01377
2513.73681,0.01378
2512.77258,0.01383
2511.80836,0.01393
2510.84413,0.01403
2509.87990,0.01408
2508.91568,0.01411
2507.95145,0.01416
2506.98723,0.01428
2506.02300,0.01443
2505.05877,0.01453
2504.09455,0.01451
2503.13032,0.01436
2502.16610,0.01415
2501.20187,0.01400
2500.23764,0.01399
2499.27342,0.01415
2498.30919,0.01435
2497.34497,0.01446
2496.38074,0.01436
2495.41652,0.01412
2494.45229,0.01391
2493.48806,0.01384
2492.52384,0.01390
2491.55961,0.01401
2490.59539,0.01413
2489.63116,0.01433
2488.66693,0.01465
2487.70271,0.01498
2486.73848,0.01513
2485.77426,0.01500
2484.81003,0.01471
2483.84581,0.01447
2482.88158,0.01437
2481.91735,0.01436
2480.95313,0.01431
2479.98890,0.01419
2479.02468,0.01405
2478.06045,0.01391
2477.09622,0.01376
2476.13200,0.01356
2475.16777,0.01339
2474.20355,0.01333
2473.23932,0.01344
2472.27510,0.01372
2471.31087,0.01410
2470.34664,0.01453
2469.38242,0.01491
2468.41819,0.01519
2467.45397,0.01530
2466.48974,0.01523
2465.52551,0.01498
2464.56129,0.01457
2463.59706,0.01407
2462.63284,0.01359
2461.66861,0.01329
2460.70438,0.01328
2459.74016,0.01349
2458.77593,0.01383
2457.81171,0.01418
2456.84748,0.01452
2455.88326,0.01481
2454.91903,0.01495
2453.95480,0.01488
2452.99058,0.01465
2452.02635,0.01440
2451.06213,0.01428
2450.09790,0.01430
2449.13367,0.01437
2448.16945,0.01438
2447.20522,0.01429
2446.24100,0.01418
2445.27677,0.01414
2444.31255,0.01424
2443.34832,0.01443
2442.38409,0.01462
2441.41987,0.01466
2440.45564,0.01452
2439.49142,0.01428
2438.52719,0.01406
2437.56296,0.01395
2436.59874,0.01395
2435.63451,0.01406
2434.67029,0.01423
2433.70606,0.01440
2432.74184,0.01446
2431.77761,0.01437
2430.81338,0.01416
2429.84916,0.01397
2428.88493,0.01388
2427.92071,0.01388
2426.95648,0.01389
2425.99225,0.01386
2425.02803,0.01376
2424.06380,0.01364
2423.09958,0.01352
2422.13535,0.01345
2421.17112,0.01352
2420.20690,0.01374
2419.24267,0.01401
2418.27845,0.01421
2417.31422,0.01431
2416.35000,0.01436
2415.38577,0.01442
2414.42154,0.01444
2413.45732,0.01433
2412.49309,0.01411
2411.52887,0.01393
2410.56464,0.01394
2409.60041,0.01417
2408.63619,0.01446
2407.67196,0.01464
2406.70774,0.01468
2405.74351,0.01463
2404.77929,0.01458
2403.81506,0.01457
2402.85083,0.01457
2401.88661,0.01452
2400.92238,0.01438
2399.95816,0.01413
2398.99393,0.01387
2398.02970,0.01373
2397.06548,0.01380
2396.10125,0.01401
2395.13703,0.01420
2394.17280,0.01425
2393.20857,0.01415
2392.24435,0.01400
2391.28012,0.01390
2390.31590,0.01390
2389.35167,0.01402
2388.38745,0.01420
2387.42322,0.01431
2386.45899,0.01423
2385.49477,0.01391
2384.53054,0.01355
2383.56632,0.01344
2382.60209,0.01370
2381.63786,0.01416
2380.67364,0.01449
2379.70941,0.01452
2378.74519,0.01436
2377.78096,0.01428
2376.81674,0.01444
2375.85251,0.01473
2374.88828,0.01492
2373.92406,0.01485
2372.95983,0.01457
2371.99561,0.01421
2371.03138,0.01388
2370.06715,0.01366
2369.10293,0.01359
2368.13870,0.01369
2367.17448,0.01384
2366.21025,0.01389
2365.24603,0.01377
2364.28180,0.01354
2363.31757,0.01339
2362.35335,0.01346
2361.38912,0.01369
2360.42490,0.01390
2359.46067,0.01395
2358.49644,0.01390
2357.53222,0.01388
2356.56799,0.01398
2355.60377,0.01413
2354.63954,0.01421
2353.67531,0.01414
2352.71109,0.01402
2351.74686,0.01399
2350.78264,0.01416
2349.81841,0.01452
2348.85419,0.01496
2347.88996,0.01530
2346.92573,0.01541
2345.96151,0.01525
2344.99728,0.01491
2344.03306,0.01460
2343.06883,0.01451
2342.10460,0.01468
2341.14038,0.01496
2340.17615,0.01513
2339.21193,0.01508
2338.24770,0.01484
2337.28348,0.01452
2336.31925,0.01421
2335.35502,0.01397
2334.39080,0.01380
2333.42657,0.01373
2332.46235,0.01378
2331.49812,0.01394
2330.53389,0.01415
2329.56967,0.01425
2328.60544,0.01414
2327.64122,0.01379
2326.67699,0.01335
2325.71277,0.01306
2324.74854,0.01309
2323.78431,0.01339
2322.82009,0.01377
2321.85586,0.01406
2320.89164,0.01426
2319.92741,0.01444
2318.96318,0.01460
2317.99896,0.01464
2317.03473,0.01449
2316.07051,0.01420
2315.10628,0.01398
2314.14205,0.01394
2313.17783,0.01403
2312.21360,0.01408
2311.24938,0.01403
2310.28515,0.01395
2309.32093,0.01393
2308.35670,0.01401
2307.39247,0.01411
2306.42825,0.01414
2305.46402,0.01408
2304.49980,0.01401
2303.53557,0.01404
2302.57134,0.01426
2301.60712,0.01463
2300.64289,0.01501
2299.67867,0.01526
2298.71444,0.01534
2297.75022,0.01532
2296.78599,0.01530
2295.82176,0.01527
2294.85754,0.01509
2293.89331,0.01470
2292.92909,0.01423
2291.96486,0.01389
2291.00063,0.01381
2290.03641,0.01389
2289.07218,0.01395
2288.10796,0.01387
2287.14373,0.01371
2286.17950,0.01355
2285.21528,0.01341
2284.25105,0.01331
2283.28683,0.01327
2282.32260,0.01334
2281.35838,0.01350
2280.39415,0.01367
2279.42992,0.01380
2278.46570,0.01387
2277.50147,0.01393
2276.53725,0.01396
2275.57302,0.01393
2274.60879,0.01385
2273.64457,0.01381
2272.68034,0.01389
2271.71612,0.01404
2270.75189,0.01415
2269.78767,0.01417
2268.82344,0.01415
2267.85921,0.01418
2266.89499,0.01428
2265.93076,0.01437
2264.96654,0.01437
2264.00231,0.01431
2263.03808,0.01427
2262.07386,0.01427
2261.10963,0.01426
2260.14541,0.01423
2259.18118,0.01417
2258.21696,0.01412
2257.25273,0.01408
2256.28850,0.01408
2255.32428,0.01414
2254.36005,0.01430
2253.39583,0.01453
2252.43160,0.01477
2251.46737,0.01497
2250.50315,0.01520
2249.53892,0.01556
2248.57470,0.01597
2247.61047,0.01618
2246.64624,0.01596
2245.68202,0.01532
2244.71779,0.01460
2243.75357,0.01418
2242.78934,0.01419
2241.82512,0.01449
2240.86089,0.01480
2239.89666,0.01492
2238.93244,0.01475
2237.96821,0.01431
2237.00399,0.01374
2236.03976,0.01327
2235.07553,0.01312
2234.11131,0.01335
2233.14708,0.01377
2232.18286,0.01411
2231.21863,0.01425
2230.25441,0.01427
2229.29018,0.01432
2228.32595,0.01445
2227.36173,0.01459
2226.39750,0.01468
2225.43328,0.01472
2224.46905,0.01470
2223.50482,0.01461
2222.54060,0.01440
2221.57637,0.01406
2220.61215,0.01371
2219.64792,0.01347
2218.68369,0.01341
2217.71947,0.01350
2216.75524,0.01366
2215.79102,0.01383
2214.82679,0.01397
2213.86257,0.01412
2212.89834,0.01429
2211.93411,0.01448
2210.96989,0.01455
2210.00566,0.01438
2209.04144,0.01399
2208.07721,0.01357
2207.11298,0.01335
2206.14876,0.01344
2205.18453,0.01373
2204.22031,0.01405
2203.25608,0.01429
2202.29186,0.01443
2201.32763,0.01452
2200.36340,0.01456
2199.39918,0.01457
2198.43495,0.01456
2197.47073,0.01451
2196.50650,0.01442
2195.54227,0.01430
2194.57805,0.01422
2193.61382,0.01426
2192.64960,0.01440
2191.68537,0.01453
2190.72115,0.01451
2189.75692,0.01433
2188.79269,0.01410
2187.82847,0.01394
2186.86424,0.01393
2185.90002,0.01407
2184.93579,0.01431
2183.97156,0.01456
2183.00734,0.01470
2182.04311,0.01466
2181.07889,0.01446
2180.11466,0.01419
2179.15043,0.01396
2178.18621,0.01384
2177.22198,0.01388
2176.25776,0.01409
2175.29353,0.01443
2174.32931,0.01476
2173.36508,0.01496
2172.40085,0.01499
2171.43663,0.01494
2170.47240,0.01493
2169.50818,0.01495
2168.54395,0.01490
2167.57972,0.01478
2166.61550,0.01464
2165.65127,0.01456
2164.68705,0.01451
2163.72282,0.01443
2162.75860,0.01432
2161.79437,0.01428
2160.83014,0.01435
2159.86592,0.01448
2158.90169,0.01458
2157.93747,0.01461
2156.97324,0.01463
2156.00901,0.01463
2155.04479,0.01455
2154.08056,0.01443
2153.11634,0.01436
2152.15211,0.01448
2151.18789,0.01476
2150.22366,0.01504
2149.25943,0.01515
2148.29521,0.01509
2147.33098,0.01495
2146.36676,0.01482
2145.40253,0.01472
2144.43830,0.01467
2143.47408,0.01469
2142.50985,0.01477
2141.54563,0.01480
2140.58140,0.01467
2139.61717,0.01437
2138.65295,0.01401
2137.68872,0.01372
2136.72450,0.01357
2135.76027,0.01359
2134.79605,0.01379
2133.83182,0.01410
2132.86759,0.01440
2131.90337,0.01456
2130.93914,0.01458
2129.97492,0.01462
2129.01069,0.01483
2128.04646,0.01518
2127.08224,0.01544
2126.11801,0.01543
2125.15379,0.01518
2124.18956,0.01490
2123.22534,0.01479
2122.26111,0.01485
2121.29688,0.01491
2120.33266,0.01479
2119.36843,0.01446
2118.40421,0.01406
2117.43998,0.01376
2116.47575,0.01365
2115.51153,0.01370
2114.54730,0.01383
2113.58308,0.01395
2112.61885,0.01406
2111.65462,0.01419
2110.69040,0.01435
2109.72617,0.01450
2108.76195,0.01458
2107.79772,0.01458
2106.83350,0.01451
2105.86927,0.01441
2104.90504,0.01434
2103.94082,0.01430
2102.97659,0.01428
2102.01237,0.01424
2101.04814,0.01418
2100.08391,0.01418
2099.11969,0.01429
2098.15546,0.01450
2097.19124,0.01466
2096.22701,0.01464
2095.26279,0.01449
2094.29856,0.01436
2093.33433,0.01434
2092.37011,0.01436
2091.40588,0.01431
2090.44166,0.01419
2089.47743,0.01410
2088.51320,0.01413
2087.54898,0.01419
2086.58475,0.01413
2085.62053,0.01397
2084.65630,0.01382
2083.69208,0.01378
2082.72785,0.01381
2081.76362,0.01384
2080.79940,0.01386
2079.83517,0.01400
2078.87095,0.01428
2077.90672,0.01452
2076.94249,0.01453
2075.97827,0.01425
2075.01404,0.01387
2074.04982,0.01363
2073.08559,0.01366
2072.12136,0.01391
2071.15714,0.01421
2070.19291,0.01441
2069.22869,0.01440
2068.26446,0.01419
2067.30024,0.01390
2066.33601,0.01367
2065.37178,0.01360
2064.40756,0.01368
2063.44333,0.01380
2062.47911,0.01390
2061.51488,0.01395
2060.55065,0.01397
2059.58643,0.01393
2058.62220,0.01382
2057.65798,0.01364
2056.69375,0.01343
2055.72953,0.01326
2054.76530,0.01323
2053.80107,0.01340
2052.83685,0.01370
2051.87262,0.01400
2050.90840,0.01412
2049.94417,0.01405
2048.97994,0.01387
2048.01572,0.01372
2047.05149,0.01362
2046.08727,0.01357
2045.12304,0.01357
2044.15882,0.01368
2043.19459,0.01384
2042.23036,0.01387
2041.26614,0.01366
2040.30191,0.01328
2039.33769,0.01300
2038.37346,0.01300
2037.40923,0.01320
2036.44501,0.01339
2035.48078,0.01345
2034.51656,0.01345
2033.55233,0.01348
2032.58810,0.01357
2031.62388,0.01363
2030.65965,0.01366
2029.69543,0.01372
2028.73120,0.01382
2027.76698,0.01386
2026.80275,0.01379
2025.83852,0.01363
2024.87430,0.01350
2023.91007,0.01349
2022.94585,0.01352
2021.98162,0.01354
2021.01739,0.01355
2020.05317,0.01364
2019.08894,0.01381
2018.12472,0.01398
2017.16049,0.01404
2016.19627,0.01395
2015.23204,0.01377
2014.26781,0.01360
2013.30359,0.01352
2012.33936,0.01354
2011.37514,0.01359
2010.41091,0.01362
2009.44668,0.01360
2008.48246,0.01355
2007.51823,0.01355
2006.55401,0.01359
2005.58978,0.01364
2004.62555,0.01363
2003.66133,0.01358
2002.69710,0.01353
2001.73288,0.01351
2000.76865,0.01351
1999.80443,0.01350
1998.84020,0.01351
1997.87597,0.01356
1996.91175,0.01363
1995.94752,0.01368
1994.98330,0.01367
1994.01907,0.01362
1993.05484,0.01353
1992.09062,0.01340
1991.12639,0.01327
1990.16217,0.01326
1989.19794,0.01343
1988.23372,0.01370
1987.26949,0.01382
1986.30526,0.01367
1985.34104,0.01336
1984.37681,0.01315
1983.41259,0.01316
1982.44836,0.01327
1981.48413,0.01331
1980.51991,0.01332
1979.55568,0.01344
1978.59146,0.01371
1977.62723,0.01394
1976.66301,0.01391
1975.69878,0.01365
1974.73455,0.01336
1973.77033,0.01320
1972.80610,0.01309
1971.84188,0.01290
1970.87765,0.01267
1969.91342,0.01256
1968.94920,0.01272
1967.98497,0.01302
1967.02075,0.01322
1966.05652,0.01322
1965.09229,0.01315
1964.12807,0.01324
1963.16384,0.01353
1962.19962,0.01390
1961.23539,0.01415
1960.27117,0.01422
1959.30694,0.01416
1958.34271,0.01404
1957.37849,0.01386
1956.41426,0.01360
1955.45004,0.01330
1954.48581,0.01309
1953.52158,0.01304
1952.55736,0.01313
1951.59313,0.01324
1950.62891,0.01330
1949.66468,0.01338
1948.70046,0.01358
1947.73623,0.01386
1946.77200,0.01399
1945.80778,0.01376
1944.84355,0.01321
1943.87933,0.01259
1942.91510,0.01222
1941.95087,0.01221
1940.98665,0.01244
1940.02242,0.01272
1939.05820,0.01292
1938.09397,0.01305
1937.12974,0.01313
1936.16552,0.01317
1935.20129,0.01321
1934.23707,0.01325
1933.27284,0.01324
1932.30862,0.01315
1931.34439,0.01300
1930.38016,0.01291
1929.41594,0.01299
1928.45171,0.01322
1927.48749,0.01347
1926.52326,0.01356
1925.55903,0.01343
1924.59481,0.01313
1923.63058,0.01275
1922.66636,0.01245
1921.70213,0.01235
1920.73791,0.01252
1919.77368,0.01288
1918.80945,0.01324
1917.84523,0.01348
1916.88100,0.01358
1915.91678,0.01362
1914.95255,0.01361
1913.98832,0.01349
1913.02410,0.01322
1912.05987,0.01293
1911.09565,0.01278
1910.13142,0.01283
1909.16720,0.01296
1908.20297,0.01303
1907.23874,0.01301
1906.27452,0.01296
1905.31029,0.01293
1904.34607,0.01287
1903.38184,0.01276
1902.41761,0.01267
1901.45339,0.01267
1900.48916,0.01278
1899.52494,0.01291
1898.56071,0.01297
1897.59648,0.01293
1896.63226,0.01285
1895.66803,0.01282
1894.70381,0.01290
1893.73958,0.01315
1892.77536,0.01353
1891.81113,0.01389
1890.84690,0.01404
1889.88268,0.01384
1888.91845,0.01342
1887.95423,0.01302
1886.99000,0.01286
1886.02577,0.01289
1885.06155,0.01296
1884.09732,0.01295
1883.13310,0.01287
1882.16887,0.01282
1881.20465,0.01282
1880.24042,0.01277
1879.27619,0.01262
1878.31197,0.01242
1877.34774,0.01230
1876.38352,0.01235
1875.41929,0.01250
1874.45506,0.01259
1873.49084,0.01259
1872.52661,0.01258
1871.56239,0.01269
1870.59816,0.01294
1869.63394,0.01315
1868.66971,0.01314
1867.70548,0.01291
1866.74126,0.01266
1865.77703,0.01258
1864.81281,0.01270
1863.84858,0.01287
1862.88435,0.01294
1861.92013,0.01289
1860.95590,0.01282
1859.99168,0.01281
1859.02745,0.01287
1858.06322,0.01291
1857.09900,0.01287
1856.13477,0.01274
1855.17055,0.01261
1854.20632,0.01257
1853.24210,0.01266
1852.27787,0.01284
1851.31364,0.01296
1850.34942,0.01292
1849.38519,0.01277
1848.42097,0.01265
1847.45674,0.01267
1846.49251,0.01277
1845.52829,0.01279
1844.56406,0.01264
1843.59984,0.01240
1842.63561,0.01225
1841.67139,0.01231
1840.70716,0.01256
1839.74293,0.01286
1838.77871,0.01305
1837.81448,0.01308
1836.85026,0.01298
1835.88603,0.01289
1834.92180,0.01292
1833.95758,0.01306
1832.99335,0.01322
1832.02913,0.01326
1831.06490,0.01318
1830.10067,0.01302
1829.13645,0.01285
1828.17222,0.01270
1827.20800,0.01260
1826.24377,0.01262
1825.27955,0.01282
1824.31532,0.01313
1823.35109,0.01337
1822.38687,0.01342
1821.42264,0.01336
1820.45842,0.01331
1819.49419,0.01327
1818.52996,0.01319
1817.56574,0.01302
1816.60151,0.01292
1815.63729,0.01306
1814.67306,0.01341
1813.70884,0.01372
1812.74461,0.01375
1811.78038,0.01348
1810.81616,0.01311
1809.85193,0.01284
1808.88771,0.01275
1807.92348,0.01279
1806.95925,0.01288
1805.99503,0.01299
1805.03080,0.01311
1804.06658,0.01322
1803.10235,0.01336
1802.13813,0.01355
1801.17390,0.01376
1800.20967,0.01387
1799.24545,0.01382
1798.28122,0.01362
1797.31700,0.01340
1796.35277,0.01324
1795.38854,0.01316
1794.42432,0.01314
1793.46009,0.01321
1792.49587,0.01338
1791.53164,0.01357
1790.56741,0.01366
1789.60319,0.01356
1788.63896,0.01334
1787.67474,0.01313
1786.71051,0.01304
1785.74629,0.01308
1784.78206,0.01317
1783.81783,0.01319
1782.85361,0.01308
1781.88938,0.01286
1780.92516,0.01267
1779.96093,0.01265
1778.99670,0.01282
1778.03248,0.01308
1777.06825,0.01324
1776.10403,0.01328
1775.13980,0.01328
1774.17558,0.01331
1773.21135,0.01333
1772.24712,0.01326
1771.28290,0.01315
1770.31867,0.01321
1769.35445,0.01352
1768.39022,0.01396
1767.42599,0.01421
1766.46177,0.01413
1765.49754,0.01386
1764.53332,0.01365
1763.56909,0.01363
1762.60487,0.01371
1761.64064,0.01375
1760.67641,0.01372
1759.71219,0.01369
1758.74796,0.01375
1757.78374,0.01387
1756.81951,0.01400
1755.85528,0.01410
1754.89106,0.01421
1753.92683,0.01435
1752.96261,0.01452
1751.99838,0.01469
1751.03415,0.01486
1750.06993,0.01499
1749.10570,0.01507
1748.14148,0.01512
1747.17725,0.01518
1746.21303,0.01530
1745.24880,0.01551
1744.28457,0.01574
1743.32035,0.01589
1742.35612,0.01585
1741.39190,0.01563
1740.42767,0.01533
1739.46344,0.01506
1738.49922,0.01494
1737.53499,0.01501
1736.57077,0.01524
1735.60654,0.01554
1734.64232,0.01588
1733.67809,0.01617
1732.71386,0.01637
1731.74964,0.01645
1730.78541,0.01647
1729.82119,0.01651
1728.85696,0.01664
1727.89273,0.01681
1726.92851,0.01692
1725.96428,0.01691
1725.00006,0.01686
1724.03583,0.01687
1723.07160,0.01698
1722.10738,0.01713
1721.14315,0.01726
1720.17893,0.01737
1719.21470,0.01752
1718.25048,0.01772
1717.28625,0.01789
1716.32202,0.01795
1715.35780,0.01792
1714.39357,0.01788
1713.42935,0.01791
1712.46512,0.01796
1711.50089,0.01795
1710.53667,0.01782
1709.57244,0.01766
1708.60822,0.01759
1707.64399,0.01768
1706.67977,0.01788
1705.71554,0.01809
1704.75131,0.01822
1703.78709,0.01828
1702.82286,0.01828
1701.85864,0.01827
1700.89441,0.01827
1699.93018,0.01837
1698.96596,0.01869
1698.00173,0.01924
1697.03751,0.01983
1696.07328,0.02015
1695.10906,0.01997
1694.14483,0.01940
1693.18060,0.01877
1692.21638,0.01841
1691.25215,0.01838
1690.28793,0.01856
1689.32370,0.01876
1688.35947,0.01890
1687.39525,0.01904
1686.43102,0.01923
1685.46680,0.01941
1684.50257,0.01951
1683.53834,0.01944
1682.57412,0.01922
1681.60989,0.01892
1680.64567,0.01867
1679.68144,0.01858
1678.71722,0.01870
1677.75299,0.01891
1676.78876,0.01906
1675.82454,0.01906
1674.86031,0.01899
1673.89609,0.01899
1672.93186,0.01915
1671.96763,0.01941
1671.00341,0.01964
1670.03918,0.01975
1669.07496,0.01978
1668.11073,0.01977
1667.14651,0.01970
1666.18228,0.01958
1665.21805,0.01944
1664.25383,0.01937
1663.28960,0.01945
1662.32538,0.01965
1661.36115,0.01988
1660.39692,0.02004
1659.43270,0.02006
1658.46847,0.01993
1657.50425,0.01971
1656.54002,0.01951
1655.57579,0.01944
1654.61157,0.01953
1653.64734,0.01969
1652.68312,0.01975
1651.71889,0.01959
1650.75467,0.01928
1649.79044,0.01897
1648.82621,0.01882
1647.86199,0.01892
1646.89776,0.01922
1645.93354,0.01954
1644.96931,0.01965
1644.00508,0.01946
1643.04086,0.01912
1642.07663,0.01890
1641.11241,0.01896
1640.14818,0.01921
1639.18396,0.01940
1638.21973,0.01939
1637.25550,0.01926
1636.29128,0.01920
1635.32705,0.01921
1634.36283,0.01919
1633.39860,0.01903
1632.43437,0.01879
1631.47015,0.01862
1630.50592,0.01854
1629.54170,0.01845
1628.57747,0.01826
1627.61325,0.01804
1626.64902,0.01792
1625.68479,0.01793
1624.72057,0.01794
1623.75634,0.01784
1622.79212,0.01762
1621.82789,0.01740
1620.86366,0.01730
1619.89944,0.01730
1618.93521,0.01735
1617.97099,0.01742
1617.00676,0.01747
1616.04253,0.01749
1615.07831,0.01746
1614.11408,0.01739
1613.14986,0.01732
1612.18563,0.01721
1611.22141,0.01705
1610.25718,0.01684
1609.29295,0.01665
1608.32873,0.01654
1607.36450,0.01644
1606.40028,0.01621
1605.43605,0.01578
1604.47182,0.01527
1603.50760,0.01487
1602.54337,0.01472
1601.57915,0.01482
1600.61492,0.01505
1599.65070,0.01528
1598.68647,0.01542
1597.72224,0.01540
1596.75802,0.01524
1595.79379,0.01505
1594.82957,0.01495
1593.86534,0.01501
1592.90111,0.01510
1591.93689,0.01509
1590.97266,0.01490
1590.00844,0.01459
1589.04421,0.01425
1588.07999,0.01398
1587.11576,0.01382
1586.15153,0.01384
1585.18731,0.01407
1584.22308,0.01444
1583.25886,0.01479
1582.29463,0.01499
1581.33040,0.01499
1580.36618,0.01487
1579.40195,0.01470
1578.43773,0.01451
1577.47350,0.01433
1576.50927,0.01415
1575.54505,0.01396
1574.58082,0.01375
1573.61660,0.01358
1572.65237,0.01353
1571.68815,0.01370
1570.72392,0.01405
1569.75969,0.01440
1568.79547,0.01449
1567.83124,0.01422
1566.86702,0.01368
1565.90279,0.01309
1564.93856,0.01269
1563.97434,0.01259
1563.01011,0.01275
1562.04589,0.01301
1561.08166,0.01325
1560.11744,0.01343
1559.15321,0.01358
1558.18898,0.01370
1557.22476,0.01368
1556.26053,0.01344
1555.29631,0.01307
1554.33208,0.01281
1553.36785,0.01289
1552.40363,0.01328
1551.43940,0.01374
1550.47518,0.01402
1549.51095,0.01401
1548.54672,0.01384
1547.58250,0.01370
1546.61827,0.01372
1545.65405,0.01389
1544.68982,0.01405
1543.72560,0.01402
1542.76137,0.01376
1541.79714,0.01340
1540.83292,0.01318
1539.86869,0.01324
1538.90447,0.01347
1537.94024,0.01364
1536.97601,0.01362
1536.01179,0.01349
1535.04756,0.01342
1534.08334,0.01346
1533.11911,0.01350
1532.15489,0.01343
1531.19066,0.01325
1530.22643,0.01308
1529.26221,0.01296
1528.29798,0.01284
1527.33376,0.01268
1526.36953,0.01251
1525.40530,0.01246
1524.44108,0.01259
1523.47685,0.01287
1522.51263,0.01319
1521.54840,0.01338
1520.58418,0.01331
1519.61995,0.01295
1518.65572,0.01244
1517.69150,0.01205
1516.72727,0.01200
1515.76305,0.01230
1514.79882,0.01275
1513.83459,0.01310
1512.87037,0.01325
1511.90614,0.01325
1510.94192,0.01324
1509.97769,0.01332
1509.01346,0.01354
1508.04924,0.01380
1507.08501,0.01393
1506.12079,0.01372
1505.15656,0.01318
1504.19234,0.01255
1503.22811,0.01216
1502.26388,0.01212
1501.29966,0.01230
1500.33543,0.01245
1499.37121,0.01248
1498.40698,0.01247
1497.44275,0.01249
1496.47853,0.01253
1495.51430,0.01253
1494.55008,0.01255
1493.58585,0.01263
1492.62163,0.01273
1491.65740,0.01266
1490.69317,0.01234
1489.72895,0.01193
1488.76472,0.01170
1487.80050,0.01174
1486.83627,0.01185
1485.87204,0.01174
1484.90782,0.01132
1483.94359,0.01072
1482.97937,0.01021
1482.01514,0.00994
1481.05092,0.00995
1480.08669,0.01016
1479.12246,0.01037
1478.15824,0.01040
1477.19401,0.01021
1476.22979,0.00995
1475.26556,0.00983
1474.30133,0.00987
1473.33711,0.00991
1472.37288,0.00981
1471.40866,0.00961
1470.44443,0.00945
1469.48020,0.00933
1468.51598,0.00910
1467.55175,0.00874
1466.58753,0.00846
1465.62330,0.00854
1464.65908,0.00890
1463.69485,0.00920
1462.73062,0.00922
1461.76640,0.00909
1460.80217,0.00906
1459.83795,0.00904
1458.87372,0.00870
1457.90949,0.00790
1456.94527,0.00694
1455.98104,0.00628
1455.01682,0.00602
1454.05259,0.00588
1453.08837,0.00563
1452.12414,0.00539
1451.15991,0.00535
1450.19569,0.00547
1449.23146,0.00558
1448.26724,0.00562
1447.30301,0.00574
1446.33878,0.00600
1445.37456,0.00626
1444.41033,0.00644
1443.44611,0.00669
1442.48188,0.00729
1441.51765,0.00813
1440.55343,0.00872
1439.58920,0.00862
1438.62498,0.00798
1437.66075,0.00739
1436.69653,0.00733
1435.73230,0.00778
1434.76807,0.00838
1433.80385,0.00895
1432.83962,0.00952
1431.87540,0.01009
1430.91117,0.01046
1429.94694,0.01043
1428.98272,0.01010
1428.01849,0.00982
1427.05427,0.00987
1426.09004,0.01019
1425.12582,0.01052
1424.16159,0.01066
1423.19736,0.01067
1422.23314,0.01067
1421.26891,0.01064
1420.30469,0.01037
1419.34046,0.00965
1418.37623,0.00858
1417.41201,0.00751
1416.44778,0.00686
1415.48356,0.00675
1414.51933,0.00697
1413.55511,0.00722
1412.59088,0.00742
1411.62665,0.00770
1410.66243,0.00826
1409.69820,0.00904
1408.73398,0.00974
1407.76975,0.01002
1406.80552,0.00973
1405.84130,0.00904
1404.87707,0.00826
1403.91285,0.00770
1402.94862,0.00752
1401.98439,0.00769
1401.02017,0.00803
1400.05594,0.00830
1399.09172,0.00837
1398.12749,0.00825
1397.16327,0.00807
1396.19904,0.00788
1395.23481,0.00768
1394.27059,0.00743
1393.30636,0.00717
1392.34214,0.00702
1391.37791,0.00707
1390.41368,0.00734
1389.44946,0.00766
1388.48523,0.00783
1387.52101,0.00773
1386.55678,0.00742
1385.59256,0.00715
1384.62833,0.00709
1383.66410,0.00718
1382.69988,0.00720
1381.73565,0.00705
1380.77143,0.00686
1379.80720,0.00688
1378.84297,0.00720
1377.87875,0.00766
1376.91452,0.00805
1375.95030,0.00836
1374.98607,0.00871
1374.02184,0.00914
1373.05762,0.00951
1372.09339,0.00967
1371.12917,0.00960
1370.16494,0.00945
1369.20072,0.00936
1368.23649,0.00942
1367.27226,0.00961
1366.30804,0.00987
1365.34381,0.01010
1364.37959,0.01017
1363.41536,0.01008
1362.45113,0.00994
1361.48691,0.00989
1360.52268,0.00990
1359.55846,0.00982
1358.59423,0.00952
1357.63001,0.00907
1356.66578,0.00860
1355.70155,0.00824
1354.73733,0.00799
1353.77310,0.00792
1352.80888,0.00812
1351.84465,0.00855
1350.88042,0.00900
1349.91620,0.00922
1348.95197,0.00917
1347.98775,0.00903
1347.02352,0.00903
1346.05930,0.00924
1345.09507,0.00961
1344.13084,0.01005
1343.16662,0.01038
1342.20239,0.01033
1341.23817,0.00972
1340.27394,0.00870
1339.30971,0.00779
1338.34549,0.00744
1337.38126,0.00766
1336.41704,0.00801
1335.45281,0.00814
1334.48858,0.00812
1333.52436,0.00825
1332.56013,0.00865
1331.59591,0.00912
1330.63168,0.00942
1329.66746,0.00949
1328.70323,0.00943
1327.73900,0.00922
1326.77478,0.00876
1325.81055,0.00811
1324.84633,0.00762
1323.88210,0.00766
1322.91787,0.00826
1321.95365,0.00899
1320.98942,0.00932
1320.02520,0.00900
1319.06097,0.00826
1318.09675,0.00757
1317.13252,0.00734
1316.16829,0.00767
1315.20407,0.00836
1314.23984,0.00901
1313.27562,0.00931
1312.31139,0.00918
1311.34716,0.00874
1310.38294,0.00827
1309.41871,0.00804
1308.45449,0.00819
1307.49026,0.00863
1306.52604,0.00907
1305.56181,0.00922
1304.59758,0.00899
1303.63336,0.00857
1302.66913,0.00820
1301.70491,0.00791
1300.74068,0.00762
1299.77645,0.00724
1298.81223,0.00685
1297.84800,0.00653
1296.88378,0.00618
1295.91955,0.00570
1294.95532,0.00521
1293.99110,0.00506
1293.02687,0.00547
1292.06265,0.00630
1291.09842,0.00721
1290.13420,0.00797
1289.16997,0.00865
1288.20574,0.00930
1287.24152,0.00987
1286.27729,0.01023
1285.31307,0.01040
1284.34884,0.01045
1283.38461,0.01033
1282.42039,0.00987
1281.45616,0.00910
1280.49194,0.00831
1279.52771,0.00789
1278.56349,0.00790
1277.59926,0.00807
1276.63503,0.00809
1275.67081,0.00790
1274.70658,0.00762
1273.74236,0.00733
1272.77813,0.00705
1271.81390,0.00685
1270.84968,0.00688
1269.88545,0.00719
1268.92123,0.00762
1267.95700,0.00792
1266.99277,0.00798
1266.02855,0.00785
1265.06432,0.00764
1264.10010,0.00741
1263.13587,0.00715
1262.17165,0.00690
1261.20742,0.00668
1260.24319,0.00650
1259.27897,0.00641
1258.31474,0.00656
1257.35052,0.00709
1256.38629,0.00784
1255.42206,0.00839
1254.45784,0.00842
1253.49361,0.00799
1252.52939,0.00744
1251.56516,0.00703
1250.60094,0.00673
1249.63671,0.00642
1248.67248,0.00612
1247.70826,0.00602
1246.74403,0.00624
1245.77981,0.00664
1244.81558,0.00705
1243.85135,0.00737
1242.88713,0.00758
1241.92290,0.00760
1240.95868,0.00737
1239.99445,0.00703
1239.03023,0.00679
1238.06600,0.00674
1237.10177,0.00672
1236.13755,0.00657
1235.17332,0.00644
1234.20910,0.00664
1233.24487,0.00725
1232.28064,0.00791
1231.31642,0.00820
1230.35219,0.00806
1229.38797,0.00782
1228.42374,0.00775
1227.45951,0.00770
1226.49529,0.00737
1225.53106,0.00669
1224.56684,0.00598
1223.60261,0.00566
1222.63839,0.00590
1221.67416,0.00661
1220.70993,0.00759
1219.74571,0.00862
1218.78148,0.00945
1217.81726,0.00984
1216.85303,0.00963
1215.88880,0.00887
1214.92458,0.00783
1213.96035,0.00685
1212.99613,0.00630
1212.03190,0.00635
1211.06768,0.00685
1210.10345,0.00731
1209.13922,0.00725
1208.17500,0.00659
1207.21077,0.00572
1206.24655,0.00513
1205.28232,0.00501
1204.31809,0.00519
1203.35387,0.00545
1202.38964,0.00575
1201.42542,0.00615
1200.46119,0.00660
1199.49697,0.00696
1198.53274,0.00718
1197.56851,0.00742
1196.60429,0.00772
1195.64006,0.00787
1194.67584,0.00755
1193.71161,0.00666
1192.74738,0.00554
1191.78316,0.00471
1190.81893,0.00453
1189.85471,0.00503
1188.89048,0.00600
1187.92625,0.00712
1186.96203,0.00807
1185.99780,0.00861
1185.03358,0.00872
1184.06935,0.00851
1183.10513,0.00812
1182.14090,0.00753
1181.17667,0.00664
1180.21245,0.00555
1179.24822,0.00456
1178.28400,0.00402
1177.31977,0.00397
1176.35554,0.00415
1175.39132,0.00422
1174.42709,0.00407
1173.46287,0.00385
1172.49864,0.00375
1171.53442,0.00383
1170.57019,0.00397
1169.60596,0.00400
1168.64174,0.00395
1167.67751,0.00409
1166.71329,0.00476
1165.74906,0.00600
1164.78483,0.00746
1163.82061,0.00856
1162.85638,0.00898
1161.89216,0.00880
1160.92793,0.00833
1159.96370,0.00768
1158.99948,0.00677
1158.03525,0.00561
1157.07103,0.00456
1156.10680,0.00413
1155.14258,0.00448
1154.17835,0.00532
1153.21412,0.00621
1152.24990,0.00704
1151.28567,0.00807
1150.32145,0.00946
1149.35722,0.01087
1148.39299,0.01169
1147.42877,0.01145
1146.46454,0.01014
1145.50032,0.00802
1144.53609,0.00540
1143.57187,0.00263
1142.60764,0.00015
1141.64341,-0.00153
1140.67919,-0.00223
1139.71496,-0.00218
1138.75074,-0.00179
1137.78651,-0.00118
1136.82228,-0.00011
1135.85806,0.00149
1134.89383,0.00320
1133.92961,0.00432
1132.96538,0.00464
1132.00116,0.00474
1131.03693,0.00539
1130.07270,0.00667
1129.10848,0.00783
1128.14425,0.00800
1127.18003,0.00707
1126.21580,0.00560
1125.25157,0.00416
1124.28735,0.00284
1123.32312,0.00151
1122.35890,0.00028
1121.39467,-0.00049
1120.43044,-0.00050
1119.46622,0.00029
1118.50199,0.00191
1117.53777,0.00439
1116.57354,0.00734
1115.60932,0.00968
1114.64509,0.01017
1113.68086,0.00855
1112.71664,0.00607
1111.75241,0.00461
1110.78819,0.00515
1109.82396,0.00714
1108.85973,0.00921
1107.89551,0.01039
1106.93128,0.01043
1105.96706,0.00941
1105.00283,0.00746
1104.03861,0.00501
1103.07438,0.00301
1102.11015,0.00235
1101.14593,0.00300
1100.18170,0.00385
1099.21748,0.00373
1098.25325,0.00241
1097.28902,0.00070
1096.32480,-0.00041
1095.36057,-0.00065
1094.39635,-0.00039
1093.43212,0.00002
1092.46790,0.00070
1091.50367,0.00196
1090.53944,0.00372
1089.57522,0.00540
1088.61099,0.00631
1087.64677,0.00637
1086.68254,0.00619
1085.71831,0.00656
1084.75409,0.00771
1083.78986,0.00909
1082.82564,0.00989
1081.86141,0.00982
1080.89718,0.00932
1079.93296,0.00901
1078.96873,0.00911
1078.00451,0.00935
1077.04028,0.00943
1076.07606,0.00940
1075.11183,0.00945
1074.14760,0.00957
1073.18338,0.00947
1072.21915,0.00893
1071.25493,0.00805
1070.29070,0.00702
1069.32647,0.00584
1068.36225,0.00445
1067.39802,0.00308
1066.43380,0.00245
1065.46957,0.00327
1064.50535,0.00552
1063.54112,0.00833
1062.57689,0.01046
1061.61267,0.01105
1060.64844,0.01009
1059.68422,0.00823
1058.71999,0.00634
1057.75576,0.00511
1056.79154,0.00475
1055.82731,0.00501
1054.86309,0.00548
1053.89886,0.00593
1052.93463,0.00646
1051.97041,0.00722
1051.00618,0.00818
1050.04196,0.00903
1049.07773,0.00951
1048.11351,0.00959
1047.14928,0.00945
1046.18505,0.00929
1045.22083,0.00920
1044.25660,0.00925
1043.29238,0.00945
1042.32815,0.00972
1041.36392,0.00985
1040.39970,0.00970
1039.43547,0.00941
1038.47125,0.00922
1037.50702,0.00915
1036.54280,0.00883
1035.57857,0.00786
1034.61434,0.00642
1033.65012,0.00526
1032.68589,0.00510
1031.72167,0.00593
1030.75744,0.00696
1029.79321,0.00735
1028.82899,0.00695
1027.86476,0.00627
1026.90054,0.00597
1025.93631,0.00625
1024.97209,0.00688
1024.00786,0.00748
1023.04363,0.00776
1022.07941,0.00755
1021.11518,0.00684
1020.15096,0.00584
1019.18673,0.00491
1018.22250,0.00433
1017.25828,0.00401
1016.29405,0.00359
1015.32983,0.00297
1014.36560,0.00249
1013.40137,0.00269
1012.43715,0.00367
1011.47292,0.00498
1010.50870,0.00605
1009.54447,0.00673
1008.58025,0.00720
1007.61602,0.00746
1006.65179,0.00711
1005.68757,0.00569
1004.72334,0.00335
1003.75912,0.00099
1002.79489,-0.00039
1001.83066,-0.00043
1000.86644,0.00038
999.90221,0.00109
998.93799,0.00100
997.97376,0.00011
997.00954,-0.00091
996.04531,-0.00120
995.08108,-0.00026
994.11686,0.00159
993.15263,0.00339
992.18841,0.00419
991.22418,0.00387
990.25995,0.00310
989.29573,0.00279
988.33150,0.00322
987.36728,0.00383
986.40305,0.00378
985.43882,0.00271
984.47460,0.00107
983.51037,-0.00029
982.54615,-0.00073
981.58192,-0.00029
980.61770,0.00056
979.65347,0.00145
978.68924,0.00242
977.72502,0.00355
976.76079,0.00439
975.79657,0.00401
974.83234,0.00193
973.86811,-0.00086
972.90389,-0.00223
971.93966,-0.00063
970.97544,0.00332
970.01121,0.00712
969.04699,0.00838
968.08276,0.00649
967.11853,0.00279
966.15431,-0.00082
965.19008,-0.00308
964.22586,-0.00363
963.26163,-0.00267
962.29740,-0.00077
961.33318,0.00115
960.36895,0.00229
959.40473,0.00256
958.44050,0.00263
957.47628,0.00304
956.51205,0.00335
955.54782,0.00251
954.58360,0.00008
953.61937,-0.00307
952.65515,-0.00530
951.69092,-0.00555
950.72669,-0.00404
949.76247,-0.00184
948.79824,-0.00010
947.83402,0.00048
946.86979,-0.00016
945.90556,-0.00146
944.94134,-0.00244
943.97711,-0.00218
943.01289,-0.00048
942.04866,0.00191
941.08444,0.00375
940.12021,0.00423
939.15598,0.00344
938.19176,0.00213
937.22753,0.00110
936.26331,0.00062
935.29908,0.00043
934.33485,0.00006
933.37063,-0.00064
932.40640,-0.00128
931.44218,-0.00131
930.47795,-0.00063
929.51373,0.00026
928.54950,0.00071
927.58527,0.00062
926.62105,0.00061
925.65682,0.00142
924.69260,0.00312
923.72837,0.00510
922.76414,0.00668
921.79992,0.00752
920.83569,0.00766
919.87147,0.00716
918.90724,0.00626
917.94302,0.00548
916.97879,0.00548
916.01456,0.00631
915.05034,0.00704
914.08611,0.00636
913.12189,0.00385
912.15766,0.00050
911.19343,-0.00194
910.22921,-0.00233
909.26498,-0.00080
908.30076,0.00169
907.33653,0.00443
906.37230,0.00718
905.40808,0.00987
904.44385,0.01203
903.47963,0.01293
902.51540,0.01212
901.55118,0.00980
900.58695,0.00668
899.62272,0.00346
898.65850,0.00068
897.69427,-0.00107
896.73005,-0.00132
895.76582,-0.00014
894.80159,0.00156
893.83737,0.00249
892.87314,0.00211
891.90892,0.00105
890.94469,0.00042
889.98047,0.00057
889.01624,0.00057
888.05201,-0.00085
887.08779,-0.00406
886.12356,-0.00806
885.15934,-0.01125
884.19511,-0.01258
883.23088,-0.01199
882.26666,-0.01001
881.30243,-0.00754
880.33821,-0.00556
879.37398,-0.00483
878.40975,-0.00532
877.44553,-0.00594
876.48130,-0.00531
875.51708,-0.00281
874.55285,0.00079
873.58863,0.00376
872.62440,0.00457
871.66017,0.00285
870.69595,-0.00033
869.73172,-0.00323
868.76750,-0.00445
867.80327,-0.00383
866.83904,-0.00245
865.87482,-0.00201
864.91059,-0.00358
863.94637,-0.00692
862.98214,-0.01066
862.01792,-0.01314
861.05369,-0.01328
860.08946,-0.01105
859.12524,-0.00750
858.16101,-0.00421
857.19679,-0.00248
856.23256,-0.00258
855.26833,-0.00358
854.30411,-0.00406
853.33988,-0.00324
852.37566,-0.00155
851.41143,-0.00032
850.44721,-0.00069
849.48298,-0.00284
848.51875,-0.00576
847.55453,-0.00773
846.59030,-0.00736
845.62608,-0.00442
844.66185,0.00001
843.69762,0.00429
842.73340,0.00715
841.76917,0.00797
840.80495,0.00651
839.84072,0.00278
838.87649,-0.00240
837.91227,-0.00711
836.94804,-0.00922
835.98382,-0.00795
835.01959,-0.00458
834.05537,-0.00113
833.09114,0.00145
832.12691,0.00337
831.16269,0.00462
830.19846,0.00433
829.23424,0.00217
828.27001,-0.00022
827.30578,-0.00028
826.34156,0.00266
825.37733,0.00621
824.41311,0.00733
823.44888,0.00556
822.48466,0.00326
821.52043,0.00276
820.55620,0.00404
819.59198,0.00540
818.62775,0.00565
817.66353,0.00475
816.69930,0.00291
815.73507,0.00016
814.77085,-0.00268
813.80662,-0.00367
812.84240,-0.00135
811.87817,0.00347
810.91395,0.00808
809.94972,0.01019
808.98549,0.00955
808.02127,0.00732
807.05704,0.00437
806.09282,0.00092
805.12859,-0.00254
804.16436,-0.00477
803.20014,-0.00496
802.23591,-0.00359
801.27169,-0.00190
800.30746,-0.00061
799.34323,0.00016
798.37901,0.00013
797.41478,-0.00127
796.45056,-0.00390
795.48633,-0.00632
794.52211,-0.00700
793.55788,-0.00587
792.59365,-0.00408
791.62943,-0.00219
790.66520,0.00056
789.70098,0.00468
788.73675,0.00867
787.77252,0.00979
786.80830,0.00674
785.84407,0.00121
784.87985,-0.00381
783.91562,-0.00659
782.95140,-0.00742
781.98717,-0.00733
781.02294,-0.00694
780.05872,-0.00660
779.09449,-0.00687
778.13027,-0.00800
777.16604,-0.00905
776.20181,-0.00844
775.23759,-0.00558
774.27336,-0.00183
773.30914,0.00066
772.34491,0.00091
771.38068,-0.00019
770.41646,-0.00100
769.45223,-0.00061
768.48801,0.00081
767.52378,0.00266
766.55956,0.00439
765.59533,0.00549
764.63110,0.00544
763.66688,0.00429
762.70265,0.00290
761.73843,0.00225
760.77420,0.00216
759.80997,0.00116
758.84575,-0.00211
757.88152,-0.00717
756.91730,-0.01153
755.95307,-0.01267
754.98885,-0.01021
754.02462,-0.00624
753.06039,-0.00338
752.09617,-0.00246
751.13194,-0.00232
750.16772,-0.00149
749.20349,0.00022
748.23926,0.00201
747.27504,0.00344
746.31081,0.00491
745.34659,0.00656
744.38236,0.00743
743.41814,0.00617
742.45391,0.00279
741.48968,-0.00107
740.52546,-0.00358
739.56123,-0.00424
738.59701,-0.00386
737.63278,-0.00341
736.66855,-0.00330
735.70433,-0.00387
734.74010,-0.00554
733.77588,-0.00813
732.81165,-0.01039
731.84742,-0.01083
730.88320,-0.00927
729.91897,-0.00695
728.95475,-0.00508
727.99052,-0.00374
727.02630,-0.00257
726.06207,-0.00224
725.09784,-0.00411
724.13362,-0.00812
723.16939,-0.01171
722.20517,-0.01167
721.24094,-0.00736
720.27671,-0.00150
719.31249,0.00245
718.34826,0.00336
717.38404,0.00268
716.41981,0.00229
715.45559,0.00260
714.49136,0.00292
713.52713,0.00285
712.56291,0.00279
711.59868,0.00317
710.63446,0.00369
709.67023,0.00363
708.70600,0.00267
707.74178,0.00128
706.77755,0.00038
705.81333,0.00055
704.84910,0.00158
703.88487,0.00264
702.92065,0.00298
701.95642,0.00266
700.99220,0.00250
700.02797,0.00335
699.06375,0.00530
698.09952,0.00763
697.13529,0.00947
696.17107,0.01039
695.20684,0.01033
694.24262,0.00925
693.27839,0.00716
692.31416,0.00443
691.34994,0.00171
690.38571,-0.00053
689.42149,-0.00223
688.45726,-0.00329
687.49304,-0.00313
686.52881,-0.00137
685.56458,0.00120
684.60036,0.00287
683.63613,0.00271
682.67191,0.00181
681.70768,0.00225
680.74345,0.00471
679.77923,0.00744
678.81500,0.00815
677.85078,0.00658
676.88655,0.00474
675.92233,0.00444
674.95810,0.00522
673.99387,0.00523
673.02965,0.00364
672.06542,0.00164
671.10120,0.00094
670.13697,0.00171
669.17274,0.00241
668.20852,0.00127
667.24429,-0.00215
666.28007,-0.00687
665.31584,-0.01147
664.35161,-0.01452
663.38739,-0.01439
662.42316,-0.00997
661.45894,-0.00221
660.49471,0.00558
659.53049,0.00997
658.56626,0.00993
657.60203,0.00722
656.63781,0.00435
655.67358,0.00233
654.70936,0.00051
653.74513,-0.00189
652.78090,-0.00479
651.81668,-0.00753
650.85245,-0.00977
649.88823,-0.01140
648.92400,-0.01195
647.95978,-0.01054
646.99555,-0.00684
646.03132,-0.00182
645.06710,0.00251
644.10287,0.00438
643.13865,0.00332
642.17442,0.00049
641.21019,-0.00181
640.24597,-0.00133
639.28174,0.00278
638.31752,0.00904
637.35329,0.01413
636.38907,0.01509
635.42484,0.01145
634.46061,0.00570
633.49639,0.00140
632.53216,0.00050
631.56794,0.00212
630.60371,0.00369
629.63948,0.00284
628.67526,-0.00109
627.71103,-0.00656
626.74681,-0.01043
625.78258,-0.00999
624.81835,-0.00532
623.85413,0.00026
622.88990,0.00286
621.92568,0.00158
620.96145,-0.00109
619.99723,-0.00246
619.03300,-0.00271
618.06877,-0.00443
617.10455,-0.00901
616.14032,-0.01444
615.17610,-0.01730
614.21187,-0.01611
613.24764,-0.01183
612.28342,-0.00589
611.31919,0.00105
610.35497,0.00820
609.39074,0.01356
608.42652,0.01520
607.46229,0.01342
606.49806,0.01026
605.53384,0.00673
604.56961,0.00183
603.60539,-0.00525
602.64116,-0.01264
601.67693,-0.01697
600.71271,-0.01737
599.74848,-0.01701
598.78426,-0.01952
597.82003,-0.02452
596.85580,-0.02798
595.89158,-0.02640
594.92735,-0.02062
593.96313,-0.01426
592.99890,-0.00936
592.03468,-0.00496
591.07045,-0.00023
590.10622,0.00272
589.14200,0.00070
588.17777,-0.00650
587.21355,-0.01488
586.24932,-0.01887
585.28509,-0.01557
584.32087,-0.00701
583.35664,0.00097
582.39242,0.00253
581.42819,-0.00358
580.46397,-0.01220
579.49974,-0.01647
578.53551,-0.01365
577.57129,-0.00670
576.60706,-0.00035
575.64284,0.00364
574.67861,0.00848
573.71438,0.01807
572.75016,0.03117
571.78593,0.04083
570.82171,0.04016
569.85748,0.02885
568.89326,0.01192
567.92903,-0.00626
566.96480,-0.02398
566.00058,-0.03869
565.03635,-0.04489
564.07213,-0.03841
563.10790,-0.02305
562.14367,-0.01013
561.17945,-0.00875
560.21522,-0.01690
559.25100,-0.02290
558.28677,-0.01555
557.32254,0.00708
556.35832,0.03721
555.39409,0.06069
554.42987,0.06559
553.46564,0.05113
552.50142,0.02761
551.53719,0.00758
550.57296,-0.00364
549.60874,-0.00709
548.64451,-0.00985
547.68029,-0.02002
546.71606,-0.04119
545.75183,-0.06796
544.78761,-0.08637
543.82338,-0.07579
542.85916,-0.01886
541.89493,0.07110
540.93071,0.14572
539.96648,0.17455
539.00225,0.16036
538.03803,0.13554
537.07380,0.12857
536.10958,0.13349
535.14535,0.13274
534.18112,0.12389
533.21690,0.12074
532.25267,0.13503
531.28845,0.16114
530.32422,0.16900
529.36000,0.12738
528.39577,0.03740
527.43154,-0.07147
526.46732,-0.17469
525.50309,-0.25011
524.53887,-0.27171
523.57464,-0.21406
522.61041,-0.06844
521.64619,0.11505
520.68196,0.25506
519.71774,0.29389
518.75351,0.23465
517.78928,0.12608
516.82506,0.04032
515.86083,0.04061
514.89661,0.11300
513.93238,0.17908
512.96816,0.20917
512.00393,0.22669
511.03970,0.21069
510.07548,0.15192
509.11125,0.08064
508.14703,0.05924
507.18280,0.06940
506.21857,0.11057
505.25435,0.16298
504.29012,0.20725
503.32590,0.18004
502.36167,0.08950
501.39745,-0.00074
500.43322,-0.02393
499.46899,0.00889
498.50477,0.08346
497.54054,0.19119
496.57632,0.28254
495.61209,0.27270
494.64786,0.14508
493.68364,-0.00279
492.71941,-0.06986
491.75519,-0.01259
490.79096,0.14658
489.82673,0.35175
488.86251,0.52044
487.89828,0.49077
486.93406,0.34181
485.96983,0.25834
485.00561,0.33889
484.04138,0.65553
483.07715,0.76393
482.11293,0.41503
481.14870,0.30186
480.18448,0.36519
479.22025,0.63390
478.25602,1.15685
477.29180,6.00000
476.32757,1.80603
475.36335,0.95357
474.39912,0.53118
473.43490,0.41348
472.47067,0.54379
471.50644,0.65461
470.54222,0.40554
469.57799,0.25492
468.61377,0.13737
467.64954,0.05418
466.68531,0.01902
465.72109,0.01976
464.75686,0.03180
463.79264,0.03062
462.82841,0.01605
461.86419,0.00303
460.89996,-0.00262
459.93573,-0.00286
458.97151,0.01713
458.00728,0.08500
457.04306,0.20975
456.07883,0.33051
455.11460,0.41787
454.15038,0.51095
453.18615,0.58453
452.22193,0.61899
451.25770,0.60686
450.29347,0.60558
449.32925,0.65321
448.36502,0.75768
447.40080,0.85348
446.43657,0.79756
445.47235,0.46180
444.50812,0.17589
443.54389,0.11164
442.57967,0.14201
441.61544,0.14532
440.65122,0.08486
439.68699,-0.04266
438.72276,-0.18072
437.75854,-0.23588
436.79431,-0.18650
435.83009,-0.05079
434.86586,0.17008
433.90164,0.43613
432.93741,0.56048
431.97318,0.41883
431.00896,0.18742
430.04473,-0.02549
429.08051,-0.21704
428.11628,-0.39338
427.15205,-0.43835
426.18783,-0.24631
425.22360,-0.08067
424.25938,-0.00826
423.29515,0.00910
422.33092,0.03404
421.36670,0.08479
420.40247,0.16627
419.43825,0.27650
418.47402,0.38946
417.50980,0.50657
416.54557,0.64193
415.58134,0.67360
414.61712,0.49589
413.65289,0.35229
412.68867,0.25297
411.72444,0.19139
410.76021,0.11823
409.79599,0.07342
408.83176,0.01322
407.86754,-0.07476
406.90331,-0.16575
405.93909,-0.19244
404.97486,-0.10961
404.01063,0.05596
403.04641,0.24600
402.08218,0.27964
401.11796,0.12171
400.15373,0.08342
399.18950,0.23871
398.22528,0.53023
397.26105,0.50034
396.29683,0.28982
395.33260,0.14564
394.36838,0.13090
393.40415,0.26115
392.43992,0.53105
391.47570,0.92232
390.51147,0.95488
389.54725,0.62191
388.58302,0.41794
387.61879,0.26257
386.65457,0.09338
385.69034,-0.12417
384.72612,-0.24170
383.76189,-0.16927
382.79766,0.03907
381.83344,0.25046
380.86921,0.29040
379.90499,0.19440
378.94076,0.13768
377.97654,0.21460
377.01231,0.53093
376.04808,0.77753
375.08386,0.56015
374.11963,0.43480
373.15541,0.40313
372.19118,0.36816
371.22695,0.40203
370.26273,0.54118
369.29850,0.73989
368.33428,0.94083
367.37005,1.01234
366.40583,0.77462
365.44160,0.39151
364.47737,-0.02638
363.51315,-0.21785
362.54892,-0.22993
361.58470,-0.42705
360.62047,-0.47250
359.65624,-0.36376
358.69202,-0.17250
357.72779,0.05436
356.76357,0.30963
355.79934,0.58982
354.83512,0.71182
353.87089,0.40286
352.90666,0.11227
351.94244,0.03304
350.97821,0.10468
350.01399,0.23271
349.04976,0.36004
