3946.57643,0.00738
3945.61220,0.00690
3944.64798,0.00591
3943.68375,0.00479
3942.71953,0.00393
3941.75530,0.00354
3940.79107,0.00363
3939.82685,0.00410
3938.86262,0.00478
3937.89840,0.00544
3936.93417,0.00592
3935.96994,0.00619
3935.00572,0.00633
3934.04149,0.00640
3933.07727,0.00635
3932.11304,0.00613
3931.14882,0.00573
3930.18459,0.00529
3929.22036,0.00495
3928.25614,0.00476
3927.29191,0.00462
3926.32769,0.00438
3925.36346,0.00392
3924.39923,0.00328
3923.43501,0.00267
3922.47078,0.00240
3921.50656,0.00272
3920.54233,0.00359
3919.57811,0.00461
3918.61388,0.00533
3917.64965,0.00556
3916.68543,0.00547
3915.72120,0.00533
3914.75698,0.00525
3913.79275,0.00513
3912.82852,0.00487
3911.86430,0.00458
3910.90007,0.00447
3909.93585,0.00462
3908.97162,0.00492
3908.00739,0.00515
3907.04317,0.00522
3906.07894,0.00520
3905.11472,0.00520
3904.15049,0.00524
3903.18627,0.00518
3902.22204,0.00479
3901.25781,0.00401
3900.29359,0.00302
3899.32936,0.00231
3898.36514,0.00232
3897.40091,0.00309
3896.43668,0.00419
3895.47246,0.00505
3894.50823,0.00543
3893.54401,0.00549
3892.57978,0.00545
3891.61556,0.00531
3890.65133,0.00489
3889.68710,0.00414
3888.72288,0.00334
3887.75865,0.00292
3886.79443,0.00308
3885.83020,0.00369
3884.86597,0.00444
3883.90175,0.00508
3882.93752,0.00545
3881.97330,0.00546
3881.00907,0.00514
3880.04485,0.00467
3879.08062,0.00433
3878.11639,0.00426
3877.15217,0.00439
3876.18794,0.00451
3875.22372,0.00447
3874.25949,0.00422
3873.29526,0.00384
3872.33104,0.00347
3871.36681,0.00326
3870.40259,0.00335
3869.43836,0.00373
3868.47413,0.00418
3867.50991,0.00446
3866.54568,0.00456
3865.58146,0.00472
3864.61723,0.00511
3863.65301,0.00561
3862.68878,0.00578
3861.72455,0.00536
3860.76033,0.00448
3859.79610,0.00361
3858.83188,0.00320
3857.86765,0.00340
3856.90342,0.00404
3855.93920,0.00477
3854.97497,0.00526
3854.01075,0.00532
3853.04652,0.00500
3852.08230,0.00453
3851.11807,0.00412
3850.15384,0.00375
3849.18962,0.00323
3848.22539,0.00252
3847.26117,0.00188
3846.29694,0.00180
3845.33271,0.00252
3844.36849,0.00374
3843.40426,0.00490
3842.44004,0.00564
3841.47581,0.00605
3840.51159,0.00648
3839.54736,0.00698
3838.58313,0.00725
3837.61891,0.00688
3836.65468,0.00583
3835.69046,0.00452
3834.72623,0.00352
3833.76200,0.00315
3832.79778,0.00340
3831.83355,0.00399
3830.86933,0.00454
3829.90510,0.00476
3828.94087,0.00453
3827.97665,0.00395
3827.01242,0.00324
3826.04820,0.00262
3825.08397,0.00226
3824.11975,0.00229
3823.15552,0.00281
3822.19129,0.00373
3821.22707,0.00469
3820.26284,0.00518
3819.29862,0.00494
3818.33439,0.00417
3817.37016,0.00332
3816.40594,0.00282
3815.44171,0.00282
3814.47749,0.00323
3813.51326,0.00392
3812.54904,0.00465
3811.58481,0.00515
3810.62058,0.00512
3809.65636,0.00454
3808.69213,0.00376
3807.72791,0.00327
3806.76368,0.00335
3805.79945,0.00392
3804.83523,0.00464
3803.87100,0.00522
3802.90678,0.00557
3801.94255,0.00571
3800.97832,0.00567
3800.01410,0.00547
3799.04987,0.00515
3798.08565,0.00477
3797.12142,0.00444
3796.15720,0.00429
3795.19297,0.00447
3794.22874,0.00501
3793.26452,0.00578
3792.30029,0.00656
3791.33607,0.00710
3790.37184,0.00727
3789.40761,0.00699
3788.44339,0.00628
3787.47916,0.00532
3786.51494,0.00441
3785.55071,0.00390
3784.58649,0.00394
3783.62226,0.00446
3782.65803,0.00519
3781.69381,0.00588
3780.72958,0.00636
3779.76536,0.00654
3778.80113,0.00635
3777.83690,0.00582
3776.87268,0.00512
3775.90845,0.00452
3774.94423,0.00424
3773.98000,0.00432
3773.01578,0.00460
3772.05155,0.00477
3771.08732,0.00457
3770.12310,0.00394
3769.15887,0.00312
3768.19465,0.00257
3767.23042,0.00266
3766.26619,0.00341
3765.30197,0.00449
3764.33774,0.00539
3763.37352,0.00580
3762.40929,0.00570
3761.44506,0.00529
3760.48084,0.00485
3759.51661,0.00452
3758.55239,0.00434
3757.58816,0.00428
3756.62394,0.00426
3755.65971,0.00429
3754.69548,0.00438
3753.73126,0.00460
3752.76703,0.00490
3751.80281,0.00518
3750.83858,0.00533
3749.87435,0.00529
3748.91013,0.00516
3747.94590,0.00510
3746.98168,0.00518
3746.01745,0.00530
3745.05323,0.00524
3744.08900,0.00486
3743.12477,0.00432
3742.16055,0.00396
3741.19632,0.00407
3740.23210,0.00467
3739.26787,0.00547
3738.30364,0.00611
3737.33942,0.00636
3736.37519,0.00622
3735.41097,0.00585
3734.44674,0.00547
3733.48251,0.00527
3732.51829,0.00530
3731.55406,0.00539
3730.58984,0.00536
3729.62561,0.00513
3728.66139,0.00489
3727.69716,0.00485
3726.73293,0.00506
3725.76871,0.00535
3724.80448,0.00557
3723.84026,0.00574
3722.87603,0.00595
3721.91180,0.00610
3720.94758,0.00588
3719.98335,0.00516
3719.01913,0.00421
3718.05490,0.00358
3717.09068,0.00363
3716.12645,0.00427
3715.16222,0.00506
3714.19800,0.00562
3713.23377,0.00587
3712.26955,0.00585
3711.30532,0.00564
3710.34109,0.00527
3709.37687,0.00485
3708.41264,0.00448
3707.44842,0.00423
3706.48419,0.00409
3705.51997,0.00407
3704.55574,0.00419
3703.59151,0.00441
3702.62729,0.00461
3701.66306,0.00467
3700.69884,0.00461
3699.73461,0.00461
3698.77038,0.00481
3697.80616,0.00512
3696.84193,0.00534
3695.87771,0.00539
3694.91348,0.00537
3693.94925,0.00543
3692.98503,0.00556
3692.02080,0.00563
3691.05658,0.00554
3690.09235,0.00543
3689.12813,0.00548
3688.16390,0.00574
3687.19967,0.00601
3686.23545,0.00609
3685.27122,0.00596
3684.30700,0.00582
3683.34277,0.00588
3682.37854,0.00619
3681.41432,0.00659
3680.45009,0.00694
3679.48587,0.00714
3678.52164,0.00719
3677.55742,0.00703
3676.59319,0.00666
3675.62896,0.00627
3674.66474,0.00616
3673.70051,0.00652
3672.73629,0.00719
3671.77206,0.00772
3670.80783,0.00782
3669.84361,0.00764
3668.87938,0.00757
3667.91516,0.00784
3666.95093,0.00822
3665.98671,0.00827
3665.02248,0.00781
3664.05825,0.00712
3663.09403,0.00673
3662.12980,0.00694
3661.16558,0.00766
3660.20135,0.00859
3659.23712,0.00944
3658.27290,0.01007
3657.30867,0.01042
3656.34445,0.01045
3655.38022,0.01024
3654.41599,0.00996
3653.45177,0.00982
3652.48754,0.00988
3651.52332,0.01006
3650.55909,0.01020
3649.59487,0.01016
3648.63064,0.00993
3647.66641,0.00955
3646.70219,0.00913
3645.73796,0.00885
3644.77374,0.00890
3643.80951,0.00935
3642.84528,0.01000
3641.88106,0.01051
3640.91683,0.01064
3639.95261,0.01042
3638.98838,0.01014
3638.02416,0.01003
3637.05993,0.01010
3636.09570,0.01011
3635.13148,0.00991
3634.16725,0.00958
3633.20303,0.00938
3632.23880,0.00956
3631.27457,0.01012
3630.31035,0.01091
3629.34612,0.01177
3628.38190,0.01256
3627.41767,0.01319
3626.45344,0.01362
3625.48922,0.01381
3624.52499,0.01381
3623.56077,0.01371
3622.59654,0.01360
3621.63232,0.01353
3620.66809,0.01343
3619.70386,0.01325
3618.73964,0.01301
3617.77541,0.01277
3616.81119,0.01263
3615.84696,0.01266
3614.88273,0.01291
3613.91851,0.01331
3612.95428,0.01378
3611.99006,0.01414
3611.02583,0.01425
3610.06161,0.01403
3609.09738,0.01354
3608.13315,0.01294
3607.16893,0.01240
3606.20470,0.01207
3605.24048,0.01199
3604.27625,0.01213
3603.31202,0.01242
3602.34780,0.01271
3601.38357,0.01289
3600.41935,0.01290
3599.45512,0.01279
3598.49090,0.01264
3597.52667,0.01242
3596.56244,0.01206
3595.59822,0.01167
3594.63399,0.01156
3593.66977,0.01206
3592.70554,0.01315
3591.74131,0.01434
3590.77709,0.01507
3589.81286,0.01513
3588.84864,0.01480
3587.88441,0.01449
3586.92018,0.01441
3585.95596,0.01450
3584.99173,0.01464
3584.02751,0.01480
3583.06328,0.01497
3582.09906,0.01503
3581.13483,0.01493
3580.17060,0.01480
3579.20638,0.01490
3578.24215,0.01527
3577.27793,0.01570
3576.31370,0.01588
3575.34947,0.01573
3574.38525,0.01544
3573.42102,0.01522
3572.45680,0.01506
3571.49257,0.01486
3570.52835,0.01465
3569.56412,0.01454
3568.59989,0.01460
3567.63567,0.01473
3566.67144,0.01484
3565.70722,0.01495
3564.74299,0.01513
3563.77876,0.01537
3562.81454,0.01553
3561.85031,0.01553
3560.88609,0.01546
3559.92186,0.01545
3558.95764,0.01553
3557.99341,0.01559
3557.02918,0.01560
3556.06496,0.01570
3555.10073,0.01598
3554.13651,0.01634
3553.17228,0.01647
3552.20805,0.01624
3551.24383,0.01582
3550.27960,0.01552
3549.31538,0.01549
3548.35115,0.01556
3547.38692,0.01547
3546.42270,0.01519
3545.45847,0.01485
3544.49425,0.01460
3543.53002,0.01446
3542.56580,0.01438
3541.60157,0.01440
3540.63734,0.01460
3539.67312,0.01498
3538.70889,0.01539
3537.74467,0.01566
3536.78044,0.01576
3535.81621,0.01588
3534.85199,0.01619
3533.88776,0.01667
3532.92354,0.01711
3531.95931,0.01731
3530.99509,0.01725
3530.03086,0.01710
3529.06663,0.01697
3528.10241,0.01679
3527.13818,0.01643
3526.17396,0.01592
3525.20973,0.01549
3524.24550,0.01543
3523.28128,0.01578
3522.31705,0.01626
3521.35283,0.01655
3520.38860,0.01654
3519.42437,0.01640
3518.46015,0.01628
3517.49592,0.01619
3516.53170,0.01599
3515.56747,0.01564
3514.60325,0.01535
3513.63902,0.01537
3512.67479,0.01577
3511.71057,0.01631
3510.74634,0.01665
3509.78212,0.01666
3508.81789,0.01646
3507.85366,0.01631
3506.88944,0.01638
3505.92521,0.01668
3504.96099,0.01709
3503.99676,0.01744
3503.03254,0.01759
3502.06831,0.01747
3501.10408,0.01719
3500.13986,0.01700
3499.17563,0.01719
3498.21141,0.01788
3497.24718,0.01874
3496.28295,0.01920
3495.31873,0.01882
3494.35450,0.01769
3493.39028,0.01650
3492.42605,0.01604
3491.46183,0.01659
3490.49760,0.01771
3489.53337,0.01863
3488.56915,0.01892
3487.60492,0.01871
3486.64070,0.01846
3485.67647,0.01847
3484.71224,0.01870
3483.74802,0.01892
3482.78379,0.01901
3481.81957,0.01899
3480.85534,0.01885
3479.89111,0.01850
3478.92689,0.01792
3477.96266,0.01734
3476.99844,0.01712
3476.03421,0.01746
3475.06999,0.01820
3474.10576,0.01895
3473.14153,0.01940
3472.17731,0.01952
3471.21308,0.01951
3470.24886,0.01959
3469.28463,0.01983
3468.32040,0.02008
3467.35618,0.02012
3466.39195,0.01979
3465.42773,0.01919
3464.46350,0.01865
3463.49928,0.01849
3462.53505,0.01877
3461.57082,0.01924
3460.60660,0.01959
3459.64237,0.01976
3458.67815,0.01992
3457.71392,0.02027
3456.74969,0.02076
3455.78547,0.02113
3454.82124,0.02115
3453.85702,0.02080
3452.89279,0.02022
3451.92856,0.01960
3450.96434,0.01909
3450.00011,0.01883
3449.03589,0.01891
3448.07166,0.01924
3447.10744,0.01951
3446.14321,0.01940
3445.17898,0.01885
3444.21476,0.01819
3443.25053,0.01785
3442.28631,0.01801
3441.32208,0.01843
3440.35785,0.01876
3439.39363,0.01882
3438.42940,0.01873
3437.46518,0.01873
3436.50095,0.01884
3435.53673,0.01892
3434.57250,0.01889
3433.60827,0.01894
3432.64405,0.01937
3431.67982,0.02027
3430.71560,0.02129
3429.75137,0.02187
3428.78714,0.02171
3427.82292,0.02100
3426.85869,0.02023
3425.89447,0.01976
3424.93024,0.01956
3423.96602,0.01935
3423.00179,0.01894
3422.03756,0.01846
3421.07334,0.01825
3420.10911,0.01852
3419.14489,0.01911
3418.18066,0.01960
3417.21643,0.01965
3416.25221,0.01932
3415.28798,0.01901
3414.32376,0.01907
3413.35953,0.01946
3412.39530,0.01982
3411.43108,0.01989
3410.46685,0.01981
3409.50263,0.02000
3408.53840,0.02067
3407.57418,0.02161
3406.60995,0.02235
3405.64572,0.02262
3404.68150,0.02249
3403.71727,0.02210
3402.75305,0.02153
3401.78882,0.02083
3400.82459,0.02021
3399.86037,0.01998
3398.89614,0.02025
3397.93192,0.02076
3396.96769,0.02112
3396.00347,0.02122
3395.03924,0.02132
3394.07501,0.02165
3393.11079,0.02213
3392.14656,0.02239
3391.18234,0.02220
3390.21811,0.02171
3389.25388,0.02126
3388.28966,0.02109
3387.32543,0.02122
3386.36121,0.02154
3385.39698,0.02189
3384.43276,0.02208
3383.46853,0.02184
3382.50430,0.02110
3381.54008,0.02016
3380.57585,0.01959
3379.61163,0.01977
3378.64740,0.02054
3377.68317,0.02127
3376.71895,0.02141
3375.75472,0.02084
3374.79050,0.01995
3373.82627,0.01925
3372.86204,0.01906
3371.89782,0.01937
3370.93359,0.01986
3369.96937,0.02020
3369.00514,0.02018
3368.04092,0.01985
3367.07669,0.01953
3366.11246,0.01951
3365.14824,0.01982
3364.18401,0.02025
3363.21979,0.02051
3362.25556,0.02049
3361.29133,0.02033
3360.32711,0.02019
3359.36288,0.02015
3358.39866,0.02011
3357.43443,0.02001
3356.47021,0.01983
3355.50598,0.01966
3354.54175,0.01960
3353.57753,0.01970
3352.61330,0.01999
3351.64908,0.02039
3350.68485,0.02073
3349.72062,0.02078
3348.75640,0.02047
3347.79217,0.01999
3346.82795,0.01970
3345.86372,0.01988
3344.89949,0.02042
3343.93527,0.02099
3342.97104,0.02134
3342.00682,0.02150
3341.04259,0.02170
3340.07837,0.02205
3339.11414,0.02236
3338.14991,0.02231
3337.18569,0.02178
3336.22146,0.02101
3335.25724,0.02037
3334.29301,0.02015
3333.32878,0.02034
3332.36456,0.02075
3331.40033,0.02111
3330.43611,0.02122
3329.47188,0.02098
3328.50766,0.02049
3327.54343,0.02000
3326.57920,0.01978
3325.61498,0.01995
3324.65075,0.02041
3323.68653,0.02097
3322.72230,0.02144
3321.75807,0.02168
3320.79385,0.02157
3319.82962,0.02110
3318.86540,0.02048
3317.90117,0.02005
3316.93695,0.02014
3315.97272,0.02071
3315.00849,0.02140
3314.04427,0.02175
3313.08004,0.02158
3312.11582,0.02100
3311.15159,0.02030
3310.18736,0.01971
3309.22314,0.01940
3308.25891,0.01943
3307.29469,0.01982
3306.33046,0.02044
3305.36623,0.02106
3304.40201,0.02146
3303.43778,0.02162
3302.47356,0.02166
3301.50933,0.02171
3300.54511,0.02173
3299.58088,0.02154
3298.61665,0.02101
3297.65243,0.02030
3296.68820,0.01979
3295.72398,0.01983
3294.75975,0.02041
3293.79552,0.02115
3292.83130,0.02158
3291.86707,0.02150
3290.90285,0.02108
3289.93862,0.02069
3288.97440,0.02055
3288.01017,0.02057
3287.04594,0.02054
3286.08172,0.02033
3285.11749,0.02003
3284.15327,0.01987
3283.18904,0.02000
3282.22481,0.02037
3281.26059,0.02078
3280.29636,0.02103
3279.33214,0.02105
3278.36791,0.02090
3277.40369,0.02062
3276.43946,0.02023
3275.47523,0.01973
3274.51101,0.01926
3273.54678,0.01899
3272.58256,0.01899
3271.61833,0.01915
3270.65410,0.01930
3269.68988,0.01942
3268.72565,0.01961
3267.76143,0.01995
3266.79720,0.02031
3265.83297,0.02047
3264.86875,0.02040
3263.90452,0.02028
3262.94030,0.02035
3261.97607,0.02060
3261.01185,0.02084
3260.04762,0.02090
3259.08339,0.02078
3258.11917,0.02055
3257.15494,0.02024
3256.19072,0.01984
3255.22649,0.01943
3254.26226,0.01919
3253.29804,0.01921
3252.33381,0.01940
3251.36959,0.01960
3250.40536,0.01972
3249.44114,0.01975
3248.47691,0.01966
3247.51268,0.01941
3246.54846,0.01901
3245.58423,0.01863
3244.62001,0.01845
3243.65578,0.01852
3242.69155,0.01872
3241.72733,0.01895
3240.76310,0.01912
3239.79888,0.01914
3238.83465,0.01891
3237.87042,0.01847
3236.90620,0.01813
3235.94197,0.01823
3234.97775,0.01884
3234.01352,0.01958
3233.04930,0.01998
3232.08507,0.01991
3231.12084,0.01962
3230.15662,0.01946
3229.19239,0.01954
3228.22817,0.01973
3227.26394,0.01982
3226.29971,0.01965
3225.33549,0.01921
3224.37126,0.01862
3223.40704,0.01812
3222.44281,0.01799
3221.47859,0.01826
3220.51436,0.01871
3219.55013,0.01903
3218.58591,0.01916
3217.62168,0.01926
3216.65746,0.01944
3215.69323,0.01960
3214.72900,0.01951
3213.76478,0.01912
3212.80055,0.01862
3211.83633,0.01826
3210.87210,0.01815
3209.90788,0.01829
3208.94365,0.01860
3207.97942,0.01895
3207.01520,0.01914
3206.05097,0.01895
3205.08675,0.01834
3204.12252,0.01755
3203.15829,0.01695
3202.19407,0.01676
3201.22984,0.01694
3200.26562,0.01727
3199.30139,0.01757
3198.33716,0.01782
3197.37294,0.01802
3196.40871,0.01819
3195.44449,0.01824
3194.48026,0.01814
3193.51604,0.01795
3192.55181,0.01782
3191.58758,0.01794
3190.62336,0.01827
3189.65913,0.01864
3188.69491,0.01884
3187.73068,0.01883
3186.76645,0.01877
3185.80223,0.01874
3184.83800,0.01860
3183.87378,0.01814
3182.90955,0.01738
3181.94533,0.01667
3180.98110,0.01642
3180.01687,0.01670
3179.05265,0.01718
3178.08842,0.01744
3177.12420,0.01732
3176.15997,0.01697
3175.19574,0.01668
3174.23152,0.01663
3173.26729,0.01683
3172.30307,0.01718
3171.33884,0.01750
3170.37461,0.01764
3169.41039,0.01752
3168.44616,0.01717
3167.48194,0.01666
3166.51771,0.01610
3165.55349,0.01554
3164.58926,0.01507
3163.62503,0.01478
3162.66081,0.01475
3161.69658,0.01499
3160.73236,0.01540
3159.76813,0.01584
3158.80390,0.01624
3157.83968,0.01658
3156.87545,0.01686
3155.91123,0.01704
3154.94700,0.01707
3153.98278,0.01691
3153.01855,0.01664
3152.05432,0.01644
3151.09010,0.01642
3150.12587,0.01650
3149.16165,0.01642
3148.19742,0.01605
3147.23319,0.01555
3146.26897,0.01527
3145.30474,0.01538
3144.34052,0.01572
3143.37629,0.01591
3142.41207,0.01581
3141.44784,0.01558
3140.48361,0.01544
3139.51939,0.01538
3138.55516,0.01523
3137.59094,0.01488
3136.62671,0.01447
3135.66248,0.01422
3134.69826,0.01422
3133.73403,0.01443
3132.76981,0.01479
3131.80558,0.01520
3130.84135,0.01548
3129.87713,0.01542
3128.91290,0.01500
3127.94868,0.01447
3126.98445,0.01418
3126.02023,0.01424
3125.05600,0.01446
3124.09177,0.01461
3123.12755,0.01461
3122.16332,0.01448
3121.19910,0.01425
3120.23487,0.01391
3119.27064,0.01353
3118.30642,0.01327
3117.34219,0.01319
3116.37797,0.01318
3115.41374,0.01310
3114.44952,0.01297
3113.48529,0.01297
3112.52106,0.01318
3111.55684,0.01347
3110.59261,0.01362
3109.62839,0.01359
3108.66416,0.01351
3107.69993,0.01349
3106.73571,0.01345
3105.77148,0.01334
3104.80726,0.01324
3103.84303,0.01327
3102.87881,0.01341
3101.91458,0.01343
3100.95035,0.01320
3099.98613,0.01283
3099.02190,0.01254
3098.05768,0.01243
3097.09345,0.01238
3096.12922,0.01227
3095.16500,0.01212
3094.20077,0.01205
3093.23655,0.01213
3092.27232,0.01237
3091.30809,0.01275
3090.34387,0.01320
3089.37964,0.01361
3088.41542,0.01382
3087.45119,0.01378
3086.48697,0.01363
3085.52274,0.01358
3084.55851,0.01367
3083.59429,0.01374
3082.63006,0.01364
3081.66584,0.01339
3080.70161,0.01307
3079.73738,0.01275
3078.77316,0.01237
3077.80893,0.01193
3076.84471,0.01153
3075.88048,0.01126
3074.91626,0.01114
3073.95203,0.01111
3072.98780,0.01120
3072.02358,0.01151
3071.05935,0.01206
3070.09513,0.01261
3069.13090,0.01290
3068.16667,0.01281
3067.20245,0.01249
3066.23822,0.01217
3065.27400,0.01199
3064.30977,0.01194
3063.34554,0.01196
3062.38132,0.01200
3061.41709,0.01203
3060.45287,0.01207
3059.48864,0.01215
3058.52442,0.01236
3057.56019,0.01267
3056.59596,0.01293
3055.63174,0.01295
3054.66751,0.01269
3053.70329,0.01231
3052.73906,0.01204
3051.77483,0.01197
3050.81061,0.01205
3049.84638,0.01218
3048.88216,0.01224
3047.91793,0.01218
3046.95371,0.01195
3045.98948,0.01158
3045.02525,0.01123
3044.06103,0.01108
3043.09680,0.01123
3042.13258,0.01152
3041.16835,0.01170
3040.20412,0.01161
3039.23990,0.01128
3038.27567,0.01092
3037.31145,0.01079
3036.34722,0.01104
3035.38300,0.01157
3034.41877,0.01210
3033.45454,0.01233
3032.49032,0.01216
3031.52609,0.01174
3030.56187,0.01132
3029.59764,0.01107
3028.63341,0.01098
3027.66919,0.01092
3026.70496,0.01086
3025.74074,0.01079
3024.77651,0.01069
3023.81228,0.01052
3022.84806,0.01022
3021.88383,0.00989
3020.91961,0.00967
3019.95538,0.00966
3018.99116,0.00982
3018.02693,0.01001
3017.06270,0.01016
3016.09848,0.01030
3015.13425,0.01049
3014.17003,0.01072
3013.20580,0.01088
3012.24157,0.01088
3011.27735,0.01072
3010.31312,0.01049
3009.34890,0.01026
3008.38467,0.01007
3007.42045,0.00994
3006.45622,0.00993
3005.49199,0.01006
3004.52777,0.01029
3003.56354,0.01047
3002.59932,0.01049
3001.63509,0.01035
3000.67086,0.01017
2999.70664,0.01006
2998.74241,0.01005
2997.77819,0.01011
2996.81396,0.01018
2995.84974,0.01025
2994.88551,0.01026
2993.92128,0.01013
2992.95706,0.00987
2991.99283,0.00956
2991.02861,0.00936
2990.06438,0.00932
2989.10015,0.00938
2988.13593,0.00941
2987.17170,0.00936
2986.20748,0.00932
2985.24325,0.00937
2984.27902,0.00948
2983.31480,0.00953
2982.35057,0.00944
2981.38635,0.00926
2980.42212,0.00915
2979.45790,0.00919
2978.49367,0.00933
2977.52944,0.00943
2976.56522,0.00938
2975.60099,0.00924
2974.63677,0.00919
2973.67254,0.00935
2972.70831,0.00963
2971.74409,0.00980
2970.77986,0.00974
2969.81564,0.00954
2968.85141,0.00946
2967.88719,0.00961
2966.92296,0.00986
2965.95873,0.00996
2964.99451,0.00986
2964.03028,0.00975
2963.06606,0.00980
2962.10183,0.00999
2961.13760,0.01011
2960.17338,0.01002
2959.20915,0.00980
2958.24493,0.00961
2957.28070,0.00955
2956.31647,0.00957
2955.35225,0.00960
2954.38802,0.00960
2953.42380,0.00961
2952.45957,0.00967
2951.49535,0.00984
2950.53112,0.01011
2949.56689,0.01042
2948.60267,0.01054
2947.63844,0.01032
2946.67422,0.00981
2945.70999,0.00925
2944.74576,0.00888
2943.78154,0.00875
2942.81731,0.00874
2941.85309,0.00876
2940.88886,0.00884
2939.92464,0.00900
2938.96041,0.00918
2937.99618,0.00929
2937.03196,0.00935
2936.06773,0.00944
2935.10351,0.00955
2934.13928,0.00951
2933.17505,0.00926
2932.21083,0.00894
2931.24660,0.00885
2930.28238,0.00910
2929.31815,0.00950
2928.35393,0.00979
2927.38970,0.00990
2926.42547,0.00996
2925.46125,0.01005
2924.49702,0.01008
2923.53280,0.00991
2922.56857,0.00960
2921.60434,0.00935
2920.64012,0.00930
2919.67589,0.00936
2918.71167,0.00937
2917.74744,0.00928
2916.78321,0.00920
2915.81899,0.00920
2914.85476,0.00928
2913.89054,0.00934
2912.92631,0.00933
2911.96209,0.00928
2910.99786,0.00918
2910.03363,0.00907
2909.06941,0.00897
2908.10518,0.00894
2907.14096,0.00901
2906.17673,0.00909
2905.21250,0.00909
2904.24828,0.00898
2903.28405,0.00882
2902.31983,0.00870
2901.35560,0.00863
2900.39138,0.00856
2899.42715,0.00841
2898.46292,0.00817
2897.49870,0.00793
2896.53447,0.00781
2895.57025,0.00794
2894.60602,0.00834
2893.64179,0.00885
2892.67757,0.00925
2891.71334,0.00935
2890.74912,0.00918
2889.78489,0.00890
2888.82066,0.00872
2887.85644,0.00874
2886.89221,0.00887
2885.92799,0.00900
2884.96376,0.00905
2883.99954,0.00903
2883.03531,0.00906
2882.07108,0.00918
2881.10686,0.00933
2880.14263,0.00932
2879.17841,0.00909
2878.21418,0.00873
2877.24995,0.00851
2876.28573,0.00859
2875.32150,0.00893
2874.35728,0.00931
2873.39305,0.00954
2872.42883,0.00956
2871.46460,0.00936
2870.50037,0.00895
2869.53615,0.00838
2868.57192,0.00778
2867.60770,0.00737
2866.64347,0.00730
2865.67924,0.00756
2864.71502,0.00799
2863.75079,0.00840
2862.78657,0.00864
2861.82234,0.00861
2860.85812,0.00835
2859.89389,0.00802
2858.92966,0.00784
2857.96544,0.00797
2857.00121,0.00832
2856.03699,0.00865
2855.07276,0.00872
2854.10853,0.00850
2853.14431,0.00813
2852.18008,0.00781
2851.21586,0.00768
2850.25163,0.00782
2849.28740,0.00817
2848.32318,0.00858
2847.35895,0.00884
2846.39473,0.00883
2845.43050,0.00862
2844.46628,0.00834
2843.50205,0.00808
2842.53782,0.00784
2841.57360,0.00768
2840.60937,0.00767
2839.64515,0.00785
2838.68092,0.00810
2837.71669,0.00822
2836.75247,0.00814
2835.78824,0.00801
2834.82402,0.00798
2833.85979,0.00806
2832.89557,0.00809
2831.93134,0.00799
2830.96711,0.00784
2830.00289,0.00776
2829.03866,0.00780
2828.07444,0.00793
2827.11021,0.00813
2826.14598,0.00841
2825.18176,0.00879
2824.21753,0.00913
2823.25331,0.00923
2822.28908,0.00904
2821.32486,0.00862
2820.36063,0.00812
2819.39640,0.00762
2818.43218,0.00722
2817.46795,0.00702
2816.50373,0.00709
2815.53950,0.00735
2814.57527,0.00763
2813.61105,0.00774
2812.64682,0.00771
2811.68260,0.00766
2810.71837,0.00769
2809.75414,0.00776
2808.78992,0.00781
2807.82569,0.00782
2806.86147,0.00784
2805.89724,0.00791
2804.93302,0.00801
2803.96879,0.00804
2803.00456,0.00793
2802.04034,0.00765
2801.07611,0.00730
2800.11189,0.00705
2799.14766,0.00705
2798.18343,0.00730
2797.21921,0.00762
2796.25498,0.00782
2795.29076,0.00782
2794.32653,0.00772
2793.36231,0.00766
2792.39808,0.00767
2791.43385,0.00769
2790.46963,0.00766
2789.50540,0.00765
2788.54118,0.00773
2787.57695,0.00790
2786.61272,0.00800
2785.64850,0.00792
2784.68427,0.00765
2783.72005,0.00735
2782.75582,0.00719
2781.79159,0.00728
2780.82737,0.00755
2779.86314,0.00781
2778.89892,0.00785
2777.93469,0.00757
2776.97047,0.00707
2776.00624,0.00666
2775.04201,0.00658
2774.07779,0.00687
2773.11356,0.00731
2772.14934,0.00766
2771.18511,0.00782
2770.22088,0.00786
2769.25666,0.00784
2768.29243,0.00775
2767.32821,0.00755
2766.36398,0.00730
2765.39976,0.00711
2764.43553,0.00702
2763.47130,0.00696
2762.50708,0.00684
2761.54285,0.00666
2760.57863,0.00656
2759.61440,0.00666
2758.65017,0.00693
2757.68595,0.00722
2756.72172,0.00741
2755.75750,0.00749
2754.79327,0.00751
2753.82905,0.00752
2752.86482,0.00752
2751.90059,0.00757
2750.93637,0.00771
2749.97214,0.00796
2749.00792,0.00815
2748.04369,0.00812
2747.07946,0.00783
2746.11524,0.00747
2745.15101,0.00727
2744.18679,0.00732
2743.22256,0.00749
2742.25833,0.00758
2741.29411,0.00757
2740.32988,0.00757
2739.36566,0.00766
2738.40143,0.00779
2737.43721,0.00786
2736.47298,0.00781
2735.50875,0.00773
2734.54453,0.00770
2733.58030,0.00773
2732.61608,0.00775
2731.65185,0.00776
2730.68762,0.00781
2729.72340,0.00792
2728.75917,0.00802
2727.79495,0.00795
2726.83072,0.00769
2725.86650,0.00738
2724.90227,0.00722
2723.93804,0.00727
2722.97382,0.00738
2722.00959,0.00738
2721.04537,0.00723
2720.08114,0.00702
2719.11691,0.00682
2718.15269,0.00665
2717.18846,0.00650
2716.22424,0.00647
2715.26001,0.00668
2714.29579,0.00711
2713.33156,0.00756
2712.36733,0.00780
2711.40311,0.00778
2710.43888,0.00764
2709.47466,0.00747
2708.51043,0.00729
2707.54620,0.00706
2706.58198,0.00686
2705.61775,0.00686
2704.65353,0.00712
2703.68930,0.00748
2702.72507,0.00771
2701.76085,0.00772
2700.79662,0.00759
2699.83240,0.00745
2698.86817,0.00730
2697.90395,0.00715
2696.93972,0.00708
2695.97549,0.00721
2695.01127,0.00756
2694.04704,0.00798
2693.08282,0.00827
2692.11859,0.00837
2691.15436,0.00828
2690.19014,0.00803
2689.22591,0.00765
2688.26169,0.00723
2687.29746,0.00692
2686.33324,0.00686
2685.36901,0.00703
2684.40478,0.00727
2683.44056,0.00748
2682.47633,0.00765
2681.51211,0.00781
2680.54788,0.00797
2679.58365,0.00812
2678.61943,0.00830
2677.65520,0.00854
2676.69098,0.00877
2675.72675,0.00882
2674.76252,0.00856
2673.79830,0.00807
2672.83407,0.00758
2671.86985,0.00729
2670.90562,0.00726
2669.94140,0.00741
2668.97717,0.00757
2668.01294,0.00755
2667.04872,0.00726
2666.08449,0.00676
2665.12027,0.00629
2664.15604,0.00609
2663.19181,0.00628
2662.22759,0.00672
2661.26336,0.00720
2660.29914,0.00755
2659.33491,0.00776
2658.37069,0.00784
2657.40646,0.00781
2656.44223,0.00772
2655.47801,0.00761
2654.51378,0.00754
2653.54956,0.00749
2652.58533,0.00739
2651.62110,0.00723
2650.65688,0.00709
2649.69265,0.00706
2648.72843,0.00713
2647.76420,0.00726
2646.79998,0.00741
2645.83575,0.00756
2644.87152,0.00770
2643.90730,0.00779
2642.94307,0.00782
2641.97885,0.00781
2641.01462,0.00777
2640.05039,0.00765
2639.08617,0.00742
2638.12194,0.00712
2637.15772,0.00688
2636.19349,0.00682
2635.22926,0.00696
2634.26504,0.00719
2633.30081,0.00737
2632.33659,0.00739
2631.37236,0.00727
2630.40814,0.00714
2629.44391,0.00713
2628.47968,0.00735
2627.51546,0.00772
2626.55123,0.00804
2625.58701,0.00814
2624.62278,0.00800
2623.65855,0.00777
2622.69433,0.00759
2621.73010,0.00753
2620.76588,0.00760
2619.80165,0.00778
2618.83743,0.00803
2617.87320,0.00825
2616.90897,0.00836
2615.94475,0.00826
2614.98052,0.00798
2614.01630,0.00758
2613.05207,0.00718
2612.08784,0.00696
2611.12362,0.00702
2610.15939,0.00732
2609.19517,0.00766
2608.23094,0.00786
2607.26672,0.00793
2606.30249,0.00812
2605.33826,0.00854
2604.37404,0.00905
2603.40981,0.00928
2602.44559,0.00908
2601.48136,0.00861
2600.51713,0.00818
2599.55291,0.00795
2598.58868,0.00788
2597.62446,0.00782
2596.66023,0.00777
2595.69600,0.00775
2594.73178,0.00772
2593.76755,0.00763
2592.80333,0.00747
2591.83910,0.00731
2590.87488,0.00720
2589.91065,0.00712
2588.94642,0.00708
2587.98220,0.00711
2587.01797,0.00728
2586.05375,0.00757
2585.08952,0.00783
2584.12529,0.00794
2583.16107,0.00791
2582.19684,0.00781
2581.23262,0.00765
2580.26839,0.00744
2579.30417,0.00719
2578.33994,0.00695
2577.37571,0.00679
2576.41149,0.00669
2575.44726,0.00664
2574.48304,0.00669
2573.51881,0.00687
2572.55458,0.00716
2571.59036,0.00748
2570.62613,0.00775
2569.66191,0.00800
2568.69768,0.00826
2567.73345,0.00843
2566.76923,0.00839
2565.80500,0.00810
2564.84078,0.00770
2563.87655,0.00736
2562.91233,0.00717
2561.94810,0.00710
2560.98387,0.00709
2560.01965,0.00715
2559.05542,0.00726
2558.09120,0.00738
2557.12697,0.00746
2556.16274,0.00755
2555.19852,0.00769
2554.23429,0.00784
2553.27007,0.00796
2552.30584,0.00801
2551.34162,0.00799
2550.37739,0.00791
2549.41316,0.00774
2548.44894,0.00748
2547.48471,0.00722
2546.52049,0.00710
2545.55626,0.00715
2544.59203,0.00722
2543.62781,0.00720
2542.66358,0.00709
2541.69936,0.00700
2540.73513,0.00699
2539.77091,0.00700
2538.80668,0.00697
2537.84245,0.00690
2536.87823,0.00689
2535.91400,0.00697
2534.94978,0.00709
2533.98555,0.00717
2533.02132,0.00721
2532.05710,0.00722
2531.09287,0.00717
2530.12865,0.00705
2529.16442,0.00692
2528.20019,0.00691
2527.23597,0.00709
2526.27174,0.00738
2525.30752,0.00757
2524.34329,0.00755
2523.37907,0.00737
2522.41484,0.00720
2521.45061,0.00716
2520.48639,0.00724
2519.52216,0.00738
2518.55794,0.00750
2517.59371,0.00756
2516.62948,0.00758
2515.66526,0.00763
2514.70103,0.00773
2513.73681,0.00786
2512.77258,0.00794
2511.80836,0.00786
2510.84413,0.00765
2509.87990,0.00740
2508.91568,0.00724
2507.95145,0.00722
2506.98723,0.00732
2506.02300,0.00745
2505.05877,0.00753
2504.09455,0.00751
2503.13032,0.00740
2502.16610,0.00731
2501.20187,0.00736
2500.23764,0.00759
2499.27342,0.00795
2498.30919,0.00828
2497.34497,0.00847
2496.38074,0.00848
2495.41652,0.00835
2494.45229,0.00815
2493.48806,0.00793
2492.52384,0.00777
2491.55961,0.00772
2490.59539,0.00780
2489.63116,0.00795
2488.66693,0.00804
2487.70271,0.00800
2486.73848,0.00783
2485.77426,0.00765
2484.81003,0.00755
2483.84581,0.00757
2482.88158,0.00763
2481.91735,0.00767
2480.95313,0.00765
2479.98890,0.00759
2479.02468,0.00756
2478.06045,0.00757
2477.09622,0.00759
2476.13200,0.00756
2475.16777,0.00747
2474.20355,0.00737
2473.23932,0.00733
2472.27510,0.00738
2471.31087,0.00750
2470.34664,0.00759
2469.38242,0.00761
2468.41819,0.00755
2467.45397,0.00748
2466.48974,0.00747
2465.52551,0.00754
2464.56129,0.00764
2463.59706,0.00767
2462.63284,0.00761
2461.66861,0.00749
2460.70438,0.00740
2459.74016,0.00743
2458.77593,0.00758
2457.81171,0.00784
2456.84748,0.00813
2455.88326,0.00839
2454.91903,0.00854
2453.95480,0.00855
2452.99058,0.00839
2452.02635,0.00807
2451.06213,0.00769
2450.09790,0.00737
2449.13367,0.00720
2448.16945,0.00721
2447.20522,0.00732
2446.24100,0.00747
2445.27677,0.00764
2444.31255,0.00785
2443.34832,0.00810
2442.38409,0.00834
2441.41987,0.00847
2440.45564,0.00843
2439.49142,0.00827
2438.52719,0.00806
2437.56296,0.00787
2436.59874,0.00777
2435.63451,0.00779
2434.67029,0.00791
2433.70606,0.00803
2432.74184,0.00801
2431.77761,0.00781
2430.81338,0.00754
2429.84916,0.00734
2428.88493,0.00733
2427.92071,0.00745
2426.95648,0.00756
2425.99225,0.00754
2425.02803,0.00734
2424.06380,0.00706
2423.09958,0.00685
2422.13535,0.00688
2421.17112,0.00718
2420.20690,0.00759
2419.24267,0.00790
2418.27845,0.00799
2417.31422,0.00791
2416.35000,0.00781
2415.38577,0.00777
2414.42154,0.00773
2413.45732,0.00760
2412.49309,0.00747
2411.52887,0.00746
2410.56464,0.00763
2409.60041,0.00789
2408.63619,0.00806
2407.67196,0.00807
2406.70774,0.00801
2405.74351,0.00799
2404.77929,0.00804
2403.81506,0.00816
2402.85083,0.00830
2401.88661,0.00842
2400.92238,0.00847
2399.95816,0.00843
2398.99393,0.00833
2398.02970,0.00824
2397.06548,0.00822
2396.10125,0.00822
2395.13703,0.00818
2394.17280,0.00812
2393.20857,0.00813
2392.24435,0.00826
2391.28012,0.00841
2390.31590,0.00845
2389.35167,0.00835
2388.38745,0.00820
2387.42322,0.00814
2386.45899,0.00819
2385.49477,0.00830
2384.53054,0.00837
2383.56632,0.00840
2382.60209,0.00839
2381.63786,0.00832
2380.67364,0.00812
2379.70941,0.00783
2378.74519,0.00755
2377.78096,0.00739
2376.81674,0.00735
2375.85251,0.00730
2374.88828,0.00717
2373.92406,0.00697
2372.95983,0.00684
2371.99561,0.00690
2371.03138,0.00714
2370.06715,0.00746
2369.10293,0.00771
2368.13870,0.00785
2367.17448,0.00795
2366.21025,0.00806
2365.24603,0.00819
2364.28180,0.00829
2363.31757,0.00831
2362.35335,0.00827
2361.38912,0.00818
2360.42490,0.00802
2359.46067,0.00774
2358.49644,0.00739
2357.53222,0.00715
2356.56799,0.00725
2355.60377,0.00772
2354.63954,0.00832
2353.67531,0.00873
2352.71109,0.00877
2351.74686,0.00852
2350.78264,0.00818
2349.81841,0.00793
2348.85419,0.00783
2347.88996,0.00784
2346.92573,0.00789
2345.96151,0.00789
2344.99728,0.00777
2344.03306,0.00756
2343.06883,0.00742
2342.10460,0.00747
2341.14038,0.00765
2340.17615,0.00776
2339.21193,0.00770
2338.24770,0.00754
2337.28348,0.00745
2336.31925,0.00747
2335.35502,0.00746
2334.39080,0.00731
2333.42657,0.00710
2332.46235,0.00705
2331.49812,0.00727
2330.53389,0.00768
2329.56967,0.00804
2328.60544,0.00820
2327.64122,0.00821
2326.67699,0.00815
2325.71277,0.00811
2324.74854,0.00813
2323.78431,0.00819
2322.82009,0.00825
2321.85586,0.00831
2320.89164,0.00835
2319.92741,0.00840
2318.96318,0.00845
2317.99896,0.00842
2317.03473,0.00824
2316.07051,0.00794
2315.10628,0.00761
2314.14205,0.00738
2313.17783,0.00731
2312.21360,0.00734
2311.24938,0.00741
2310.28515,0.00749
2309.32093,0.00758
2308.35670,0.00764
2307.39247,0.00766
2306.42825,0.00763
2305.46402,0.00758
2304.49980,0.00754
2303.53557,0.00748
2302.57134,0.00740
2301.60712,0.00735
2300.64289,0.00737
2299.67867,0.00747
2298.71444,0.00762
2297.75022,0.00781
2296.78599,0.00806
2295.82176,0.00832
2294.85754,0.00850
2293.89331,0.00849
2292.92909,0.00832
2291.96486,0.00810
2291.00063,0.00795
2290.03641,0.00790
2289.07218,0.00791
2288.10796,0.00794
2287.14373,0.00795
2286.17950,0.00790
2285.21528,0.00780
2284.25105,0.00764
2283.28683,0.00750
2282.32260,0.00744
2281.35838,0.00747
2280.39415,0.00763
2279.42992,0.00792
2278.46570,0.00831
2277.50147,0.00867
2276.53725,0.00879
2275.57302,0.00864
2274.60879,0.00835
2273.64457,0.00815
2272.68034,0.00811
2271.71612,0.00811
2270.75189,0.00805
2269.78767,0.00794
2268.82344,0.00788
2267.85921,0.00785
2266.89499,0.00770
2265.93076,0.00736
2264.96654,0.00701
2264.00231,0.00691
2263.03808,0.00711
2262.07386,0.00746
2261.10963,0.00773
2260.14541,0.00788
2259.18118,0.00797
2258.21696,0.00801
2257.25273,0.00795
2256.28850,0.00782
2255.32428,0.00778
2254.36005,0.00799
2253.39583,0.00838
2252.43160,0.00876
2251.46737,0.00901
2250.50315,0.00921
2249.53892,0.00950
2248.57470,0.00982
2247.61047,0.00993
2246.64624,0.00962
2245.68202,0.00896
2244.71779,0.00821
2243.75357,0.00767
2242.78934,0.00746
2241.82512,0.00753
2240.86089,0.00778
2239.89666,0.00805
2238.93244,0.00821
2237.96821,0.00817
2237.00399,0.00795
2236.03976,0.00769
2235.07553,0.00755
2234.11131,0.00758
2233.14708,0.00773
2232.18286,0.00786
2231.21863,0.00788
2230.25441,0.00781
2229.29018,0.00771
2228.32595,0.00772
2227.36173,0.00787
2226.39750,0.00816
2225.43328,0.00847
2224.46905,0.00869
2223.50482,0.00876
2222.54060,0.00866
2221.57637,0.00844
2220.61215,0.00820
2219.64792,0.00802
2218.68369,0.00796
2217.71947,0.00792
2216.75524,0.00782
2215.79102,0.00760
2214.82679,0.00736
2213.86257,0.00728
2212.89834,0.00748
2211.93411,0.00790
2210.96989,0.00831
2210.00566,0.00854
2209.04144,0.00856
2208.07721,0.00848
2207.11298,0.00842
2206.14876,0.00841
2205.18453,0.00838
2204.22031,0.00831
2203.25608,0.00826
2202.29186,0.00837
2201.32763,0.00864
2200.36340,0.00891
2199.39918,0.00902
2198.43495,0.00890
2197.47073,0.00866
2196.50650,0.00846
2195.54227,0.00842
2194.57805,0.00850
2193.61382,0.00863
2192.64960,0.00873
2191.68537,0.00874
2190.72115,0.00861
2189.75692,0.00836
2188.79269,0.00807
2187.82847,0.00789
2186.86424,0.00790
2185.90002,0.00807
2184.93579,0.00830
2183.97156,0.00846
2183.00734,0.00849
2182.04311,0.00842
2181.07889,0.00830
2180.11466,0.00820
2179.15043,0.00815
2178.18621,0.00815
2177.22198,0.00825
2176.25776,0.00844
2175.29353,0.00864
2174.32931,0.00876
2173.36508,0.00874
2172.40085,0.00866
2171.43663,0.00867
2170.47240,0.00880
2169.50818,0.00890
2168.54395,0.00880
2167.57972,0.00851
2166.61550,0.00825
2165.65127,0.00822
2164.68705,0.00847
2163.72282,0.00880
2162.75860,0.00907
2161.79437,0.00925
2160.83014,0.00942
2159.86592,0.00957
2158.90169,0.00965
2157.93747,0.00962
2156.97324,0.00950
2156.00901,0.00930
2155.04479,0.00899
2154.08056,0.00859
2153.11634,0.00823
2152.15211,0.00811
2151.18789,0.00827
2150.22366,0.00855
2149.25943,0.00869
2148.29521,0.00863
2147.33098,0.00849
2146.36676,0.00843
2145.40253,0.00849
2144.43830,0.00860
2143.47408,0.00876
2142.50985,0.00892
2141.54563,0.00902
2140.58140,0.00894
2139.61717,0.00865
2138.65295,0.00831
2137.68872,0.00807
2136.72450,0.00794
2135.76027,0.00780
2134.79605,0.00758
2133.83182,0.00737
2132.86759,0.00733
2131.90337,0.00751
2130.93914,0.00779
2129.97492,0.00808
2129.01069,0.00834
2128.04646,0.00858
2127.08224,0.00878
2126.11801,0.00889
2125.15379,0.00893
2124.18956,0.00896
2123.22534,0.00900
2122.26111,0.00896
2121.29688,0.00878
2120.33266,0.00846
2119.36843,0.00815
2118.40421,0.00797
2117.43998,0.00802
2116.47575,0.00830
2115.51153,0.00872
2114.54730,0.00911
2113.58308,0.00931
2112.61885,0.00921
2111.65462,0.00889
2110.69040,0.00850
2109.72617,0.00818
2108.76195,0.00803
2107.79772,0.00806
2106.83350,0.00825
2105.86927,0.00853
2104.90504,0.00875
2103.94082,0.00882
2102.97659,0.00875
2102.01237,0.00867
2101.04814,0.00872
2100.08391,0.00890
2099.11969,0.00910
2098.15546,0.00924
2097.19124,0.00928
2096.22701,0.00926
2095.26279,0.00923
2094.29856,0.00924
2093.33433,0.00929
2092.37011,0.00933
2091.40588,0.00929
2090.44166,0.00916
2089.47743,0.00900
2088.51320,0.00888
2087.54898,0.00883
2086.58475,0.00878
2085.62053,0.00870
2084.65630,0.00863
2083.69208,0.00863
2082.72785,0.00867
2081.76362,0.00864
2080.79940,0.00854
2079.83517,0.00846
2078.87095,0.00849
2077.90672,0.00860
2076.94249,0.00865
2075.97827,0.00857
2075.01404,0.00837
2074.04982,0.00817
2073.08559,0.00797
2072.12136,0.00776
2071.15714,0.00752
2070.19291,0.00734
2069.22869,0.00727
2068.26446,0.00730
2067.30024,0.00740
2066.33601,0.00759
2065.37178,0.00787
2064.40756,0.00818
2063.44333,0.00842
2062.47911,0.00853
2061.51488,0.00858
2060.55065,0.00868
2059.58643,0.00880
2058.62220,0.00883
2057.65798,0.00868
2056.69375,0.00837
2055.72953,0.00807
2054.76530,0.00794
2053.80107,0.00800
2052.83685,0.00819
2051.87262,0.00838
2050.90840,0.00851
2049.94417,0.00855
2048.97994,0.00854
2048.01572,0.00853
2047.05149,0.00849
2046.08727,0.00840
2045.12304,0.00826
2044.15882,0.00815
2043.19459,0.00814
2042.23036,0.00817
2041.26614,0.00810
2040.30191,0.00790
2039.33769,0.00772
2038.37346,0.00777
2037.40923,0.00807
2036.44501,0.00843
2035.48078,0.00863
2034.51656,0.00858
2033.55233,0.00842
2032.58810,0.00827
2031.62388,0.00818
2030.65965,0.00807
2029.69543,0.00790
2028.73120,0.00769
2027.76698,0.00746
2026.80275,0.00727
2025.83852,0.00714
2024.87430,0.00710
2023.91007,0.00716
2022.94585,0.00733
2021.98162,0.00757
2021.01739,0.00782
2020.05317,0.00800
2019.08894,0.00810
2018.12472,0.00812
2017.16049,0.00814
2016.19627,0.00821
2015.23204,0.00829
2014.26781,0.00832
2013.30359,0.00823
2012.33936,0.00805
2011.37514,0.00786
2010.41091,0.00767
2009.44668,0.00750
2008.48246,0.00735
2007.51823,0.00731
2006.55401,0.00738
2005.58978,0.00749
2004.62555,0.00754
2003.66133,0.00753
2002.69710,0.00757
2001.73288,0.00779
2000.76865,0.00818
1999.80443,0.00858
1998.84020,0.00878
1997.87597,0.00874
1996.91175,0.00856
1995.94752,0.00837
1994.98330,0.00824
1994.01907,0.00813
1993.05484,0.00798
1992.09062,0.00780
1991.12639,0.00768
1990.16217,0.00771
1989.19794,0.00789
1988.23372,0.00807
1987.26949,0.00811
1986.30526,0.00800
1985.34104,0.00786
1984.37681,0.00778
1983.41259,0.00778
1982.44836,0.00775
1981.48413,0.00767
1980.51991,0.00762
1979.55568,0.00768
1978.59146,0.00784
1977.62723,0.00801
1976.66301,0.00812
1975.69878,0.00817
1974.73455,0.00815
1973.77033,0.00801
1972.80610,0.00770
1971.84188,0.00726
1970.87765,0.00686
1969.91342,0.00665
1968.94920,0.00667
1967.98497,0.00684
1967.02075,0.00703
1966.05652,0.00719
1965.09229,0.00733
1964.12807,0.00752
1963.16384,0.00779
1962.19962,0.00809
1961.23539,0.00832
1960.27117,0.00838
1959.30694,0.00822
1958.34271,0.00793
1957.37849,0.00765
1956.41426,0.00747
1955.45004,0.00743
1954.48581,0.00754
1953.52158,0.00778
1952.55736,0.00805
1951.59313,0.00826
1950.62891,0.00833
1949.66468,0.00833
1948.70046,0.00836
1947.73623,0.00839
1946.77200,0.00828
1945.80778,0.00789
1944.84355,0.00731
1943.87933,0.00677
1942.91510,0.00653
1941.95087,0.00665
1940.98665,0.00698
1940.02242,0.00733
1939.05820,0.00757
1938.09397,0.00765
1937.12974,0.00764
1936.16552,0.00766
1935.20129,0.00777
1934.23707,0.00794
1933.27284,0.00804
1932.30862,0.00798
1931.34439,0.00784
1930.38016,0.00778
1929.41594,0.00785
1928.45171,0.00796
1927.48749,0.00799
1926.52326,0.00787
1925.55903,0.00763
1924.59481,0.00730
1923.63058,0.00693
1922.66636,0.00660
1921.70213,0.00646
1920.73791,0.00657
1919.77368,0.00688
1918.80945,0.00727
1917.84523,0.00765
1916.88100,0.00800
1915.91678,0.00829
1914.95255,0.00843
1913.98832,0.00834
1913.02410,0.00808
1912.05987,0.00778
1911.09565,0.00751
1910.13142,0.00727
1909.16720,0.00706
1908.20297,0.00697
1907.23874,0.00711
1906.27452,0.00744
1905.31029,0.00777
1904.34607,0.00793
1903.38184,0.00790
1902.41761,0.00780
1901.45339,0.00775
1900.48916,0.00777
1899.52494,0.00779
1898.56071,0.00777
1897.59648,0.00767
1896.63226,0.00753
1895.66803,0.00741
1894.70381,0.00738
1893.73958,0.00747
1892.77536,0.00764
1891.81113,0.00775
1890.84690,0.00774
1889.88268,0.00762
1888.91845,0.00747
1887.95423,0.00735
1886.99000,0.00730
1886.02577,0.00736
1885.06155,0.00751
1884.09732,0.00771
1883.13310,0.00787
1882.16887,0.00793
1881.20465,0.00793
1880.24042,0.00790
1879.27619,0.00782
1878.31197,0.00767
1877.34774,0.00748
1876.38352,0.00734
1875.41929,0.00728
1874.45506,0.00725
1873.49084,0.00719
1872.52661,0.00714
1871.56239,0.00719
1870.59816,0.00737
1869.63394,0.00756
1868.66971,0.00761
1867.70548,0.00752
1866.74126,0.00744
1865.77703,0.00747
1864.81281,0.00754
1863.84858,0.00754
1862.88435,0.00747
1861.92013,0.00743
1860.95590,0.00746
1859.99168,0.00750
1859.02745,0.00744
1858.06322,0.00730
1857.09900,0.00718
1856.13477,0.00714
1855.17055,0.00715
1854.20632,0.00719
1853.24210,0.00726
1852.27787,0.00739
1851.31364,0.00751
1850.34942,0.00752
1849.38519,0.00739
1848.42097,0.00723
1847.45674,0.00720
1846.49251,0.00734
1845.52829,0.00754
1844.56406,0.00765
1843.59984,0.00760
1842.63561,0.00742
1841.67139,0.00719
1840.70716,0.00701
1839.74293,0.00694
1838.77871,0.00702
1837.81448,0.00722
1836.85026,0.00746
1835.88603,0.00767
1834.92180,0.00786
1833.95758,0.00803
1832.99335,0.00817
1832.02913,0.00822
1831.06490,0.00814
1830.10067,0.00796
1829.13645,0.00770
1828.17222,0.00745
1827.20800,0.00727
1826.24377,0.00723
1825.27955,0.00735
1824.31532,0.00751
1823.35109,0.00758
1822.38687,0.00753
1821.42264,0.00747
1820.45842,0.00753
1819.49419,0.00770
1818.52996,0.00780
1817.56574,0.00771
1816.60151,0.00749
1815.63729,0.00735
1814.67306,0.00747
1813.70884,0.00781
1812.74461,0.00818
1811.78038,0.00837
1810.81616,0.00835
1809.85193,0.00820
1808.88771,0.00805
1807.92348,0.00796
1806.95925,0.00792
1805.99503,0.00784
1805.03080,0.00771
1804.06658,0.00758
1803.10235,0.00758
1802.13813,0.00775
1801.17390,0.00801
1800.20967,0.00824
1799.24545,0.00832
1798.28122,0.00825
1797.31700,0.00810
1796.35277,0.00797
1795.38854,0.00791
1794.42432,0.00793
1793.46009,0.00800
1792.49587,0.00808
1791.53164,0.00816
1790.56741,0.00822
1789.60319,0.00827
1788.63896,0.00831
1787.67474,0.00834
1786.71051,0.00836
1785.74629,0.00840
1784.78206,0.00844
1783.81783,0.00844
1782.85361,0.00839
1781.88938,0.00829
1780.92516,0.00823
1779.96093,0.00824
1778.99670,0.00831
1778.03248,0.00838
1777.06825,0.00842
1776.10403,0.00844
1775.13980,0.00848
1774.17558,0.00852
1773.21135,0.00847
1772.24712,0.00833
1771.28290,0.00820
1770.31867,0.00820
1769.35445,0.00837
1768.39022,0.00863
1767.42599,0.00884
1766.46177,0.00890
1765.49754,0.00884
1764.53332,0.00871
1763.56909,0.00858
1762.60487,0.00849
1761.64064,0.00846
1760.67641,0.00851
1759.71219,0.00866
1758.74796,0.00888
1757.78374,0.00910
1756.81951,0.00923
1755.85528,0.00926
1754.89106,0.00927
1753.92683,0.00939
1752.96261,0.00965
1751.99838,0.01000
1751.03415,0.01026
1750.06993,0.01031
1749.10570,0.01016
1748.14148,0.00991
1747.17725,0.00972
1746.21303,0.00967
1745.24880,0.00979
1744.28457,0.01003
1743.32035,0.01024
1742.35612,0.01026
1741.39190,0.01000
1740.42767,0.00954
1739.46344,0.00910
1738.49922,0.00890
1737.53499,0.00905
1736.57077,0.00947
1735.60654,0.01001
1734.64232,0.01050
1733.67809,0.01080
1732.71386,0.01089
1731.74964,0.01092
1730.78541,0.01101
1729.82119,0.01122
1728.85696,0.01146
1727.89273,0.01153
1726.92851,0.01137
1725.96428,0.01102
1725.00006,0.01064
1724.03583,0.01040
1723.07160,0.01037
1722.10738,0.01054
1721.14315,0.01087
1720.17893,0.01129
1719.21470,0.01169
1718.25048,0.01200
1717.28625,0.01215
1716.32202,0.01213
1715.35780,0.01200
1714.39357,0.01190
1713.42935,0.01195
1712.46512,0.01217
1711.50089,0.01243
1710.53667,0.01252
1709.57244,0.01238
1708.60822,0.01217
1707.64399,0.01220
1706.67977,0.01255
1705.71554,0.01305
1704.75131,0.01336
1703.78709,0.01332
1702.82286,0.01305
1701.85864,0.01277
1700.89441,0.01264
1699.93018,0.01264
1698.96596,0.01270
1698.00173,0.01286
1697.03751,0.01314
1696.07328,0.01348
1695.10906,0.01371
1694.14483,0.01373
1693.18060,0.01364
1692.21638,0.01364
1691.25215,0.01383
1690.28793,0.01416
1689.32370,0.01444
1688.35947,0.01459
1687.39525,0.01467
1686.43102,0.01481
1685.46680,0.01504
1684.50257,0.01523
1683.53834,0.01519
1682.57412,0.01489
1681.60989,0.01443
1680.64567,0.01399
1679.68144,0.01375
1678.71722,0.01379
1677.75299,0.01409
1676.78876,0.01452
1675.82454,0.01485
1674.86031,0.01491
1673.89609,0.01466
1672.93186,0.01430
1671.96763,0.01405
1671.00341,0.01408
1670.03918,0.01437
1669.07496,0.01482
1668.11073,0.01530
1667.14651,0.01573
1666.18228,0.01601
1665.21805,0.01613
1664.25383,0.01611
1663.28960,0.01608
1662.32538,0.01612
1661.36115,0.01620
1660.39692,0.01624
1659.43270,0.01620
1658.46847,0.01609
1657.50425,0.01594
1656.54002,0.01576
1655.57579,0.01556
1654.61157,0.01544
1653.64734,0.01552
1652.68312,0.01579
1651.71889,0.01609
1650.75467,0.01622
1649.79044,0.01616
1648.82621,0.01604
1647.86199,0.01600
1646.89776,0.01604
1645.93354,0.01604
1644.96931,0.01592
1644.00508,0.01571
1643.04086,0.01558
1642.07663,0.01561
1641.11241,0.01574
1640.14818,0.01585
1639.18396,0.01579
1638.21973,0.01554
1637.25550,0.01517
1636.29128,0.01483
1635.32705,0.01460
1634.36283,0.01445
1633.39860,0.01432
1632.43437,0.01422
1631.47015,0.01419
1630.50592,0.01429
1629.54170,0.01447
1628.57747,0.01461
1627.61325,0.01465
1626.64902,0.01459
1625.68479,0.01452
1624.72057,0.01449
1623.75634,0.01453
1622.79212,0.01458
1621.82789,0.01454
1620.86366,0.01432
1619.89944,0.01389
1618.93521,0.01338
1617.97099,0.01297
1617.00676,0.01282
1616.04253,0.01289
1615.07831,0.01300
1614.11408,0.01300
1613.14986,0.01289
1612.18563,0.01274
1611.22141,0.01263
1610.25718,0.01257
1609.29295,0.01257
1608.32873,0.01261
1607.36450,0.01260
1606.40028,0.01243
1605.43605,0.01202
1604.47182,0.01145
1603.50760,0.01094
1602.54337,0.01067
1601.57915,0.01066
1600.61492,0.01079
1599.65070,0.01095
1598.68647,0.01109
1597.72224,0.01120
1596.75802,0.01125
1595.79379,0.01120
1594.82957,0.01108
1593.86534,0.01097
1592.90111,0.01092
1591.93689,0.01096
1590.97266,0.01099
1590.00844,0.01089
1589.04421,0.01060
1588.07999,0.01018
1587.11576,0.00984
1586.15153,0.00977
1585.18731,0.01002
1584.22308,0.01044
1583.25886,0.01082
1582.29463,0.01106
1581.33040,0.01120
1580.36618,0.01129
1579.40195,0.01132
1578.43773,0.01120
1577.47350,0.01088
1576.50927,0.01039
1575.54505,0.00987
1574.58082,0.00942
1573.61660,0.00916
1572.65237,0.00913
1571.68815,0.00931
1570.72392,0.00956
1569.75969,0.00968
1568.79547,0.00955
1567.83124,0.00927
1566.86702,0.00904
1565.90279,0.00901
1564.93856,0.00919
1563.97434,0.00944
1563.01011,0.00963
1562.04589,0.00970
1561.08166,0.00965
1560.11744,0.00957
1559.15321,0.00953
1558.18898,0.00955
1557.22476,0.00953
1556.26053,0.00940
1555.29631,0.00918
1554.33208,0.00905
1553.36785,0.00919
1552.40363,0.00954
1551.43940,0.00985
1550.47518,0.00988
1549.51095,0.00966
1548.54672,0.00942
1547.58250,0.00944
1546.61827,0.00973
1545.65405,0.01008
1544.68982,0.01022
1543.72560,0.01005
1542.76137,0.00970
1541.79714,0.00939
1540.83292,0.00923
1539.86869,0.00920
1538.90447,0.00917
1537.94024,0.00908
1536.97601,0.00897
1536.01179,0.00892
1535.04756,0.00900
1534.08334,0.00918
1533.11911,0.00940
1532.15489,0.00958
1531.19066,0.00965
1530.22643,0.00955
1529.26221,0.00933
1528.29798,0.00906
1527.33376,0.00883
1526.36953,0.00865
1525.40530,0.00852
1524.44108,0.00846
1523.47685,0.00856
1522.51263,0.00883
1521.54840,0.00912
1520.58418,0.00924
1519.61995,0.00911
1518.65572,0.00891
1517.69150,0.00888
1516.72727,0.00907
1515.76305,0.00930
1514.79882,0.00934
1513.83459,0.00920
1512.87037,0.00902
1511.90614,0.00893
1510.94192,0.00890
1509.97769,0.00888
1509.01346,0.00886
1508.04924,0.00890
1507.08501,0.00896
1506.12079,0.00892
1505.15656,0.00872
1504.19234,0.00845
1503.22811,0.00830
1502.26388,0.00832
1501.29966,0.00840
1500.33543,0.00841
1499.37121,0.00833
1498.40698,0.00821
1497.44275,0.00808
1496.47853,0.00791
1495.51430,0.00769
1494.55008,0.00746
1493.58585,0.00730
1492.62163,0.00722
1491.65740,0.00721
1490.69317,0.00726
1489.72895,0.00743
1488.76472,0.00770
1487.80050,0.00797
1486.83627,0.00810
1485.87204,0.00802
1484.90782,0.00783
1483.94359,0.00765
1482.97937,0.00757
1482.01514,0.00756
1481.05092,0.00758
1480.08669,0.00758
1479.12246,0.00755
1478.15824,0.00748
1477.19401,0.00739
1476.22979,0.00731
1475.26556,0.00723
1474.30133,0.00709
1473.33711,0.00686
1472.37288,0.00656
1471.40866,0.00629
1470.44443,0.00607
1469.48020,0.00584
1468.51598,0.00554
1467.55175,0.00526
1466.58753,0.00514
1465.62330,0.00524
1464.65908,0.00544
1463.69485,0.00558
1462.73062,0.00561
1461.76640,0.00559
1460.80217,0.00560
1459.83795,0.00562
1458.87372,0.00557
1457.90949,0.00537
1456.94527,0.00498
1455.98104,0.00440
1455.01682,0.00378
1454.05259,0.00338
1453.08837,0.00339
1452.12414,0.00375
1451.15991,0.00410
1450.19569,0.00411
1449.23146,0.00374
1448.26724,0.00334
1447.30301,0.00324
1446.33878,0.00350
1445.37456,0.00401
1444.41033,0.00466
1443.44611,0.00544
1442.48188,0.00628
1441.51765,0.00693
1440.55343,0.00717
1439.58920,0.00700
1438.62498,0.00666
1437.66075,0.00633
1436.69653,0.00606
1435.73230,0.00585
1434.76807,0.00584
1433.80385,0.00619
1432.83962,0.00684
1431.87540,0.00738
1430.91117,0.00741
1429.94694,0.00685
1428.98272,0.00607
1428.01849,0.00554
1427.05427,0.00547
1426.09004,0.00571
1425.12582,0.00600
1424.16159,0.00626
1423.19736,0.00659
1422.23314,0.00711
1421.26891,0.00775
1420.30469,0.00828
1419.34046,0.00844
1418.37623,0.00817
1417.41201,0.00767
1416.44778,0.00718
1415.48356,0.00686
1414.51933,0.00662
1413.55511,0.00634
1412.59088,0.00600
1411.62665,0.00571
1410.66243,0.00562
1409.69820,0.00580
1408.73398,0.00616
1407.76975,0.00651
1406.80552,0.00668
1405.84130,0.00664
1404.87707,0.00650
1403.91285,0.00642
1402.94862,0.00649
1401.98439,0.00666
1401.02017,0.00677
1400.05594,0.00673
1399.09172,0.00658
1398.12749,0.00638
1397.16327,0.00612
1396.19904,0.00572
1395.23481,0.00514
1394.27059,0.00453
1393.30636,0.00411
1392.34214,0.00399
1391.37791,0.00418
1390.41368,0.00455
1389.44946,0.00500
1388.48523,0.00541
1387.52101,0.00563
1386.55678,0.00560
1385.59256,0.00537
1384.62833,0.00518
1383.66410,0.00524
1382.69988,0.00562
1381.73565,0.00613
1380.77143,0.00647
1379.80720,0.00642
1378.84297,0.00596
1377.87875,0.00536
1376.91452,0.00503
1375.95030,0.00520
1374.98607,0.00583
1374.02184,0.00664
1373.05762,0.00736
1372.09339,0.00786
1371.12917,0.00811
1370.16494,0.00806
1369.20072,0.00768
1368.23649,0.00710
1367.27226,0.00660
1366.30804,0.00635
1365.34381,0.00633
1364.37959,0.00635
1363.41536,0.00641
1362.45113,0.00667
1361.48691,0.00720
1360.52268,0.00778
1359.55846,0.00805
1358.59423,0.00787
1357.63001,0.00746
1356.66578,0.00712
1355.70155,0.00694
1354.73733,0.00676
1353.77310,0.00644
1352.80888,0.00607
1351.84465,0.00583
1350.88042,0.00578
1349.91620,0.00581
1348.95197,0.00579
1347.98775,0.00571
1347.02352,0.00562
1346.05930,0.00565
1345.09507,0.00590
1344.13084,0.00638
1343.16662,0.00695
1342.20239,0.00730
1341.23817,0.00719
1340.27394,0.00672
1339.30971,0.00625
1338.34549,0.00608
1337.38126,0.00614
1336.41704,0.00610
1335.45281,0.00571
1334.48858,0.00510
1333.52436,0.00462
1332.56013,0.00457
1331.59591,0.00498
1330.63168,0.00567
1329.66746,0.00634
1328.70323,0.00674
1327.73900,0.00669
1326.77478,0.00625
1325.81055,0.00576
1324.84633,0.00565
1323.88210,0.00608
1322.91787,0.00679
1321.95365,0.00725
1320.98942,0.00706
1320.02520,0.00622
1319.06097,0.00519
1318.09675,0.00452
1317.13252,0.00449
1316.16829,0.00498
1315.20407,0.00561
1314.23984,0.00610
1313.27562,0.00640
1312.31139,0.00661
1311.34716,0.00671
1310.38294,0.00660
1309.41871,0.00626
1308.45449,0.00592
1307.49026,0.00587
1306.52604,0.00617
1305.56181,0.00654
1304.59758,0.00671
1303.63336,0.00664
1302.66913,0.00656
1301.70491,0.00662
1300.74068,0.00673
1299.77645,0.00668
1298.81223,0.00633
1297.84800,0.00576
1296.88378,0.00516
1295.91955,0.00473
1294.95532,0.00461
1293.99110,0.00485
1293.02687,0.00535
1292.06265,0.00583
1291.09842,0.00612
1290.13420,0.00628
1289.16997,0.00650
1288.20574,0.00680
1287.24152,0.00695
1286.27729,0.00671
1285.31307,0.00613
1284.34884,0.00558
1283.38461,0.00544
1282.42039,0.00575
1281.45616,0.00631
1280.49194,0.00682
1279.52771,0.00715
1278.56349,0.00725
1277.59926,0.00711
1276.63503,0.00674
1275.67081,0.00626
1274.70658,0.00583
1273.74236,0.00559
1272.77813,0.00557
1271.81390,0.00574
1270.84968,0.00609
1269.88545,0.00661
1268.92123,0.00719
1267.95700,0.00763
1266.99277,0.00767
1266.02855,0.00719
1265.06432,0.00634
1264.10010,0.00542
1263.13587,0.00479
1262.17165,0.00455
1261.20742,0.00457
1260.24319,0.00463
1259.27897,0.00466
1258.31474,0.00481
1257.35052,0.00521
1256.38629,0.00575
1255.42206,0.00613
1254.45784,0.00616
1253.49361,0.00597
1252.52939,0.00582
1251.56516,0.00583
1250.60094,0.00582
1249.63671,0.00558
1248.67248,0.00512
1247.70826,0.00467
1246.74403,0.00445
1245.77981,0.00443
1244.81558,0.00445
1243.85135,0.00442
1242.88713,0.00442
1241.92290,0.00456
1240.95868,0.00478
1239.99445,0.00494
1239.03023,0.00488
1238.06600,0.00457
1237.10177,0.00409
1236.13755,0.00360
1235.17332,0.00332
1234.20910,0.00352
1233.24487,0.00433
1232.28064,0.00561
1231.31642,0.00690
1230.35219,0.00763
1229.38797,0.00748
1228.42374,0.00656
1227.45951,0.00537
1226.49529,0.00445
1225.53106,0.00406
1224.56684,0.00412
1223.60261,0.00432
1222.63839,0.00448
1221.67416,0.00464
1220.70993,0.00499
1219.74571,0.00561
1218.78148,0.00639
1217.81726,0.00707
1216.85303,0.00743
1215.88880,0.00734
1214.92458,0.00687
1213.96035,0.00619
1212.99613,0.00563
1212.03190,0.00541
1211.06768,0.00549
1210.10345,0.00559
1209.13922,0.00538
1208.17500,0.00484
1207.21077,0.00421
1206.24655,0.00376
1205.28232,0.00359
1204.31809,0.00368
1203.35387,0.00401
1202.38964,0.00450
1201.42542,0.00482
1200.46119,0.00453
1199.49697,0.00355
1198.53274,0.00253
1197.56851,0.00238
1196.60429,0.00338
1195.64006,0.00485
1194.67584,0.00566
1193.71161,0.00524
1192.74738,0.00400
1191.78316,0.00283
1190.81893,0.00228
1189.85471,0.00235
1188.89048,0.00280
1187.92625,0.00341
1186.96203,0.00396
1185.99780,0.00416
1185.03358,0.00384
1184.06935,0.00327
1183.10513,0.00294
1182.14090,0.00311
1181.17667,0.00348
1180.21245,0.00357
1179.24822,0.00321
1178.28400,0.00262
1177.31977,0.00205
1176.35554,0.00139
1175.39132,0.00040
1174.42709,-0.00087
1173.46287,-0.00198
1172.49864,-0.00251
1171.53442,-0.00238
1170.57019,-0.00182
1169.60596,-0.00100
1168.64174,0.00013
1167.67751,0.00161
1166.71329,0.00322
1165.74906,0.00451
1164.78483,0.00513
1163.82061,0.00511
1162.85638,0.00482
1161.89216,0.00467
1160.92793,0.00484
1159.96370,0.00519
1158.99948,0.00539
1158.03525,0.00520
1157.07103,0.00463
1156.10680,0.00393
1155.14258,0.00336
1154.17835,0.00297
1153.21412,0.00261
1152.24990,0.00220
1151.28567,0.00198
1150.32145,0.00232
1149.35722,0.00324
1148.39299,0.00407
1147.42877,0.00388
1146.46454,0.00225
1145.50032,-0.00024
1144.53609,-0.00241
1143.57187,-0.00339
1142.60764,-0.00319
1141.64341,-0.00250
1140.67919,-0.00196
1139.71496,-0.00166
1138.75074,-0.00134
1137.78651,-0.00067
1136.82228,0.00053
1135.85806,0.00212
1134.89383,0.00372
1133.92961,0.00478
1132.96538,0.00502
1132.00116,0.00484
1131.03693,0.00501
1130.07270,0.00597
1129.10848,0.00722
1128.14425,0.00765
1127.18003,0.00655
1126.21580,0.00425
1125.25157,0.00174
1124.28735,-0.00025
1123.32312,-0.00171
1122.35890,-0.00301
1121.39467,-0.00425
1120.43044,-0.00503
1119.46622,-0.00482
1118.50199,-0.00342
1117.53777,-0.00125
1116.57354,0.00075
1115.60932,0.00161
1114.64509,0.00091
1113.68086,-0.00090
1112.71664,-0.00269
1111.75241,-0.00337
1110.78819,-0.00254
1109.82396,-0.00068
1108.85973,0.00142
1107.89551,0.00311
1106.93128,0.00404
1105.96706,0.00404
1105.00283,0.00312
1104.03861,0.00167
1103.07438,0.00036
1102.11015,-0.00031
1101.14593,-0.00046
1100.18170,-0.00067
1099.21748,-0.00140
1098.25325,-0.00241
1097.28902,-0.00292
1096.32480,-0.00231
1095.36057,-0.00079
1094.39635,0.00069
1093.43212,0.00125
1092.46790,0.00091
1091.50367,0.00052
1090.53944,0.00084
1089.57522,0.00176
1088.61099,0.00235
1087.64677,0.00195
1086.68254,0.00096
1085.71831,0.00057
1084.75409,0.00166
1083.78986,0.00397
1082.82564,0.00645
1081.86141,0.00807
1080.89718,0.00848
1079.93296,0.00794
1078.96873,0.00698
1078.00451,0.00621
1077.04028,0.00613
1076.07606,0.00690
1075.11183,0.00808
1074.14760,0.00879
1073.18338,0.00841
1072.21915,0.00703
1071.25493,0.00539
1070.29070,0.00424
1069.32647,0.00385
1068.36225,0.00401
1067.39802,0.00428
1066.43380,0.00442
1065.46957,0.00453
1064.50535,0.00495
1063.54112,0.00587
1062.57689,0.00705
1061.61267,0.00784
1060.64844,0.00767
1059.68422,0.00645
1058.71999,0.00474
1057.75576,0.00332
1056.79154,0.00272
1055.82731,0.00301
1054.86309,0.00386
1053.89886,0.00477
1052.93463,0.00531
1051.97041,0.00537
1051.00618,0.00520
1050.04196,0.00515
1049.07773,0.00525
1048.11351,0.00513
1047.14928,0.00447
1046.18505,0.00351
1045.22083,0.00298
1044.25660,0.00348
1043.29238,0.00484
1042.32815,0.00627
1041.36392,0.00707
1040.39970,0.00711
1039.43547,0.00670
1038.47125,0.00612
1037.50702,0.00538
1036.54280,0.00438
1035.57857,0.00310
1034.61434,0.00171
1033.65012,0.00058
1032.68589,0.00002
1031.72167,0.00018
1030.75744,0.00079
1029.79321,0.00139
1028.82899,0.00170
1027.86476,0.00184
1026.90054,0.00218
1025.93631,0.00284
1024.97209,0.00363
1024.00786,0.00438
1023.04363,0.00523
1022.07941,0.00634
1021.11518,0.00745
1020.15096,0.00801
1019.18673,0.00780
1018.22250,0.00728
1017.25828,0.00701
1016.29405,0.00685
1015.32983,0.00616
1014.36560,0.00466
1013.40137,0.00298
1012.43715,0.00199
1011.47292,0.00187
1010.50870,0.00203
1009.54447,0.00207
1008.58025,0.00228
1007.61602,0.00311
1006.65179,0.00430
1005.68757,0.00494
1004.72334,0.00439
1003.75912,0.00291
1002.79489,0.00117
1001.83066,-0.00057
1000.86644,-0.00250
999.90221,-0.00462
998.93799,-0.00641
997.97376,-0.00732
997.00954,-0.00730
996.04531,-0.00668
995.08108,-0.00559
994.11686,-0.00375
993.15263,-0.00102
992.18841,0.00202
991.22418,0.00423
990.25995,0.00477
989.29573,0.00379
988.33150,0.00223
987.36728,0.00109
986.40305,0.00059
985.43882,0.00015
984.47460,-0.00089
983.51037,-0.00252
982.54615,-0.00385
981.58192,-0.00393
980.61770,-0.00265
979.65347,-0.00088
978.68924,0.00045
977.72502,0.00114
976.76079,0.00139
975.79657,0.00111
974.83234,-0.00014
973.86811,-0.00211
972.90389,-0.00336
971.93966,-0.00245
970.97544,0.00028
970.01121,0.00268
969.04699,0.00275
968.08276,0.00058
967.11853,-0.00181
966.15431,-0.00247
965.19008,-0.00111
964.22586,0.00124
963.26163,0.00338
962.29740,0.00460
961.33318,0.00456
960.36895,0.00330
959.40473,0.00163
958.44050,0.00079
957.47628,0.00130
956.51205,0.00226
955.54782,0.00220
954.58360,0.00079
953.61937,-0.00071
952.65515,-0.00082
951.69092,0.00053
950.72669,0.00199
949.76247,0.00232
948.79824,0.00150
947.83402,0.00037
946.86979,-0.00045
945.90556,-0.00099
944.94134,-0.00140
943.97711,-0.00147
943.01289,-0.00080
942.04866,0.00062
941.08444,0.00218
940.12021,0.00297
939.15598,0.00228
938.19176,-0.00005
937.22753,-0.00352
936.26331,-0.00710
935.29908,-0.00957
934.33485,-0.00993
933.37063,-0.00796
932.40640,-0.00437
931.44218,-0.00065
930.47795,0.00165
929.51373,0.00171
928.54950,0.00013
927.58527,-0.00136
926.62105,-0.00113
925.65682,0.00113
924.69260,0.00433
923.72837,0.00695
922.76414,0.00807
921.79992,0.00758
920.83569,0.00582
919.87147,0.00338
918.90724,0.00109
917.94302,-0.00022
916.97879,-0.00042
916.01456,-0.00033
915.05034,-0.00100
914.08611,-0.00266
913.12189,-0.00457
912.15766,-0.00580
911.19343,-0.00613
910.22921,-0.00599
909.26498,-0.00569
908.30076,-0.00504
907.33653,-0.00370
906.37230,-0.00180
905.40808,0.00017
904.44385,0.00177
903.47963,0.00300
902.51540,0.00414
901.55118,0.00534
900.58695,0.00629
899.62272,0.00631
898.65850,0.00482
897.69427,0.00219
896.73005,-0.00007
895.76582,-0.00031
894.80159,0.00186
893.83737,0.00516
892.87314,0.00789
891.90892,0.00933
890.94469,0.00970
889.98047,0.00896
889.01624,0.00623
888.05201,0.00098
887.08779,-0.00561
886.12356,-0.01111
885.15934,-0.01380
884.19511,-0.01382
883.23088,-0.01218
882.26666,-0.00944
881.30243,-0.00592
880.33821,-0.00288
879.37398,-0.00210
878.40975,-0.00395
877.44553,-0.00628
876.48130,-0.00638
875.51708,-0.00374
874.55285,-0.00029
873.58863,0.00203
872.62440,0.00320
871.66017,0.00410
870.69595,0.00436
869.73172,0.00259
868.76750,-0.00133
867.80327,-0.00521
866.83904,-0.00666
865.87482,-0.00594
864.91059,-0.00582
863.94637,-0.00838
862.98214,-0.01257
862.01792,-0.01519
861.05369,-0.01414
860.08946,-0.01018
859.12524,-0.00575
858.16101,-0.00270
857.19679,-0.00145
856.23256,-0.00155
855.26833,-0.00232
854.30411,-0.00294
853.33988,-0.00266
852.37566,-0.00138
851.41143,0.00002
850.44721,0.00016
849.48298,-0.00161
848.51875,-0.00453
847.55453,-0.00676
846.59030,-0.00657
845.62608,-0.00339
844.66185,0.00179
843.69762,0.00706
842.73340,0.01056
841.76917,0.01122
840.80495,0.00903
839.84072,0.00473
838.87649,-0.00045
837.91227,-0.00511
836.94804,-0.00818
835.98382,-0.00954
835.01959,-0.00990
834.05537,-0.00970
833.09114,-0.00824
832.12691,-0.00458
831.16269,0.00063
830.19846,0.00476
829.23424,0.00537
828.27001,0.00288
827.30578,0.00032
826.34156,0.00005
825.37733,0.00124
824.41311,0.00124
823.44888,-0.00107
822.48466,-0.00399
821.52043,-0.00521
820.55620,-0.00440
819.59198,-0.00327
818.62775,-0.00332
817.66353,-0.00452
816.69930,-0.00598
815.73507,-0.00697
814.77085,-0.00697
813.80662,-0.00537
812.84240,-0.00213
811.87817,0.00143
810.91395,0.00331
809.94972,0.00262
808.98549,0.00034
808.02127,-0.00179
807.05704,-0.00322
806.09282,-0.00462
805.12859,-0.00627
804.16436,-0.00712
803.20014,-0.00596
802.23591,-0.00304
801.27169,-0.00006
800.30746,0.00142
799.34323,0.00109
798.37901,-0.00034
797.41478,-0.00186
796.45056,-0.00256
795.48633,-0.00179
794.52211,0.00037
793.55788,0.00287
792.59365,0.00437
791.62943,0.00443
790.66520,0.00376
789.70098,0.00315
788.73675,0.00262
787.77252,0.00175
786.80830,0.00070
785.84407,0.00030
784.87985,0.00096
783.91562,0.00195
782.95140,0.00225
781.98717,0.00186
781.02294,0.00175
780.05872,0.00246
779.09449,0.00331
778.13027,0.00313
777.16604,0.00173
776.20181,0.00018
775.23759,-0.00035
774.27336,0.00021
773.30914,0.00083
772.34491,0.00043
771.38068,-0.00117
770.41646,-0.00297
769.45223,-0.00343
768.48801,-0.00165
767.52378,0.00167
766.55956,0.00445
765.59533,0.00481
764.63110,0.00261
763.66688,-0.00042
762.70265,-0.00243
761.73843,-0.00297
760.77420,-0.00298
759.80997,-0.00345
758.84575,-0.00448
757.88152,-0.00567
756.91730,-0.00665
755.95307,-0.00707
754.98885,-0.00634
754.02462,-0.00403
753.06039,-0.00072
752.09617,0.00206
751.13194,0.00301
750.16772,0.00215
749.20349,0.00075
748.23926,0.00008
747.27504,0.00043
746.31081,0.00134
745.34659,0.00224
744.38236,0.00275
743.41814,0.00268
742.45391,0.00216
741.48968,0.00158
740.52546,0.00124
739.56123,0.00083
738.59701,-0.00038
737.63278,-0.00272
736.66855,-0.00551
735.70433,-0.00761
734.74010,-0.00836
733.77588,-0.00794
732.81165,-0.00685
731.84742,-0.00547
730.88320,-0.00401
729.91897,-0.00258
728.95475,-0.00099
727.99052,0.00109
727.02630,0.00345
726.06207,0.00476
725.09784,0.00335
724.13362,-0.00085
723.16939,-0.00550
722.20517,-0.00738
721.24094,-0.00518
720.27671,-0.00064
719.31249,0.00332
718.34826,0.00510
717.38404,0.00523
716.41981,0.00510
715.45559,0.00542
714.49136,0.00594
713.52713,0.00616
712.56291,0.00598
711.59868,0.00566
710.63446,0.00545
709.67023,0.00538
708.70600,0.00521
707.74178,0.00463
706.77755,0.00364
705.81333,0.00274
704.84910,0.00254
703.88487,0.00327
702.92065,0.00463
701.95642,0.00622
700.99220,0.00794
700.02797,0.00967
699.06375,0.01085
698.09952,0.01065
697.13529,0.00886
696.17107,0.00631
695.20684,0.00416
694.24262,0.00269
693.27839,0.00119
692.31416,-0.00085
691.34994,-0.00298
690.38571,-0.00442
689.42149,-0.00498
688.45726,-0.00496
687.49304,-0.00410
686.52881,-0.00169
685.56458,0.00206
684.60036,0.00536
683.63613,0.00644
682.67191,0.00565
681.70768,0.00534
680.74345,0.00703
679.77923,0.00941
678.81500,0.00986
677.85078,0.00781
676.88655,0.00572
675.92233,0.00613
674.95810,0.00846
673.99387,0.00949
673.02965,0.00699
672.06542,0.00216
671.10120,-0.00167
670.13697,-0.00241
669.17274,-0.00071
668.20852,0.00108
667.24429,0.00095
666.28007,-0.00133
665.31584,-0.00438
664.35161,-0.00621
663.38739,-0.00506
662.42316,-0.00036
661.45894,0.00633
660.49471,0.01215
659.53049,0.01511
658.56626,0.01540
657.60203,0.01417
656.63781,0.01166
655.67358,0.00703
654.70936,0.00024
653.74513,-0.00666
652.78090,-0.01078
651.81668,-0.01085
650.85245,-0.00821
649.88823,-0.00511
648.92400,-0.00250
647.95978,-0.00002
646.99555,0.00236
646.03132,0.00359
645.06710,0.00279
644.10287,0.00064
643.13865,-0.00097
642.17442,-0.00088
641.21019,0.00032
640.24597,0.00106
639.28174,0.00044
638.31752,-0.00135
637.35329,-0.00361
636.38907,-0.00564
635.42484,-0.00645
634.46061,-0.00461
633.49639,0.00054
632.53216,0.00737
631.56794,0.01247
630.60371,0.01293
629.63948,0.00848
628.67526,0.00137
627.71103,-0.00511
626.74681,-0.00818
625.78258,-0.00645
624.81835,-0.00069
623.85413,0.00603
622.88990,0.00990
621.92568,0.00915
620.96145,0.00521
619.99723,0.00113
619.03300,-0.00129
618.06877,-0.00248
617.10455,-0.00319
616.14032,-0.00268
615.17610,0.00031
614.21187,0.00481
613.24764,0.00727
612.28342,0.00460
611.31919,-0.00251
610.35497,-0.00978
609.39074,-0.01302
608.42652,-0.01135
607.46229,-0.00677
606.49806,-0.00214
605.53384,0.00003
604.56961,-0.00176
603.60539,-0.00684
602.64116,-0.01178
601.67693,-0.01242
600.71271,-0.00778
599.74848,-0.00175
598.78426,0.00072
597.82003,-0.00133
596.85580,-0.00454
595.89158,-0.00562
594.92735,-0.00579
593.96313,-0.00892
592.99890,-0.01577
592.03468,-0.02166
591.07045,-0.02075
590.10622,-0.01227
589.14200,-0.00147
588.17777,0.00500
587.21355,0.00378
586.24932,-0.00377
585.28509,-0.01326
584.32087,-0.02044
583.35664,-0.02323
582.39242,-0.02219
581.42819,-0.01957
580.46397,-0.01656
579.49974,-0.01174
578.53551,-0.00291
577.57129,0.00865
576.60706,0.01667
575.64284,0.01387
574.67861,0.00027
573.71438,-0.01512
572.75016,-0.02181
571.78593,-0.01507
570.82171,0.00308
569.85748,0.02584
568.89326,0.04444
567.92903,0.05121
566.96480,0.04344
566.00058,0.02665
565.03635,0.01229
564.07213,0.01005
563.10790,0.01924
562.14367,0.02953
561.17945,0.03066
560.21522,0.02217
559.25100,0.01270
558.28677,0.01095
557.32254,0.01711
556.35832,0.02311
555.39409,0.01926
554.42987,0.00331
553.46564,-0.01716
552.50142,-0.03090
551.53719,-0.03177
550.57296,-0.02281
549.60874,-0.01302
548.64451,-0.00910
547.68029,-0.01219
546.71606,-0.01837
545.75183,-0.02324
544.78761,-0.02152
543.82338,-0.00763
542.85916,0.01918
541.89493,0.04105
540.93071,0.03344
539.96648,-0.00548
539.00225,-0.05888
538.03803,-0.08497
537.07380,-0.05576
536.10958,0.01410
535.14535,0.09383
534.18112,0.17165
533.21690,0.24246
532.25267,0.28632
531.28845,0.30322
530.32422,0.22004
529.36000,0.08730
528.39577,-0.02929
527.43154,-0.08838
526.46732,-0.13543
525.50309,-0.16625
524.53887,-0.18031
523.57464,-0.14523
522.61041,-0.03275
521.64619,0.13345
520.68196,0.31113
519.71774,0.49045
518.75351,0.56261
517.78928,0.46133
516.82506,0.25062
515.86083,0.09382
514.89661,0.02545
513.93238,0.01856
512.96816,0.03802
512.00393,0.08370
511.03970,0.17090
510.07548,0.30204
509.11125,0.42954
508.14703,0.41719
507.18280,0.26385
506.21857,0.12527
505.25435,0.05965
504.29012,0.05043
503.32590,0.05783
502.36167,0.05732
501.39745,0.03014
500.43322,-0.01202
499.46899,-0.03994
498.50477,-0.04230
497.54054,-0.01877
496.57632,0.02142
495.61209,0.04872
494.64786,0.03083
493.68364,-0.00600
492.71941,0.01732
491.75519,0.13683
490.79096,0.29701
489.82673,0.37219
488.86251,0.29395
487.89828,0.11733
486.93406,-0.05402
485.96983,-0.16609
485.00561,-0.20240
484.04138,-0.18501
483.07715,-0.15522
482.11293,-0.14971
481.14870,-0.17481
480.18448,-0.19186
479.22025,-0.17369
478.25602,-0.12528
477.29180,-0.05270
476.32757,0.03980
475.36335,0.15562
474.39912,0.26114
473.43490,0.22344
472.47067,0.03142
471.50644,-0.14503
470.54222,-0.22841
469.57799,-0.23810
468.61377,-0.20501
467.64954,-0.14685
466.68531,-0.06421
465.72109,0.03880
464.75686,0.14407
463.79264,0.21988
462.82841,0.23340
461.86419,0.18437
460.89996,0.10137
459.93573,0.01156
458.97151,-0.05299
458.00728,-0.06636
457.04306,-0.03843
456.07883,-0.01429
455.11460,-0.01460
454.15038,-0.01375
453.18615,0.03010
452.22193,0.24127
451.25770,0.98638
450.29347,6.00000
449.32925,1.51024
448.36502,0.55195
447.40080,0.24453
446.43657,0.05830
445.47235,-0.05280
444.50812,0.00000
443.54389,0.20566
442.57967,0.37414
441.61544,0.41371
440.65122,0.34591
439.68699,0.21913
438.72276,0.10117
437.75854,0.06457
436.79431,0.12106
435.83009,0.23188
434.86586,0.36658
433.90164,0.42025
432.93741,0.35136
431.97318,0.23218
431.00896,0.12564
430.04473,0.00924
429.08051,-0.16003
428.11628,-0.41849
427.15205,-0.61243
426.18783,-0.50797
425.22360,-0.30938
424.25938,-0.15056
423.29515,-0.05302
422.33092,0.02770
421.36670,0.10871
420.40247,0.19048
419.43825,0.22534
418.47402,0.17045
417.50980,0.03234
416.54557,-0.11546
415.58134,-0.18357
414.61712,-0.14849
413.65289,-0.08125
412.68867,-0.06483
411.72444,-0.16368
410.76021,-0.37152
409.79599,-0.55692
408.83176,-0.59063
407.86754,-0.51452
406.90331,-0.38801
405.93909,-0.25214
404.97486,-0.15426
404.01063,-0.12717
403.04641,-0.11828
402.08218,-0.09942
401.11796,-0.07673
400.15373,-0.06448
399.18950,-0.02616
398.22528,0.05615
397.26105,0.14037
396.29683,0.19538
395.33260,0.20877
394.36838,0.19688
393.40415,0.19884
392.43992,0.21475
391.47570,0.24908
390.51147,0.28551
389.54725,0.29733
388.58302,0.25020
387.61879,0.13694
386.65457,-0.00523
385.69034,-0.12009
384.72612,-0.03903
383.76189,0.32057
382.79766,0.65682
381.83344,0.45231
380.86921,0.28280
379.90499,0.12943
378.94076,0.01467
377.97654,-0.03699
377.01231,-0.03031
376.04808,0.02627
375.08386,0.12416
374.11963,0.26078
373.15541,0.46036
372.19118,0.69629
371.22695,0.52973
370.26273,0.31044
369.29850,0.29660
368.33428,0.30364
367.37005,0.29204
366.40583,0.22015
365.44160,0.04508
364.47737,-0.18970
363.51315,-0.32321
362.54892,-0.29949
361.58470,-0.38311
360.62047,-0.44759
359.65624,-0.46093
358.69202,-0.42920
357.72779,-0.35302
356.76357,-0.22257
355.79934,-0.05892
354.83512,0.09588
353.87089,0.11919
352.90666,0.00814
351.94244,-0.06340
350.97821,-0.04532
350.01399,0.03954
349.04976,0.18391
