3946.57643,-0.00089
3945.61220,-0.00175
3944.64798,-0.00241
3943.68375,-0.00247
3942.71953,-0.00204
3941.75530,-0.00149
3940.79107,-0.00102
3939.82685,-0.00049
3938.86262,0.00014
3937.89840,0.00059
3936.93417,0.00051
3935.96994,-0.00008
3935.00572,-0.00074
3934.04149,-0.00103
3933.07727,-0.00090
3932.11304,-0.00064
3931.14882,-0.00050
3930.18459,-0.00054
3929.22036,-0.00070
3928.25614,-0.00088
3927.29191,-0.00095
3926.32769,-0.00081
3925.36346,-0.00053
3924.39923,-0.00045
3923.43501,-0.00089
3922.47078,-0.00176
3921.50656,-0.00249
3920.54233,-0.00258
3919.57811,-0.00209
3918.61388,-0.00158
3917.64965,-0.00151
3916.68543,-0.00182
3915.72120,-0.00213
3914.75698,-0.00221
3913.79275,-0.00219
3912.82852,-0.00223
3911.86430,-0.00220
3910.90007,-0.00179
3909.93585,-0.00093
3908.97162,-0.00001
3908.00739,0.00043
3907.04317,0.00018
3906.07894,-0.00045
3905.11472,-0.00098
3904.15049,-0.00113
3903.18627,-0.00104
3902.22204,-0.00106
3901.25781,-0.00138
3900.29359,-0.00186
3899.32936,-0.00213
3898.36514,-0.00191
3897.40091,-0.00125
3896.43668,-0.00047
3895.47246,0.00009
3894.50823,0.00036
3893.54401,0.00041
3892.57978,0.00027
3891.61556,-0.00018
3890.65133,-0.00105
3889.68710,-0.00214
3888.72288,-0.00294
3887.75865,-0.00298
3886.79443,-0.00216
3885.83020,-0.00088
3884.86597,0.00027
3883.90175,0.00085
3882.93752,0.00076
3881.97330,0.00014
3881.00907,-0.00076
3880.04485,-0.00162
3879.08062,-0.00215
3878.11639,-0.00217
3877.15217,-0.00179
3876.18794,-0.00130
3875.22372,-0.00104
3874.25949,-0.00117
3873.29526,-0.00159
3872.33104,-0.00205
3871.36681,-0.00230
3870.40259,-0.00221
3869.43836,-0.00185
3868.47413,-0.00142
3867.50991,-0.00111
3866.54568,-0.00095
3865.58146,-0.00080
3864.61723,-0.00056
3863.65301,-0.00032
3862.68878,-0.00027
3861.72455,-0.00056
3860.76033,-0.00107
3859.79610,-0.00148
3858.83188,-0.00154
3857.86765,-0.00121
3856.90342,-0.00068
3855.93920,-0.00019
3854.97497,0.00013
3854.01075,0.00025
3853.04652,0.00021
3852.08230,0.00009
3851.11807,-0.00012
3850.15384,-0.00052
3849.18962,-0.00120
3848.22539,-0.00203
3847.26117,-0.00263
3846.29694,-0.00257
3845.33271,-0.00182
3844.36849,-0.00083
3843.40426,-0.00013
3842.44004,0.00004
3841.47581,-0.00005
3840.51159,-0.00008
3839.54736,-0.00000
3838.58313,-0.00000
3837.61891,-0.00020
3836.65468,-0.00050
3835.69046,-0.00069
3834.72623,-0.00072
3833.76200,-0.00071
3832.79778,-0.00071
3831.83355,-0.00065
3830.86933,-0.00049
3829.90510,-0.00030
3828.94087,-0.00029
3827.97665,-0.00066
3827.01242,-0.00140
3826.04820,-0.00232
3825.08397,-0.00306
3824.11975,-0.00326
3823.15552,-0.00276
3822.19129,-0.00186
3821.22707,-0.00112
3820.26284,-0.00095
3819.29862,-0.00128
3818.33439,-0.00168
3817.37016,-0.00182
3816.40594,-0.00175
3815.44171,-0.00164
3814.47749,-0.00154
3813.51326,-0.00128
3812.54904,-0.00086
3811.58481,-0.00057
3810.62058,-0.00069
3809.65636,-0.00110
3808.69213,-0.00133
3807.72791,-0.00102
3806.76368,-0.00033
3805.79945,0.00023
3804.83523,0.00031
3803.87100,0.00003
3802.90678,-0.00026
3801.94255,-0.00033
3800.97832,-0.00026
3800.01410,-0.00026
3799.04987,-0.00049
3798.08565,-0.00090
3797.12142,-0.00131
3796.15720,-0.00150
3795.19297,-0.00136
3794.22874,-0.00092
3793.26452,-0.00039
3792.30029,0.00001
3791.33607,0.00021
3790.37184,0.00022
3789.40761,0.00010
3788.44339,-0.00017
3787.47916,-0.00059
3786.51494,-0.00110
3785.55071,-0.00153
3784.58649,-0.00174
3783.62226,-0.00172
3782.65803,-0.00154
3781.69381,-0.00127
3780.72958,-0.00092
3779.76536,-0.00051
3778.80113,-0.00017
3777.83690,-0.00002
3776.87268,-0.00009
3775.90845,-0.00026
3774.94423,-0.00036
3773.98000,-0.00030
3773.01578,-0.00017
3772.05155,-0.00012
3771.08732,-0.00029
3770.12310,-0.00067
3769.15887,-0.00113
3768.19465,-0.00147
3767.23042,-0.00153
3766.26619,-0.00122
3765.30197,-0.00054
3764.33774,0.00036
3763.37352,0.00123
3762.40929,0.00180
3761.44506,0.00193
3760.48084,0.00165
3759.51661,0.00111
3758.55239,0.00048
3757.58816,-0.00011
3756.62394,-0.00057
3755.65971,-0.00086
3754.69548,-0.00091
3753.73126,-0.00072
3752.76703,-0.00034
3751.80281,0.00008
3750.83858,0.00040
3749.87435,0.00052
3748.91013,0.00047
3747.94590,0.00037
3746.98168,0.00025
3746.01745,0.00011
3745.05323,-0.00012
3744.08900,-0.00039
3743.12477,-0.00059
3742.16055,-0.00061
3741.19632,-0.00044
3740.23210,-0.00015
3739.26787,0.00019
3738.30364,0.00050
3737.33942,0.00068
3736.37519,0.00062
3735.41097,0.00030
3734.44674,-0.00013
3733.48251,-0.00050
3732.51829,-0.00074
3731.55406,-0.00095
3730.58984,-0.00117
3729.62561,-0.00128
3728.66139,-0.00111
3727.69716,-0.00069
3726.73293,-0.00024
3725.76871,0.00002
3724.80448,0.00013
3723.84026,0.00028
3722.87603,0.00058
3721.91180,0.00091
3720.94758,0.00108
3719.98335,0.00103
3719.01913,0.00088
3718.05490,0.00071
3717.09068,0.00051
3716.12645,0.00026
3715.16222,0.00003
3714.19800,-0.00009
3713.23377,-0.00005
3712.26955,0.00003
3711.30532,0.00006
3710.34109,-0.00000
3709.37687,-0.00012
3708.41264,-0.00025
3707.44842,-0.00035
3706.48419,-0.00033
3705.51997,-0.00011
3704.55574,0.00029
3703.59151,0.00074
3702.62729,0.00107
3701.66306,0.00118
3700.69884,0.00108
3699.73461,0.00086
3698.77038,0.00064
3697.80616,0.00055
3696.84193,0.00065
3695.87771,0.00093
3694.91348,0.00125
3693.94925,0.00145
3692.98503,0.00142
3692.02080,0.00119
3691.05658,0.00089
3690.09235,0.00075
3689.12813,0.00097
3688.16390,0.00154
3687.19967,0.00220
3686.23545,0.00255
3685.27122,0.00239
3684.30700,0.00190
3683.34277,0.00152
3682.37854,0.00154
3681.41432,0.00199
3680.45009,0.00263
3679.48587,0.00322
3678.52164,0.00357
3677.55742,0.00362
3676.59319,0.00338
3675.62896,0.00307
3674.66474,0.00302
3673.70051,0.00336
3672.73629,0.00395
3671.77206,0.00447
3670.80783,0.00478
3669.84361,0.00497
3668.87938,0.00521
3667.91516,0.00546
3666.95093,0.00551
3665.98671,0.00524
3665.02248,0.00477
3664.05825,0.00437
3663.09403,0.00424
3662.12980,0.00441
3661.16558,0.00481
3660.20135,0.00534
3659.23712,0.00587
3658.27290,0.00631
3657.30867,0.00663
3656.34445,0.00690
3655.38022,0.00714
3654.41599,0.00729
3653.45177,0.00719
3652.48754,0.00683
3651.52332,0.00637
3650.55909,0.00608
3649.59487,0.00609
3648.63064,0.00635
3647.66641,0.00671
3646.70219,0.00705
3645.73796,0.00733
3644.77374,0.00760
3643.80951,0.00790
3642.84528,0.00822
3641.88106,0.00850
3640.91683,0.00865
3639.95261,0.00866
3638.98838,0.00862
3638.02416,0.00864
3637.05993,0.00880
3636.09570,0.00903
3635.13148,0.00919
3634.16725,0.00915
3633.20303,0.00889
3632.23880,0.00854
3631.27457,0.00831
3630.31035,0.00842
3629.34612,0.00893
3628.38190,0.00960
3627.41767,0.01011
3626.45344,0.01031
3625.48922,0.01034
3624.52499,0.01045
3623.56077,0.01074
3622.59654,0.01101
3621.63232,0.01103
3620.66809,0.01074
3619.70386,0.01033
3618.73964,0.01005
3617.77541,0.01000
3616.81119,0.01011
3615.84696,0.01025
3614.88273,0.01029
3613.91851,0.01021
3612.95428,0.01003
3611.99006,0.00985
3611.02583,0.00967
3610.06161,0.00947
3609.09738,0.00915
3608.13315,0.00872
3607.16893,0.00835
3606.20470,0.00821
3605.24048,0.00840
3604.27625,0.00884
3603.31202,0.00935
3602.34780,0.00984
3601.38357,0.01028
3600.41935,0.01070
3599.45512,0.01111
3598.49090,0.01146
3597.52667,0.01165
3596.56244,0.01160
3595.59822,0.01144
3594.63399,0.01146
3593.66977,0.01191
3592.70554,0.01277
3591.74131,0.01368
3590.77709,0.01419
3589.81286,0.01414
3588.84864,0.01371
3587.88441,0.01321
3586.92018,0.01288
3585.95596,0.01278
3584.99173,0.01290
3584.02751,0.01318
3583.06328,0.01345
3582.09906,0.01352
3581.13483,0.01335
3580.17060,0.01315
3579.20638,0.01313
3578.24215,0.01322
3577.27793,0.01316
3576.31370,0.01282
3575.34947,0.01243
3574.38525,0.01243
3573.42102,0.01288
3572.45680,0.01341
3571.49257,0.01355
3570.52835,0.01317
3569.56412,0.01255
3568.59989,0.01199
3567.63567,0.01158
3566.67144,0.01135
3565.70722,0.01140
3564.74299,0.01192
3563.77876,0.01287
3562.81454,0.01388
3561.85031,0.01453
3560.88609,0.01468
3559.92186,0.01456
3558.95764,0.01440
3557.99341,0.01428
3557.02918,0.01414
3556.06496,0.01395
3555.10073,0.01373
3554.13651,0.01348
3553.17228,0.01310
3552.20805,0.01259
3551.24383,0.01220
3550.27960,0.01224
3549.31538,0.01280
3548.35115,0.01357
3547.38692,0.01414
3546.42270,0.01435
3545.45847,0.01436
3544.49425,0.01444
3543.53002,0.01467
3542.56580,0.01486
3541.60157,0.01485
3540.63734,0.01465
3539.67312,0.01448
3538.70889,0.01456
3537.74467,0.01490
3536.78044,0.01536
3535.81621,0.01579
3534.85199,0.01613
3533.88776,0.01637
3532.92354,0.01641
3531.95931,0.01607
3530.99509,0.01533
3530.03086,0.01446
3529.06663,0.01393
3528.10241,0.01403
3527.13818,0.01459
3526.17396,0.01513
3525.20973,0.01523
3524.24550,0.01489
3523.28128,0.01440
3522.31705,0.01405
3521.35283,0.01390
3520.38860,0.01384
3519.42437,0.01383
3518.46015,0.01391
3517.49592,0.01411
3516.53170,0.01443
3515.56747,0.01479
3514.60325,0.01514
3513.63902,0.01539
3512.67479,0.01552
3511.71057,0.01556
3510.74634,0.01560
3509.78212,0.01569
3508.81789,0.01572
3507.85366,0.01553
3506.88944,0.01511
3505.92521,0.01470
3504.96099,0.01463
3503.99676,0.01499
3503.03254,0.01557
3502.06831,0.01608
3501.10408,0.01631
3500.13986,0.01622
3499.17563,0.01600
3498.21141,0.01589
3497.24718,0.01607
3496.28295,0.01646
3495.31873,0.01667
3494.35450,0.01631
3493.39028,0.01547
3492.42605,0.01476
3491.46183,0.01478
3490.49760,0.01551
3489.53337,0.01637
3488.56915,0.01674
3487.60492,0.01654
3486.64070,0.01609
3485.67647,0.01575
3484.71224,0.01560
3483.74802,0.01571
3482.78379,0.01614
3481.81957,0.01685
3480.85534,0.01749
3479.89111,0.01762
3478.92689,0.01712
3477.96266,0.01634
3476.99844,0.01578
3476.03421,0.01567
3475.06999,0.01592
3474.10576,0.01635
3473.14153,0.01682
3472.17731,0.01723
3471.21308,0.01748
3470.24886,0.01766
3469.28463,0.01806
3468.32040,0.01888
3467.35618,0.01988
3466.39195,0.02048
3465.42773,0.02034
3464.46350,0.01969
3463.49928,0.01910
3462.53505,0.01891
3461.57082,0.01905
3460.60660,0.01924
3459.64237,0.01935
3458.67815,0.01935
3457.71392,0.01921
3456.74969,0.01893
3455.78547,0.01863
3454.82124,0.01855
3453.85702,0.01875
3452.89279,0.01894
3451.92856,0.01882
3450.96434,0.01844
3450.00011,0.01814
3449.03589,0.01817
3448.07166,0.01842
3447.10744,0.01859
3446.14321,0.01851
3445.17898,0.01830
3444.21476,0.01812
3443.25053,0.01803
3442.28631,0.01796
3441.32208,0.01790
3440.35785,0.01784
3439.39363,0.01769
3438.42940,0.01737
3437.46518,0.01693
3436.50095,0.01660
3435.53673,0.01664
3434.57250,0.01708
3433.60827,0.01780
3432.64405,0.01863
3431.67982,0.01942
3430.71560,0.01999
3429.75137,0.02009
3428.78714,0.01968
3427.82292,0.01895
3426.85869,0.01832
3425.89447,0.01808
3424.93024,0.01819
3423.96602,0.01837
3423.00179,0.01840
3422.03756,0.01830
3421.07334,0.01829
3420.10911,0.01851
3419.14489,0.01886
3418.18066,0.01909
3417.21643,0.01899
3416.25221,0.01865
3415.28798,0.01838
3414.32376,0.01842
3413.35953,0.01868
3412.39530,0.01882
3411.43108,0.01866
3410.46685,0.01834
3409.50263,0.01827
3408.53840,0.01868
3407.57418,0.01943
3406.60995,0.02019
3405.64572,0.02069
3404.68150,0.02087
3403.71727,0.02082
3402.75305,0.02063
3401.78882,0.02040
3400.82459,0.02023
3399.86037,0.02014
3398.89614,0.02003
3397.93192,0.01982
3396.96769,0.01964
3396.00347,0.01978
3395.03924,0.02038
3394.07501,0.02122
3393.11079,0.02176
3392.14656,0.02164
3391.18234,0.02098
3390.21811,0.02028
3389.25388,0.01997
3388.28966,0.02009
3387.32543,0.02042
3386.36121,0.02069
3385.39698,0.02080
3384.43276,0.02077
3383.46853,0.02060
3382.50430,0.02022
3381.54008,0.01964
3380.57585,0.01901
3379.61163,0.01860
3378.64740,0.01856
3377.68317,0.01889
3376.71895,0.01937
3375.75472,0.01972
3374.79050,0.01975
3373.82627,0.01943
3372.86204,0.01893
3371.89782,0.01848
3370.93359,0.01831
3369.96937,0.01850
3369.00514,0.01889
3368.04092,0.01922
3367.07669,0.01932
3366.11246,0.01927
3365.14824,0.01932
3364.18401,0.01960
3363.21979,0.01999
3362.25556,0.02023
3361.29133,0.02016
3360.32711,0.01987
3359.36288,0.01957
3358.39866,0.01935
3357.43443,0.01916
3356.47021,0.01892
3355.50598,0.01864
3354.54175,0.01841
3353.57753,0.01830
3352.61330,0.01835
3351.64908,0.01850
3350.68485,0.01870
3349.72062,0.01886
3348.75640,0.01891
3347.79217,0.01891
3346.82795,0.01903
3345.86372,0.01941
3344.89949,0.01999
3343.93527,0.02052
3342.97104,0.02079
3342.00682,0.02083
3341.04259,0.02084
3340.07837,0.02092
3339.11414,0.02089
3338.14991,0.02051
3337.18569,0.01975
3336.22146,0.01895
3335.25724,0.01857
3334.29301,0.01883
3333.32878,0.01957
3332.36456,0.02044
3331.40033,0.02110
3330.43611,0.02142
3329.47188,0.02145
3328.50766,0.02133
3327.54343,0.02118
3326.57920,0.02107
3325.61498,0.02099
3324.65075,0.02089
3323.68653,0.02077
3322.72230,0.02068
3321.75807,0.02067
3320.79385,0.02078
3319.82962,0.02094
3318.86540,0.02108
3317.90117,0.02116
3316.93695,0.02119
3315.97272,0.02122
3315.00849,0.02129
3314.04427,0.02138
3313.08004,0.02137
3312.11582,0.02115
3311.15159,0.02071
3310.18736,0.02023
3309.22314,0.01995
3308.25891,0.01996
3307.29469,0.02017
3306.33046,0.02038
3305.36623,0.02050
3304.40201,0.02055
3303.43778,0.02061
3302.47356,0.02066
3301.50933,0.02063
3300.54511,0.02042
3299.58088,0.02003
3298.61665,0.01950
3297.65243,0.01897
3296.68820,0.01870
3295.72398,0.01889
3294.75975,0.01955
3293.79552,0.02038
3292.83130,0.02090
3291.86707,0.02081
3290.90285,0.02020
3289.93862,0.01947
3288.97440,0.01903
3288.01017,0.01902
3287.04594,0.01929
3286.08172,0.01957
3285.11749,0.01968
3284.15327,0.01958
3283.18904,0.01939
3282.22481,0.01920
3281.26059,0.01904
3280.29636,0.01885
3279.33214,0.01862
3278.36791,0.01843
3277.40369,0.01836
3276.43946,0.01841
3275.47523,0.01845
3274.51101,0.01837
3273.54678,0.01824
3272.58256,0.01818
3271.61833,0.01825
3270.65410,0.01838
3269.68988,0.01852
3268.72565,0.01874
3267.76143,0.01916
3266.79720,0.01973
3265.83297,0.02020
3264.86875,0.02033
3263.90452,0.02007
3262.94030,0.01957
3261.97607,0.01907
3261.01185,0.01876
3260.04762,0.01870
3259.08339,0.01880
3258.11917,0.01890
3257.15494,0.01886
3256.19072,0.01870
3255.22649,0.01860
3254.26226,0.01871
3253.29804,0.01897
3252.33381,0.01911
3251.36959,0.01893
3250.40536,0.01847
3249.44114,0.01794
3248.47691,0.01757
3247.51268,0.01750
3246.54846,0.01770
3245.58423,0.01804
3244.62001,0.01825
3243.65578,0.01816
3242.69155,0.01785
3241.72733,0.01764
3240.76310,0.01781
3239.79888,0.01827
3238.83465,0.01863
3237.87042,0.01859
3236.90620,0.01830
3235.94197,0.01815
3234.97775,0.01832
3234.01352,0.01857
3233.04930,0.01852
3232.08507,0.01811
3231.12084,0.01765
3230.15662,0.01754
3229.19239,0.01792
3228.22817,0.01853
3227.26394,0.01893
3226.29971,0.01882
3225.33549,0.01818
3224.37126,0.01732
3223.40704,0.01664
3222.44281,0.01633
3221.47859,0.01630
3220.51436,0.01626
3219.55013,0.01613
3218.58591,0.01606
3217.62168,0.01634
3216.65746,0.01703
3215.69323,0.01788
3214.72900,0.01854
3213.76478,0.01873
3212.80055,0.01836
3211.83633,0.01756
3210.87210,0.01666
3209.90788,0.01603
3208.94365,0.01590
3207.97942,0.01620
3207.01520,0.01660
3206.05097,0.01685
3205.08675,0.01692
3204.12252,0.01697
3203.15829,0.01710
3202.19407,0.01719
3201.22984,0.01706
3200.26562,0.01666
3199.30139,0.01611
3198.33716,0.01566
3197.37294,0.01547
3196.40871,0.01557
3195.44449,0.01589
3194.48026,0.01629
3193.51604,0.01670
3192.55181,0.01715
3191.58758,0.01762
3190.62336,0.01791
3189.65913,0.01778
3188.69491,0.01720
3187.73068,0.01652
3186.76645,0.01622
3185.80223,0.01642
3184.83800,0.01678
3183.87378,0.01685
3182.90955,0.01651
3181.94533,0.01603
3180.98110,0.01570
3180.01687,0.01555
3179.05265,0.01540
3178.08842,0.01521
3177.12420,0.01512
3176.15997,0.01524
3175.19574,0.01550
3174.23152,0.01579
3173.26729,0.01605
3172.30307,0.01629
3171.33884,0.01644
3170.37461,0.01636
3169.41039,0.01595
3168.44616,0.01538
3167.48194,0.01489
3166.51771,0.01464
3165.55349,0.01456
3164.58926,0.01449
3163.62503,0.01435
3162.66081,0.01417
3161.69658,0.01404
3160.73236,0.01404
3159.76813,0.01424
3158.80390,0.01456
3157.83968,0.01485
3156.87545,0.01492
3155.91123,0.01469
3154.94700,0.01430
3153.98278,0.01395
3153.01855,0.01382
3152.05432,0.01395
3151.09010,0.01430
3150.12587,0.01472
3149.16165,0.01497
3148.19742,0.01487
3147.23319,0.01443
3146.26897,0.01388
3145.30474,0.01350
3144.34052,0.01339
3143.37629,0.01345
3142.41207,0.01352
3141.44784,0.01358
3140.48361,0.01369
3139.51939,0.01386
3138.55516,0.01399
3137.59094,0.01397
3136.62671,0.01373
3135.66248,0.01332
3134.69826,0.01283
3133.73403,0.01244
3132.76981,0.01231
3131.80558,0.01250
3130.84135,0.01289
3129.87713,0.01322
3128.91290,0.01332
3127.94868,0.01321
3126.98445,0.01303
3126.02023,0.01286
3125.05600,0.01270
3124.09177,0.01257
3123.12755,0.01258
3122.16332,0.01276
3121.19910,0.01301
3120.23487,0.01312
3119.27064,0.01298
3118.30642,0.01267
3117.34219,0.01232
3116.37797,0.01200
3115.41374,0.01175
3114.44952,0.01158
3113.48529,0.01153
3112.52106,0.01151
3111.55684,0.01136
3110.59261,0.01102
3109.62839,0.01061
3108.66416,0.01038
3107.69993,0.01040
3106.73571,0.01054
3105.77148,0.01060
3104.80726,0.01057
3103.84303,0.01063
3102.87881,0.01089
3101.91458,0.01126
3100.95035,0.01152
3099.98613,0.01156
3099.02190,0.01137
3098.05768,0.01107
3097.09345,0.01070
3096.12922,0.01036
3095.16500,0.01013
3094.20077,0.01011
3093.23655,0.01036
3092.27232,0.01081
3091.30809,0.01137
3090.34387,0.01187
3089.37964,0.01214
3088.41542,0.01200
3087.45119,0.01150
3086.48697,0.01093
3085.52274,0.01061
3084.55851,0.01064
3083.59429,0.01079
3082.63006,0.01073
3081.66584,0.01036
3080.70161,0.00988
3079.73738,0.00957
3078.77316,0.00951
3077.80893,0.00953
3076.84471,0.00945
3075.88048,0.00919
3074.91626,0.00890
3073.95203,0.00876
3072.98780,0.00887
3072.02358,0.00912
3071.05935,0.00933
3070.09513,0.00938
3069.13090,0.00930
3068.16667,0.00919
3067.20245,0.00911
3066.23822,0.00899
3065.27400,0.00875
3064.30977,0.00848
3063.34554,0.00838
3062.38132,0.00859
3061.41709,0.00903
3060.45287,0.00945
3059.48864,0.00974
3058.52442,0.00995
3057.56019,0.01016
3056.59596,0.01028
3055.63174,0.01014
3054.66751,0.00968
3053.70329,0.00911
3052.73906,0.00867
3051.77483,0.00846
3050.81061,0.00841
3049.84638,0.00841
3048.88216,0.00845
3047.91793,0.00850
3046.95371,0.00846
3045.98948,0.00824
3045.02525,0.00795
3044.06103,0.00783
3043.09680,0.00805
3042.13258,0.00852
3041.16835,0.00889
3040.20412,0.00889
3039.23990,0.00855
3038.27567,0.00813
3037.31145,0.00795
3036.34722,0.00815
3035.38300,0.00859
3034.41877,0.00894
3033.45454,0.00892
3032.49032,0.00848
3031.52609,0.00787
3030.56187,0.00742
3029.59764,0.00731
3028.63341,0.00749
3027.66919,0.00779
3026.70496,0.00809
3025.74074,0.00832
3024.77651,0.00842
3023.81228,0.00827
3022.84806,0.00786
3021.88383,0.00736
3020.91961,0.00705
3019.95538,0.00708
3018.99116,0.00736
3018.02693,0.00765
3017.06270,0.00766
3016.09848,0.00734
3015.13425,0.00680
3014.17003,0.00631
3013.20580,0.00607
3012.24157,0.00615
3011.27735,0.00642
3010.31312,0.00666
3009.34890,0.00673
3008.38467,0.00666
3007.42045,0.00658
3006.45622,0.00660
3005.49199,0.00676
3004.52777,0.00703
3003.56354,0.00732
3002.59932,0.00755
3001.63509,0.00765
3000.67086,0.00760
2999.70664,0.00741
2998.74241,0.00709
2997.77819,0.00668
2996.81396,0.00627
2995.84974,0.00595
2994.88551,0.00575
2993.92128,0.00562
2992.95706,0.00548
2991.99283,0.00534
2991.02861,0.00535
2990.06438,0.00561
2989.10015,0.00603
2988.13593,0.00632
2987.17170,0.00627
2986.20748,0.00595
2985.24325,0.00560
2984.27902,0.00541
2983.31480,0.00534
2982.35057,0.00523
2981.38635,0.00505
2980.42212,0.00495
2979.45790,0.00509
2978.49367,0.00547
2977.52944,0.00588
2976.56522,0.00612
2975.60099,0.00619
2974.63677,0.00626
2973.67254,0.00647
2972.70831,0.00678
2971.74409,0.00700
2970.77986,0.00695
2969.81564,0.00669
2968.85141,0.00645
2967.88719,0.00639
2966.92296,0.00649
2965.95873,0.00654
2964.99451,0.00641
2964.03028,0.00617
2963.06606,0.00597
2962.10183,0.00585
2961.13760,0.00569
2960.17338,0.00547
2959.20915,0.00531
2958.24493,0.00539
2957.28070,0.00572
2956.31647,0.00607
2955.35225,0.00617
2954.38802,0.00592
2953.42380,0.00545
2952.45957,0.00496
2951.49535,0.00469
2950.53112,0.00477
2949.56689,0.00517
2948.60267,0.00567
2947.63844,0.00596
2946.67422,0.00585
2945.70999,0.00548
2944.74576,0.00518
2943.78154,0.00522
2942.81731,0.00555
2941.85309,0.00591
2940.88886,0.00605
2939.92464,0.00595
2938.96041,0.00570
2937.99618,0.00543
2937.03196,0.00520
2936.06773,0.00502
2935.10351,0.00490
2934.13928,0.00485
2933.17505,0.00483
2932.21083,0.00482
2931.24660,0.00478
2930.28238,0.00468
2929.31815,0.00448
2928.35393,0.00422
2927.38970,0.00400
2926.42547,0.00388
2925.46125,0.00388
2924.49702,0.00390
2923.53280,0.00389
2922.56857,0.00393
2921.60434,0.00410
2920.64012,0.00439
2919.67589,0.00469
2918.71167,0.00485
2917.74744,0.00481
2916.78321,0.00463
2915.81899,0.00439
2914.85476,0.00416
2913.89054,0.00396
2912.92631,0.00381
2911.96209,0.00374
2910.99786,0.00376
2910.03363,0.00393
2909.06941,0.00429
2908.10518,0.00479
2907.14096,0.00528
2906.17673,0.00549
2905.21250,0.00526
2904.24828,0.00467
2903.28405,0.00396
2902.31983,0.00342
2901.35560,0.00319
2900.39138,0.00327
2899.42715,0.00351
2898.46292,0.00377
2897.49870,0.00395
2896.53447,0.00403
2895.57025,0.00408
2894.60602,0.00419
2893.64179,0.00437
2892.67757,0.00453
2891.71334,0.00460
2890.74912,0.00457
2889.78489,0.00450
2888.82066,0.00441
2887.85644,0.00428
2886.89221,0.00411
2885.92799,0.00397
2884.96376,0.00399
2883.99954,0.00419
2883.03531,0.00440
2882.07108,0.00443
2881.10686,0.00424
2880.14263,0.00400
2879.17841,0.00393
2878.21418,0.00408
2877.24995,0.00435
2876.28573,0.00464
2875.32150,0.00491
2874.35728,0.00517
2873.39305,0.00533
2872.42883,0.00524
2871.46460,0.00482
2870.50037,0.00420
2869.53615,0.00364
2868.57192,0.00334
2867.60770,0.00335
2866.64347,0.00355
2865.67924,0.00382
2864.71502,0.00406
2863.75079,0.00424
2862.78657,0.00432
2861.82234,0.00430
2860.85812,0.00418
2859.89389,0.00397
2858.92966,0.00376
2857.96544,0.00364
2857.00121,0.00370
2856.03699,0.00393
2855.07276,0.00416
2854.10853,0.00422
2853.14431,0.00406
2852.18008,0.00383
2851.21586,0.00374
2850.25163,0.00388
2849.28740,0.00412
2848.32318,0.00431
2847.35895,0.00440
2846.39473,0.00445
2845.43050,0.00445
2844.46628,0.00432
2843.50205,0.00398
2842.53782,0.00350
2841.57360,0.00313
2840.60937,0.00307
2839.64515,0.00325
2838.68092,0.00347
2837.71669,0.00355
2836.75247,0.00353
2835.78824,0.00356
2834.82402,0.00369
2833.85979,0.00376
2832.89557,0.00360
2831.93134,0.00321
2830.96711,0.00281
2830.00289,0.00264
2829.03866,0.00273
2828.07444,0.00301
2827.11021,0.00337
2826.14598,0.00372
2825.18176,0.00399
2824.21753,0.00405
2823.25331,0.00384
2822.28908,0.00345
2821.32486,0.00312
2820.36063,0.00300
2819.39640,0.00306
2818.43218,0.00316
2817.46795,0.00322
2816.50373,0.00328
2815.53950,0.00338
2814.57527,0.00346
2813.61105,0.00342
2812.64682,0.00319
2811.68260,0.00287
2810.71837,0.00262
2809.75414,0.00254
2808.78992,0.00264
2807.82569,0.00285
2806.86147,0.00307
2805.89724,0.00323
2804.93302,0.00330
2803.96879,0.00329
2803.00456,0.00321
2802.04034,0.00305
2801.07611,0.00282
2800.11189,0.00261
2799.14766,0.00257
2798.18343,0.00278
2797.21921,0.00316
2796.25498,0.00351
2795.29076,0.00363
2794.32653,0.00352
2793.36231,0.00331
2792.39808,0.00316
2791.43385,0.00311
2790.46963,0.00317
2789.50540,0.00331
2788.54118,0.00349
2787.57695,0.00367
2786.61272,0.00374
2785.64850,0.00356
2784.68427,0.00306
2783.72005,0.00237
2782.75582,0.00180
2781.79159,0.00167
2780.82737,0.00204
2779.86314,0.00266
2778.89892,0.00306
2777.93469,0.00296
2776.97047,0.00244
2776.00624,0.00183
2775.04201,0.00146
2774.07779,0.00143
2773.11356,0.00169
2772.14934,0.00211
2771.18511,0.00257
2770.22088,0.00295
2769.25666,0.00310
2768.29243,0.00301
2767.32821,0.00279
2766.36398,0.00260
2765.39976,0.00252
2764.43553,0.00249
2763.47130,0.00243
2762.50708,0.00236
2761.54285,0.00236
2760.57863,0.00254
2759.61440,0.00294
2758.65017,0.00351
2757.68595,0.00410
2756.72172,0.00451
2755.75750,0.00460
2754.79327,0.00436
2753.82905,0.00391
2752.86482,0.00343
2751.90059,0.00312
2750.93637,0.00311
2749.97214,0.00337
2749.00792,0.00368
2748.04369,0.00373
2747.07946,0.00334
2746.11524,0.00272
2745.15101,0.00228
2744.18679,0.00228
2743.22256,0.00260
2742.25833,0.00292
2741.29411,0.00308
2740.32988,0.00321
2739.36566,0.00343
2738.40143,0.00361
2737.43721,0.00349
2736.47298,0.00301
2735.50875,0.00246
2734.54453,0.00221
2733.58030,0.00234
2732.61608,0.00267
2731.65185,0.00292
2730.68762,0.00300
2729.72340,0.00298
2728.75917,0.00295
2727.79495,0.00298
2726.83072,0.00311
2725.86650,0.00330
2724.90227,0.00341
2723.93804,0.00324
2722.97382,0.00277
2722.00959,0.00220
2721.04537,0.00185
2720.08114,0.00186
2719.11691,0.00213
2718.15269,0.00242
2717.18846,0.00257
2716.22424,0.00259
2715.26001,0.00252
2714.29579,0.00241
2713.33156,0.00225
2712.36733,0.00207
2711.40311,0.00192
2710.43888,0.00185
2709.47466,0.00190
2708.51043,0.00205
2707.54620,0.00226
2706.58198,0.00247
2705.61775,0.00262
2704.65353,0.00272
2703.68930,0.00284
2702.72507,0.00296
2701.76085,0.00303
2700.79662,0.00300
2699.83240,0.00286
2698.86817,0.00269
2697.90395,0.00255
2696.93972,0.00248
2695.97549,0.00246
2695.01127,0.00245
2694.04704,0.00241
2693.08282,0.00232
2692.11859,0.00223
2691.15436,0.00224
2690.19014,0.00242
2689.22591,0.00269
2688.26169,0.00292
2687.29746,0.00302
2686.33324,0.00300
2685.36901,0.00294
2684.40478,0.00288
2683.44056,0.00282
2682.47633,0.00281
2681.51211,0.00291
2680.54788,0.00311
2679.58365,0.00333
2678.61943,0.00355
2677.65520,0.00378
2676.69098,0.00404
2675.72675,0.00417
2674.76252,0.00399
2673.79830,0.00342
2672.83407,0.00270
2671.86985,0.00218
2670.90562,0.00201
2669.94140,0.00212
2668.97717,0.00229
2668.01294,0.00237
2667.04872,0.00231
2666.08449,0.00208
2665.12027,0.00170
2664.15604,0.00130
2663.19181,0.00113
2662.22759,0.00138
2661.26336,0.00202
2660.29914,0.00277
2659.33491,0.00333
2658.37069,0.00354
2657.40646,0.00341
2656.44223,0.00312
2655.47801,0.00284
2654.51378,0.00268
2653.54956,0.00260
2652.58533,0.00247
2651.62110,0.00221
2650.65688,0.00191
2649.69265,0.00182
2648.72843,0.00204
2647.76420,0.00246
2646.79998,0.00273
2645.83575,0.00266
2644.87152,0.00230
2643.90730,0.00195
2642.94307,0.00181
2641.97885,0.00189
2641.01462,0.00202
2640.05039,0.00206
2639.08617,0.00203
2638.12194,0.00207
2637.15772,0.00228
2636.19349,0.00261
2635.22926,0.00294
2634.26504,0.00314
2633.30081,0.00315
2632.33659,0.00298
2631.37236,0.00271
2630.40814,0.00244
2629.44391,0.00229
2628.47968,0.00234
2627.51546,0.00254
2626.55123,0.00274
2625.58701,0.00281
2624.62278,0.00273
2623.65855,0.00268
2622.69433,0.00279
2621.73010,0.00305
2620.76588,0.00333
2619.80165,0.00348
2618.83743,0.00348
2617.87320,0.00333
2616.90897,0.00307
2615.94475,0.00270
2614.98052,0.00229
2614.01630,0.00196
2613.05207,0.00182
2612.08784,0.00189
2611.12362,0.00214
2610.15939,0.00248
2609.19517,0.00276
2608.23094,0.00287
2607.26672,0.00278
2606.30249,0.00263
2605.33826,0.00255
2604.37404,0.00258
2603.40981,0.00257
2602.44559,0.00239
2601.48136,0.00212
2600.51713,0.00199
2599.55291,0.00213
2598.58868,0.00243
2597.62446,0.00264
2596.66023,0.00263
2595.69600,0.00246
2594.73178,0.00231
2593.76755,0.00224
2592.80333,0.00222
2591.83910,0.00219
2590.87488,0.00214
2589.91065,0.00210
2588.94642,0.00208
2587.98220,0.00212
2587.01797,0.00226
2586.05375,0.00252
2585.08952,0.00282
2584.12529,0.00302
2583.16107,0.00301
2582.19684,0.00284
2581.23262,0.00263
2580.26839,0.00251
2579.30417,0.00251
2578.33994,0.00258
2577.37571,0.00258
2576.41149,0.00241
2575.44726,0.00208
2574.48304,0.00177
2573.51881,0.00170
2572.55458,0.00200
2571.59036,0.00263
2570.62613,0.00338
2569.66191,0.00399
2568.69768,0.00427
2567.73345,0.00416
2566.76923,0.00377
2565.80500,0.00330
2564.84078,0.00295
2563.87655,0.00274
2562.91233,0.00258
2561.94810,0.00235
2560.98387,0.00205
2560.01965,0.00180
2559.05542,0.00171
2558.09120,0.00177
2557.12697,0.00190
2556.16274,0.00204
2555.19852,0.00214
2554.23429,0.00218
2553.27007,0.00215
2552.30584,0.00206
2551.34162,0.00198
2550.37739,0.00197
2549.41316,0.00210
2548.44894,0.00238
2547.48471,0.00277
2546.52049,0.00317
2545.55626,0.00341
2544.59203,0.00336
2543.62781,0.00307
2542.66358,0.00278
2541.69936,0.00269
2540.73513,0.00279
2539.77091,0.00287
2538.80668,0.00281
2537.84245,0.00266
2536.87823,0.00258
2535.91400,0.00260
2534.94978,0.00262
2533.98555,0.00251
2533.02132,0.00230
2532.05710,0.00209
2531.09287,0.00196
2530.12865,0.00188
2529.16442,0.00185
2528.20019,0.00195
2527.23597,0.00221
2526.27174,0.00256
2525.30752,0.00279
2524.34329,0.00276
2523.37907,0.00252
2522.41484,0.00222
2521.45061,0.00200
2520.48639,0.00192
2519.52216,0.00197
2518.55794,0.00214
2517.59371,0.00238
2516.62948,0.00268
2515.66526,0.00297
2514.70103,0.00320
2513.73681,0.00331
2512.77258,0.00324
2511.80836,0.00302
2510.84413,0.00271
2509.87990,0.00246
2508.91568,0.00236
2507.95145,0.00242
2506.98723,0.00253
2506.02300,0.00259
2505.05877,0.00252
2504.09455,0.00237
2503.13032,0.00224
2502.16610,0.00226
2501.20187,0.00243
2500.23764,0.00267
2499.27342,0.00279
2498.30919,0.00273
2497.34497,0.00254
2496.38074,0.00237
2495.41652,0.00229
2494.45229,0.00228
2493.48806,0.00232
2492.52384,0.00240
2491.55961,0.00254
2490.59539,0.00269
2489.63116,0.00275
2488.66693,0.00267
2487.70271,0.00253
2486.73848,0.00247
2485.77426,0.00254
2484.81003,0.00268
2483.84581,0.00272
2482.88158,0.00263
2481.91735,0.00252
2480.95313,0.00255
2479.98890,0.00276
2479.02468,0.00304
2478.06045,0.00317
2477.09622,0.00303
2476.13200,0.00264
2475.16777,0.00217
2474.20355,0.00185
2473.23932,0.00181
2472.27510,0.00204
2471.31087,0.00242
2470.34664,0.00278
2469.38242,0.00297
2468.41819,0.00292
2467.45397,0.00270
2466.48974,0.00243
2465.52551,0.00226
2464.56129,0.00220
2463.59706,0.00221
2462.63284,0.00220
2461.66861,0.00214
2460.70438,0.00208
2459.74016,0.00210
2458.77593,0.00226
2457.81171,0.00255
2456.84748,0.00289
2455.88326,0.00316
2454.91903,0.00331
2453.95480,0.00335
2452.99058,0.00334
2452.02635,0.00334
2451.06213,0.00334
2450.09790,0.00333
2449.13367,0.00334
2448.16945,0.00336
2447.20522,0.00334
2446.24100,0.00324
2445.27677,0.00307
2444.31255,0.00292
2443.34832,0.00286
2442.38409,0.00285
2441.41987,0.00278
2440.45564,0.00263
2439.49142,0.00246
2438.52719,0.00241
2437.56296,0.00254
2436.59874,0.00281
2435.63451,0.00317
2434.67029,0.00353
2433.70606,0.00379
2432.74184,0.00381
2431.77761,0.00357
2430.81338,0.00322
2429.84916,0.00302
2428.88493,0.00313
2427.92071,0.00343
2426.95648,0.00369
2425.99225,0.00371
2425.02803,0.00347
2424.06380,0.00307
2423.09958,0.00270
2422.13535,0.00253
2421.17112,0.00267
2420.20690,0.00312
2419.24267,0.00366
2418.27845,0.00400
2417.31422,0.00401
2416.35000,0.00380
2415.38577,0.00361
2414.42154,0.00357
2413.45732,0.00359
2412.49309,0.00355
2411.52887,0.00342
2410.56464,0.00325
2409.60041,0.00314
2408.63619,0.00308
2407.67196,0.00304
2406.70774,0.00301
2405.74351,0.00302
2404.77929,0.00306
2403.81506,0.00311
2402.85083,0.00316
2401.88661,0.00321
2400.92238,0.00329
2399.95816,0.00340
2398.99393,0.00355
2398.02970,0.00367
2397.06548,0.00371
2396.10125,0.00362
2395.13703,0.00343
2394.17280,0.00324
2393.20857,0.00314
2392.24435,0.00310
2391.28012,0.00308
2390.31590,0.00306
2389.35167,0.00317
2388.38745,0.00347
2387.42322,0.00388
2386.45899,0.00417
2385.49477,0.00419
2384.53054,0.00399
2383.56632,0.00376
2382.60209,0.00363
2381.63786,0.00356
2380.67364,0.00344
2379.70941,0.00323
2378.74519,0.00303
2377.78096,0.00295
2376.81674,0.00301
2375.85251,0.00314
2374.88828,0.00323
2373.92406,0.00325
2372.95983,0.00323
2371.99561,0.00322
2371.03138,0.00322
2370.06715,0.00322
2369.10293,0.00321
2368.13870,0.00320
2367.17448,0.00321
2366.21025,0.00322
2365.24603,0.00318
2364.28180,0.00309
2363.31757,0.00304
2362.35335,0.00313
2361.38912,0.00335
2360.42490,0.00348
2359.46067,0.00338
2358.49644,0.00309
2357.53222,0.00286
2356.56799,0.00288
2355.60377,0.00305
2354.63954,0.00317
2353.67531,0.00316
2352.71109,0.00314
2351.74686,0.00328
2350.78264,0.00360
2349.81841,0.00399
2348.85419,0.00433
2347.88996,0.00452
2346.92573,0.00452
2345.96151,0.00424
2344.99728,0.00374
2344.03306,0.00324
2343.06883,0.00299
2342.10460,0.00307
2341.14038,0.00329
2340.17615,0.00341
2339.21193,0.00338
2338.24770,0.00336
2337.28348,0.00349
2336.31925,0.00375
2335.35502,0.00393
2334.39080,0.00390
2333.42657,0.00366
2332.46235,0.00340
2331.49812,0.00326
2330.53389,0.00332
2329.56967,0.00349
2328.60544,0.00362
2327.64122,0.00362
2326.67699,0.00352
2325.71277,0.00350
2324.74854,0.00368
2323.78431,0.00400
2322.82009,0.00428
2321.85586,0.00434
2320.89164,0.00422
2319.92741,0.00412
2318.96318,0.00415
2317.99896,0.00423
2317.03473,0.00416
2316.07051,0.00389
2315.10628,0.00355
2314.14205,0.00338
2313.17783,0.00349
2312.21360,0.00375
2311.24938,0.00394
2310.28515,0.00393
2309.32093,0.00381
2308.35670,0.00374
2307.39247,0.00378
2306.42825,0.00385
2305.46402,0.00383
2304.49980,0.00366
2303.53557,0.00340
2302.57134,0.00318
2301.60712,0.00309
2300.64289,0.00316
2299.67867,0.00337
2298.71444,0.00364
2297.75022,0.00390
2296.78599,0.00406
2295.82176,0.00406
2294.85754,0.00387
2293.89331,0.00359
2292.92909,0.00332
2291.96486,0.00320
2291.00063,0.00330
2290.03641,0.00357
2289.07218,0.00389
2288.10796,0.00409
2287.14373,0.00408
2286.17950,0.00389
2285.21528,0.00360
2284.25105,0.00331
2283.28683,0.00309
2282.32260,0.00297
2281.35838,0.00291
2280.39415,0.00286
2279.42992,0.00278
2278.46570,0.00272
2277.50147,0.00278
2276.53725,0.00300
2275.57302,0.00327
2274.60879,0.00346
2273.64457,0.00352
2272.68034,0.00352
2271.71612,0.00354
2270.75189,0.00359
2269.78767,0.00357
2268.82344,0.00346
2267.85921,0.00330
2266.89499,0.00316
2265.93076,0.00304
2264.96654,0.00296
2264.00231,0.00298
2263.03808,0.00314
2262.07386,0.00339
2261.10963,0.00356
2260.14541,0.00359
2259.18118,0.00355
2258.21696,0.00353
2257.25273,0.00350
2256.28850,0.00338
2255.32428,0.00321
2254.36005,0.00318
2253.39583,0.00340
2252.43160,0.00375
2251.46737,0.00408
2250.50315,0.00442
2249.53892,0.00505
2248.57470,0.00603
2247.61047,0.00693
2246.64624,0.00711
2245.68202,0.00632
2244.71779,0.00495
2243.75357,0.00369
2242.78934,0.00291
2241.82512,0.00259
2240.86089,0.00251
2239.89666,0.00259
2238.93244,0.00281
2237.96821,0.00305
2237.00399,0.00320
2236.03976,0.00328
2235.07553,0.00346
2234.11131,0.00383
2233.14708,0.00422
2232.18286,0.00438
2231.21863,0.00429
2230.25441,0.00415
2229.29018,0.00414
2228.32595,0.00422
2227.36173,0.00421
2226.39750,0.00405
2225.43328,0.00382
2224.46905,0.00365
2223.50482,0.00359
2222.54060,0.00358
2221.57637,0.00358
2220.61215,0.00357
2219.64792,0.00354
2218.68369,0.00346
2217.71947,0.00336
2216.75524,0.00325
2215.79102,0.00314
2214.82679,0.00306
2213.86257,0.00311
2212.89834,0.00338
2211.93411,0.00384
2210.96989,0.00424
2210.00566,0.00431
2209.04144,0.00404
2208.07721,0.00371
2207.11298,0.00354
2206.14876,0.00357
2205.18453,0.00364
2204.22031,0.00368
2203.25608,0.00379
2202.29186,0.00405
2201.32763,0.00433
2200.36340,0.00443
2199.39918,0.00427
2198.43495,0.00396
2197.47073,0.00372
2196.50650,0.00367
2195.54227,0.00381
2194.57805,0.00411
2193.61382,0.00445
2192.64960,0.00469
2191.68537,0.00470
2190.72115,0.00447
2189.75692,0.00417
2188.79269,0.00398
2187.82847,0.00394
2186.86424,0.00401
2185.90002,0.00413
2184.93579,0.00425
2183.97156,0.00432
2183.00734,0.00425
2182.04311,0.00400
2181.07889,0.00364
2180.11466,0.00332
2179.15043,0.00313
2178.18621,0.00308
2177.22198,0.00316
2176.25776,0.00340
2175.29353,0.00376
2174.32931,0.00412
2173.36508,0.00435
2172.40085,0.00445
2171.43663,0.00451
2170.47240,0.00454
2169.50818,0.00444
2168.54395,0.00414
2167.57972,0.00377
2166.61550,0.00356
2165.65127,0.00360
2164.68705,0.00378
2163.72282,0.00395
2162.75860,0.00408
2161.79437,0.00422
2160.83014,0.00434
2159.86592,0.00436
2158.90169,0.00424
2157.93747,0.00408
2156.97324,0.00396
2156.00901,0.00383
2155.04479,0.00359
2154.08056,0.00334
2153.11634,0.00336
2152.15211,0.00379
2151.18789,0.00442
2150.22366,0.00483
2149.25943,0.00481
2148.29521,0.00455
2147.33098,0.00436
2146.36676,0.00439
2145.40253,0.00454
2144.43830,0.00468
2143.47408,0.00484
2142.50985,0.00512
2141.54563,0.00552
2140.58140,0.00591
2139.61717,0.00614
2138.65295,0.00619
2137.68872,0.00611
2136.72450,0.00599
2135.76027,0.00594
2134.79605,0.00606
2133.83182,0.00639
2132.86759,0.00684
2131.90337,0.00730
2130.93914,0.00770
2129.97492,0.00802
2129.01069,0.00823
2128.04646,0.00828
2127.08224,0.00815
2126.11801,0.00793
2125.15379,0.00781
2124.18956,0.00787
2123.22534,0.00802
2122.26111,0.00812
2121.29688,0.00808
2120.33266,0.00789
2119.36843,0.00762
2118.40421,0.00728
2117.43998,0.00691
2116.47575,0.00658
2115.51153,0.00639
2114.54730,0.00633
2113.58308,0.00633
2112.61885,0.00627
2111.65462,0.00612
2110.69040,0.00589
2109.72617,0.00566
2108.76195,0.00544
2107.79772,0.00527
2106.83350,0.00513
2105.86927,0.00499
2104.90504,0.00480
2103.94082,0.00452
2102.97659,0.00420
2102.01237,0.00394
2101.04814,0.00383
2100.08391,0.00388
2099.11969,0.00400
2098.15546,0.00408
2097.19124,0.00409
2096.22701,0.00404
2095.26279,0.00404
2094.29856,0.00413
2093.33433,0.00430
2092.37011,0.00443
2091.40588,0.00445
2090.44166,0.00433
2089.47743,0.00411
2088.51320,0.00385
2087.54898,0.00363
2086.58475,0.00350
2085.62053,0.00351
2084.65630,0.00364
2083.69208,0.00379
2082.72785,0.00382
2081.76362,0.00372
2080.79940,0.00360
2079.83517,0.00359
2078.87095,0.00374
2077.90672,0.00391
2076.94249,0.00395
2075.97827,0.00377
2075.01404,0.00345
2074.04982,0.00314
2073.08559,0.00298
2072.12136,0.00300
2071.15714,0.00313
2070.19291,0.00329
2069.22869,0.00341
2068.26446,0.00349
2067.30024,0.00355
2066.33601,0.00367
2065.37178,0.00384
2064.40756,0.00404
2063.44333,0.00420
2062.47911,0.00430
2061.51488,0.00430
2060.55065,0.00422
2059.58643,0.00410
2058.62220,0.00396
2057.65798,0.00379
2056.69375,0.00360
2055.72953,0.00340
2054.76530,0.00326
2053.80107,0.00326
2052.83685,0.00337
2051.87262,0.00348
2050.90840,0.00354
2049.94417,0.00357
2048.97994,0.00363
2048.01572,0.00373
2047.05149,0.00374
2046.08727,0.00361
2045.12304,0.00342
2044.15882,0.00333
2043.19459,0.00341
2042.23036,0.00349
2041.26614,0.00341
2040.30191,0.00317
2039.33769,0.00299
2038.37346,0.00304
2037.40923,0.00327
2036.44501,0.00349
2035.48078,0.00356
2034.51656,0.00349
2033.55233,0.00342
2032.58810,0.00345
2031.62388,0.00359
2030.65965,0.00377
2029.69543,0.00393
2028.73120,0.00395
2027.76698,0.00376
2026.80275,0.00339
2025.83852,0.00294
2024.87430,0.00258
2023.91007,0.00241
2022.94585,0.00249
2021.98162,0.00280
2021.01739,0.00329
2020.05317,0.00379
2019.08894,0.00408
2018.12472,0.00406
2017.16049,0.00382
2016.19627,0.00360
2015.23204,0.00357
2014.26781,0.00362
2013.30359,0.00356
2012.33936,0.00328
2011.37514,0.00292
2010.41091,0.00269
2009.44668,0.00266
2008.48246,0.00275
2007.51823,0.00281
2006.55401,0.00279
2005.58978,0.00275
2004.62555,0.00277
2003.66133,0.00287
2002.69710,0.00305
2001.73288,0.00330
2000.76865,0.00356
1999.80443,0.00378
1998.84020,0.00387
1997.87597,0.00381
1996.91175,0.00366
1995.94752,0.00355
1994.98330,0.00352
1994.01907,0.00353
1993.05484,0.00345
1992.09062,0.00320
1991.12639,0.00288
1990.16217,0.00265
1989.19794,0.00259
1988.23372,0.00266
1987.26949,0.00276
1986.30526,0.00283
1985.34104,0.00293
1984.37681,0.00306
1983.41259,0.00319
1982.44836,0.00328
1981.48413,0.00337
1980.51991,0.00352
1979.55568,0.00373
1978.59146,0.00383
1977.62723,0.00371
1976.66301,0.00339
1975.69878,0.00309
1974.73455,0.00299
1973.77033,0.00305
1972.80610,0.00310
1971.84188,0.00300
1970.87765,0.00280
1969.91342,0.00264
1968.94920,0.00260
1967.98497,0.00265
1967.02075,0.00270
1966.05652,0.00271
1965.09229,0.00270
1964.12807,0.00273
1963.16384,0.00288
1962.19962,0.00313
1961.23539,0.00341
1960.27117,0.00354
1959.30694,0.00343
1958.34271,0.00315
1957.37849,0.00285
1956.41426,0.00269
1955.45004,0.00269
1954.48581,0.00278
1953.52158,0.00292
1952.55736,0.00310
1951.59313,0.00329
1950.62891,0.00346
1949.66468,0.00356
1948.70046,0.00358
1947.73623,0.00352
1946.77200,0.00335
1945.80778,0.00303
1944.84355,0.00264
1943.87933,0.00235
1942.91510,0.00232
1941.95087,0.00255
1940.98665,0.00288
1940.02242,0.00318
1939.05820,0.00338
1938.09397,0.00354
1937.12974,0.00370
1936.16552,0.00384
1935.20129,0.00389
1934.23707,0.00377
1933.27284,0.00344
1932.30862,0.00302
1931.34439,0.00272
1930.38016,0.00273
1929.41594,0.00305
1928.45171,0.00346
1927.48749,0.00370
1926.52326,0.00365
1925.55903,0.00336
1924.59481,0.00298
1923.63058,0.00265
1922.66636,0.00249
1921.70213,0.00256
1920.73791,0.00287
1919.77368,0.00329
1918.80945,0.00360
1917.84523,0.00373
1916.88100,0.00374
1915.91678,0.00375
1914.95255,0.00375
1913.98832,0.00363
1913.02410,0.00335
1912.05987,0.00302
1911.09565,0.00281
1910.13142,0.00279
1909.16720,0.00284
1908.20297,0.00282
1907.23874,0.00271
1906.27452,0.00259
1905.31029,0.00255
1904.34607,0.00261
1903.38184,0.00274
1902.41761,0.00289
1901.45339,0.00302
1900.48916,0.00309
1899.52494,0.00307
1898.56071,0.00297
1897.59648,0.00282
1896.63226,0.00267
1895.66803,0.00255
1894.70381,0.00254
1893.73958,0.00267
1892.77536,0.00292
1891.81113,0.00318
1890.84690,0.00335
1889.88268,0.00339
1888.91845,0.00338
1887.95423,0.00340
1886.99000,0.00348
1886.02577,0.00358
1885.06155,0.00366
1884.09732,0.00365
1883.13310,0.00353
1882.16887,0.00333
1881.20465,0.00317
1880.24042,0.00311
1879.27619,0.00318
1878.31197,0.00325
1877.34774,0.00323
1876.38352,0.00309
1875.41929,0.00291
1874.45506,0.00277
1873.49084,0.00274
1872.52661,0.00284
1871.56239,0.00310
1870.59816,0.00344
1869.63394,0.00368
1868.66971,0.00365
1867.70548,0.00333
1866.74126,0.00292
1865.77703,0.00261
1864.81281,0.00249
1863.84858,0.00249
1862.88435,0.00256
1861.92013,0.00271
1860.95590,0.00291
1859.99168,0.00312
1859.02745,0.00326
1858.06322,0.00330
1857.09900,0.00327
1856.13477,0.00318
1855.17055,0.00300
1854.20632,0.00277
1853.24210,0.00258
1852.27787,0.00253
1851.31364,0.00258
1850.34942,0.00266
1849.38519,0.00274
1848.42097,0.00289
1847.45674,0.00315
1846.49251,0.00344
1845.52829,0.00358
1844.56406,0.00350
1843.59984,0.00332
1842.63561,0.00319
1841.67139,0.00320
1840.70716,0.00326
1839.74293,0.00328
1838.77871,0.00318
1837.81448,0.00298
1836.85026,0.00275
1835.88603,0.00264
1834.92180,0.00278
1833.95758,0.00313
1832.99335,0.00348
1832.02913,0.00360
1831.06490,0.00345
1830.10067,0.00319
1829.13645,0.00301
1828.17222,0.00301
1827.20800,0.00314
1826.24377,0.00335
1825.27955,0.00357
1824.31532,0.00371
1823.35109,0.00366
1822.38687,0.00339
1821.42264,0.00304
1820.45842,0.00281
1819.49419,0.00280
1818.52996,0.00293
1817.56574,0.00307
1816.60151,0.00316
1815.63729,0.00330
1814.67306,0.00351
1813.70884,0.00372
1812.74461,0.00384
1811.78038,0.00381
1810.81616,0.00372
1809.85193,0.00365
1808.88771,0.00362
1807.92348,0.00359
1806.95925,0.00352
1805.99503,0.00341
1805.03080,0.00332
1804.06658,0.00334
1803.10235,0.00350
1802.13813,0.00377
1801.17390,0.00405
1800.20967,0.00422
1799.24545,0.00428
1798.28122,0.00424
1797.31700,0.00414
1796.35277,0.00398
1795.38854,0.00383
1794.42432,0.00378
1793.46009,0.00391
1792.49587,0.00418
1791.53164,0.00445
1790.56741,0.00460
1789.60319,0.00457
1788.63896,0.00441
1787.67474,0.00423
1786.71051,0.00409
1785.74629,0.00406
1784.78206,0.00413
1783.81783,0.00421
1782.85361,0.00419
1781.88938,0.00404
1780.92516,0.00382
1779.96093,0.00367
1778.99670,0.00364
1778.03248,0.00365
1777.06825,0.00362
1776.10403,0.00357
1775.13980,0.00360
1774.17558,0.00375
1773.21135,0.00399
1772.24712,0.00422
1771.28290,0.00437
1770.31867,0.00445
1769.35445,0.00446
1768.39022,0.00439
1767.42599,0.00425
1766.46177,0.00415
1765.49754,0.00419
1764.53332,0.00436
1763.56909,0.00455
1762.60487,0.00462
1761.64064,0.00453
1760.67641,0.00433
1759.71219,0.00414
1758.74796,0.00400
1757.78374,0.00392
1756.81951,0.00391
1755.85528,0.00401
1754.89106,0.00423
1753.92683,0.00454
1752.96261,0.00485
1751.99838,0.00504
1751.03415,0.00506
1750.06993,0.00498
1749.10570,0.00494
1748.14148,0.00500
1747.17725,0.00514
1746.21303,0.00527
1745.24880,0.00534
1744.28457,0.00536
1743.32035,0.00539
1742.35612,0.00543
1741.39190,0.00544
1740.42767,0.00540
1739.46344,0.00531
1738.49922,0.00524
1737.53499,0.00525
1736.57077,0.00538
1735.60654,0.00556
1734.64232,0.00573
1733.67809,0.00584
1732.71386,0.00590
1731.74964,0.00598
1730.78541,0.00612
1729.82119,0.00625
1728.85696,0.00629
1727.89273,0.00622
1726.92851,0.00610
1725.96428,0.00603
1725.00006,0.00602
1724.03583,0.00602
1723.07160,0.00603
1722.10738,0.00612
1721.14315,0.00633
1720.17893,0.00664
1719.21470,0.00695
1718.25048,0.00719
1717.28625,0.00738
1716.32202,0.00752
1715.35780,0.00762
1714.39357,0.00763
1713.42935,0.00757
1712.46512,0.00748
1711.50089,0.00737
1710.53667,0.00726
1709.57244,0.00718
1708.60822,0.00721
1707.64399,0.00739
1706.67977,0.00766
1705.71554,0.00787
1704.75131,0.00796
1703.78709,0.00802
1702.82286,0.00817
1701.85864,0.00842
1700.89441,0.00866
1699.93018,0.00880
1698.96596,0.00893
1698.00173,0.00919
1697.03751,0.00959
1696.07328,0.00990
1695.10906,0.00990
1694.14483,0.00959
1693.18060,0.00925
1692.21638,0.00919
1691.25215,0.00950
1690.28793,0.01004
1689.32370,0.01055
1688.35947,0.01084
1687.39525,0.01091
1686.43102,0.01087
1685.46680,0.01082
1684.50257,0.01082
1683.53834,0.01087
1682.57412,0.01095
1681.60989,0.01102
1680.64567,0.01109
1679.68144,0.01115
1678.71722,0.01118
1677.75299,0.01121
1676.78876,0.01127
1675.82454,0.01137
1674.86031,0.01149
1673.89609,0.01155
1672.93186,0.01153
1671.96763,0.01150
1671.00341,0.01157
1670.03918,0.01185
1669.07496,0.01232
1668.11073,0.01285
1667.14651,0.01328
1666.18228,0.01349
1665.21805,0.01345
1664.25383,0.01328
1663.28960,0.01311
1662.32538,0.01309
1661.36115,0.01326
1660.39692,0.01353
1659.43270,0.01377
1658.46847,0.01386
1657.50425,0.01381
1656.54002,0.01372
1655.57579,0.01368
1654.61157,0.01370
1653.64734,0.01374
1652.68312,0.01368
1651.71889,0.01353
1650.75467,0.01336
1649.79044,0.01329
1648.82621,0.01339
1647.86199,0.01364
1646.89776,0.01392
1645.93354,0.01404
1644.96931,0.01389
1644.00508,0.01352
1643.04086,0.01314
1642.07663,0.01294
1641.11241,0.01299
1640.14818,0.01318
1639.18396,0.01338
1638.21973,0.01350
1637.25550,0.01353
1636.29128,0.01342
1635.32705,0.01314
1634.36283,0.01274
1633.39860,0.01238
1632.43437,0.01221
1631.47015,0.01223
1630.50592,0.01225
1629.54170,0.01207
1628.57747,0.01168
1627.61325,0.01122
1626.64902,0.01091
1625.68479,0.01084
1624.72057,0.01096
1623.75634,0.01120
1622.79212,0.01145
1621.82789,0.01161
1620.86366,0.01161
1619.89944,0.01147
1618.93521,0.01124
1617.97099,0.01101
1617.00676,0.01081
1616.04253,0.01058
1615.07831,0.01031
1614.11408,0.01002
1613.14986,0.00974
1612.18563,0.00949
1611.22141,0.00924
1610.25718,0.00904
1609.29295,0.00893
1608.32873,0.00891
1607.36450,0.00889
1606.40028,0.00877
1605.43605,0.00857
1604.47182,0.00839
1603.50760,0.00832
1602.54337,0.00838
1601.57915,0.00851
1600.61492,0.00866
1599.65070,0.00879
1598.68647,0.00882
1597.72224,0.00867
1596.75802,0.00829
1595.79379,0.00778
1594.82957,0.00735
1593.86534,0.00717
1592.90111,0.00730
1591.93689,0.00757
1590.97266,0.00774
1590.00844,0.00761
1589.04421,0.00715
1588.07999,0.00655
1587.11576,0.00617
1586.15153,0.00624
1585.18731,0.00670
1584.22308,0.00727
1583.25886,0.00763
1582.29463,0.00768
1581.33040,0.00756
1580.36618,0.00742
1579.40195,0.00730
1578.43773,0.00710
1577.47350,0.00678
1576.50927,0.00637
1575.54505,0.00599
1574.58082,0.00575
1573.61660,0.00568
1572.65237,0.00575
1571.68815,0.00594
1570.72392,0.00623
1569.75969,0.00651
1568.79547,0.00665
1567.83124,0.00655
1566.86702,0.00622
1565.90279,0.00579
1564.93856,0.00542
1563.97434,0.00525
1563.01011,0.00530
1562.04589,0.00550
1561.08166,0.00579
1560.11744,0.00614
1559.15321,0.00649
1558.18898,0.00670
1557.22476,0.00660
1556.26053,0.00619
1555.29631,0.00567
1554.33208,0.00531
1553.36785,0.00529
1552.40363,0.00555
1551.43940,0.00583
1550.47518,0.00595
1549.51095,0.00584
1548.54672,0.00565
1547.58250,0.00554
1546.61827,0.00560
1545.65405,0.00579
1544.68982,0.00593
1543.72560,0.00592
1542.76137,0.00574
1541.79714,0.00554
1540.83292,0.00550
1539.86869,0.00566
1538.90447,0.00588
1537.94024,0.00601
1536.97601,0.00598
1536.01179,0.00591
1535.04756,0.00589
1534.08334,0.00594
1533.11911,0.00595
1532.15489,0.00583
1531.19066,0.00559
1530.22643,0.00533
1529.26221,0.00514
1528.29798,0.00506
1527.33376,0.00507
1526.36953,0.00512
1525.40530,0.00516
1524.44108,0.00519
1523.47685,0.00518
1522.51263,0.00516
1521.54840,0.00514
1520.58418,0.00513
1519.61995,0.00513
1518.65572,0.00514
1517.69150,0.00518
1516.72727,0.00527
1515.76305,0.00540
1514.79882,0.00555
1513.83459,0.00564
1512.87037,0.00565
1511.90614,0.00559
1510.94192,0.00555
1509.97769,0.00562
1509.01346,0.00581
1508.04924,0.00602
1507.08501,0.00609
1506.12079,0.00588
1505.15656,0.00544
1504.19234,0.00499
1503.22811,0.00476
1502.26388,0.00484
1501.29966,0.00513
1500.33543,0.00538
1499.37121,0.00544
1498.40698,0.00532
1497.44275,0.00518
1496.47853,0.00515
1495.51430,0.00521
1494.55008,0.00530
1493.58585,0.00535
1492.62163,0.00538
1491.65740,0.00542
1490.69317,0.00549
1489.72895,0.00554
1488.76472,0.00554
1487.80050,0.00548
1486.83627,0.00537
1485.87204,0.00519
1484.90782,0.00493
1483.94359,0.00456
1482.97937,0.00416
1482.01514,0.00384
1481.05092,0.00372
1480.08669,0.00386
1479.12246,0.00421
1478.15824,0.00451
1477.19401,0.00456
1476.22979,0.00430
1475.26556,0.00394
1474.30133,0.00370
1473.33711,0.00364
1472.37288,0.00362
1471.40866,0.00348
1470.44443,0.00327
1469.48020,0.00315
1468.51598,0.00318
1467.55175,0.00329
1466.58753,0.00335
1465.62330,0.00330
1464.65908,0.00318
1463.69485,0.00307
1462.73062,0.00308
1461.76640,0.00340
1460.80217,0.00415
1459.83795,0.00515
1458.87372,0.00592
1457.90949,0.00596
1456.94527,0.00516
1455.98104,0.00393
1455.01682,0.00284
1454.05259,0.00219
1453.08837,0.00195
1452.12414,0.00194
1451.15991,0.00204
1450.19569,0.00213
1449.23146,0.00211
1448.26724,0.00198
1447.30301,0.00185
1446.33878,0.00186
1445.37456,0.00207
1444.41033,0.00246
1443.44611,0.00296
1442.48188,0.00345
1441.51765,0.00371
1440.55343,0.00351
1439.58920,0.00290
1438.62498,0.00226
1437.66075,0.00208
1436.69653,0.00255
1435.73230,0.00338
1434.76807,0.00418
1433.80385,0.00479
1432.83962,0.00526
1431.87540,0.00555
1430.91117,0.00550
1429.94694,0.00504
1428.98272,0.00442
1428.01849,0.00414
1427.05427,0.00449
1426.09004,0.00526
1425.12582,0.00592
1424.16159,0.00606
1423.19736,0.00570
1422.23314,0.00519
1421.26891,0.00486
1420.30469,0.00472
1419.34046,0.00457
1418.37623,0.00424
1417.41201,0.00380
1416.44778,0.00347
1415.48356,0.00340
1414.51933,0.00354
1413.55511,0.00370
1412.59088,0.00375
1411.62665,0.00374
1410.66243,0.00377
1409.69820,0.00393
1408.73398,0.00416
1407.76975,0.00434
1406.80552,0.00435
1405.84130,0.00412
1404.87707,0.00374
1403.91285,0.00338
1402.94862,0.00324
1401.98439,0.00337
1401.02017,0.00368
1400.05594,0.00406
1399.09172,0.00447
1398.12749,0.00496
1397.16327,0.00543
1396.19904,0.00565
1395.23481,0.00539
1394.27059,0.00466
1393.30636,0.00384
1392.34214,0.00339
1391.37791,0.00354
1390.41368,0.00419
1389.44946,0.00495
1388.48523,0.00539
1387.52101,0.00527
1386.55678,0.00465
1385.59256,0.00390
1384.62833,0.00340
1383.66410,0.00330
1382.69988,0.00348
1381.73565,0.00374
1380.77143,0.00400
1379.80720,0.00427
1378.84297,0.00454
1377.87875,0.00475
1376.91452,0.00489
1375.95030,0.00500
1374.98607,0.00509
1374.02184,0.00509
1373.05762,0.00494
1372.09339,0.00473
1371.12917,0.00471
1370.16494,0.00498
1369.20072,0.00538
1368.23649,0.00560
1367.27226,0.00547
1366.30804,0.00503
1365.34381,0.00446
1364.37959,0.00398
1363.41536,0.00378
1362.45113,0.00395
1361.48691,0.00436
1360.52268,0.00467
1359.55846,0.00459
1358.59423,0.00419
1357.63001,0.00380
1356.66578,0.00366
1355.70155,0.00374
1354.73733,0.00383
1353.77310,0.00387
1352.80888,0.00405
1351.84465,0.00445
1350.88042,0.00486
1349.91620,0.00501
1348.95197,0.00483
1347.98775,0.00457
1347.02352,0.00452
1346.05930,0.00477
1345.09507,0.00522
1344.13084,0.00568
1343.16662,0.00589
1342.20239,0.00565
1341.23817,0.00491
1340.27394,0.00394
1339.30971,0.00324
1338.34549,0.00308
1337.38126,0.00333
1336.41704,0.00357
1335.45281,0.00356
1334.48858,0.00341
1333.52436,0.00333
1332.56013,0.00345
1331.59591,0.00380
1330.63168,0.00433
1329.66746,0.00492
1328.70323,0.00530
1327.73900,0.00517
1326.77478,0.00453
1325.81055,0.00377
1324.84633,0.00332
1323.88210,0.00329
1322.91787,0.00346
1321.95365,0.00359
1320.98942,0.00364
1320.02520,0.00367
1319.06097,0.00365
1318.09675,0.00348
1317.13252,0.00324
1316.16829,0.00318
1315.20407,0.00350
1314.23984,0.00413
1313.27562,0.00483
1312.31139,0.00540
1311.34716,0.00573
1310.38294,0.00579
1309.41871,0.00563
1308.45449,0.00544
1307.49026,0.00542
1306.52604,0.00552
1305.56181,0.00541
1304.59758,0.00480
1303.63336,0.00384
1302.66913,0.00305
1301.70491,0.00282
1300.74068,0.00310
1299.77645,0.00352
1298.81223,0.00373
1297.84800,0.00360
1296.88378,0.00319
1295.91955,0.00265
1294.95532,0.00228
1293.99110,0.00239
1293.02687,0.00310
1292.06265,0.00410
1291.09842,0.00486
1290.13420,0.00507
1289.16997,0.00482
1288.20574,0.00444
1287.24152,0.00417
1286.27729,0.00406
1285.31307,0.00408
1284.34884,0.00421
1283.38461,0.00449
1282.42039,0.00493
1281.45616,0.00554
1280.49194,0.00623
1279.52771,0.00678
1278.56349,0.00695
1277.59926,0.00665
1276.63503,0.00604
1275.67081,0.00538
1274.70658,0.00477
1273.74236,0.00420
1272.77813,0.00371
1271.81390,0.00347
1270.84968,0.00364
1269.88545,0.00407
1268.92123,0.00448
1267.95700,0.00473
1266.99277,0.00481
1266.02855,0.00478
1265.06432,0.00453
1264.10010,0.00403
1263.13587,0.00348
1262.17165,0.00318
1261.20742,0.00317
1260.24319,0.00322
1259.27897,0.00314
1258.31474,0.00311
1257.35052,0.00339
1256.38629,0.00388
1255.42206,0.00411
1254.45784,0.00378
1253.49361,0.00315
1252.52939,0.00285
1251.56516,0.00313
1250.60094,0.00360
1249.63671,0.00370
1248.67248,0.00325
1247.70826,0.00256
1246.74403,0.00199
1245.77981,0.00161
1244.81558,0.00132
1243.85135,0.00116
1242.88713,0.00133
1241.92290,0.00193
1240.95868,0.00283
1239.99445,0.00370
1239.03023,0.00423
1238.06600,0.00422
1237.10177,0.00371
1236.13755,0.00293
1235.17332,0.00230
1234.20910,0.00215
1233.24487,0.00241
1232.28064,0.00278
1231.31642,0.00297
1230.35219,0.00300
1229.38797,0.00303
1228.42374,0.00307
1227.45951,0.00294
1226.49529,0.00252
1225.53106,0.00196
1224.56684,0.00161
1223.60261,0.00164
1222.63839,0.00198
1221.67416,0.00245
1220.70993,0.00298
1219.74571,0.00362
1218.78148,0.00438
1217.81726,0.00509
1216.85303,0.00546
1215.88880,0.00528
1214.92458,0.00456
1213.96035,0.00366
1212.99613,0.00304
1212.03190,0.00297
1211.06768,0.00326
1210.10345,0.00341
1209.13922,0.00307
1208.17500,0.00233
1207.21077,0.00163
1206.24655,0.00126
1205.28232,0.00118
1204.31809,0.00121
1203.35387,0.00135
1202.38964,0.00172
1201.42542,0.00230
1200.46119,0.00283
1199.49697,0.00307
1198.53274,0.00317
1197.56851,0.00352
1196.60429,0.00421
1195.64006,0.00484
1194.67584,0.00478
1193.71161,0.00377
1192.74738,0.00216
1191.78316,0.00067
1190.81893,-0.00015
1189.85471,-0.00005
1188.89048,0.00084
1187.92625,0.00206
1186.96203,0.00297
1185.99780,0.00300
1185.03358,0.00210
1184.06935,0.00081
1183.10513,-0.00005
1182.14090,-0.00002
1181.17667,0.00070
1180.21245,0.00153
1179.24822,0.00201
1178.28400,0.00219
1177.31977,0.00241
1176.35554,0.00288
1175.39132,0.00347
1174.42709,0.00372
1173.46287,0.00325
1172.49864,0.00207
1171.53442,0.00063
1170.57019,-0.00045
1169.60596,-0.00075
1168.64174,-0.00024
1167.67751,0.00079
1166.71329,0.00202
1165.74906,0.00324
1164.78483,0.00431
1163.82061,0.00510
1162.85638,0.00547
1161.89216,0.00542
1160.92793,0.00517
1159.96370,0.00496
1158.99948,0.00488
1158.03525,0.00481
1157.07103,0.00458
1156.10680,0.00422
1155.14258,0.00390
1154.17835,0.00380
1153.21412,0.00396
1152.24990,0.00440
1151.28567,0.00521
1150.32145,0.00641
1149.35722,0.00772
1148.39299,0.00838
1147.42877,0.00763
1146.46454,0.00533
1145.50032,0.00222
1144.53609,-0.00066
1143.57187,-0.00277
1142.60764,-0.00424
1141.64341,-0.00534
1140.67919,-0.00579
1139.71496,-0.00492
1138.75074,-0.00255
1137.78651,0.00044
1136.82228,0.00264
1135.85806,0.00322
1134.89383,0.00246
1133.92961,0.00136
1132.96538,0.00067
1132.00116,0.00055
1131.03693,0.00087
1130.07270,0.00158
1129.10848,0.00270
1128.14425,0.00405
1127.18003,0.00518
1126.21580,0.00568
1125.25157,0.00553
1124.28735,0.00508
1123.32312,0.00467
1122.35890,0.00426
1121.39467,0.00352
1120.43044,0.00225
1119.46622,0.00089
1118.50199,0.00045
1117.53777,0.00170
1116.57354,0.00429
1115.60932,0.00665
1114.64509,0.00708
1113.68086,0.00511
1112.71664,0.00193
1111.75241,-0.00061
1110.78819,-0.00130
1109.82396,-0.00018
1108.85973,0.00194
1107.89551,0.00422
1106.93128,0.00586
1105.96706,0.00610
1105.00283,0.00459
1104.03861,0.00198
1103.07438,-0.00018
1102.11015,-0.00055
1101.14593,0.00087
1100.18170,0.00276
1099.21748,0.00373
1098.25325,0.00347
1097.28902,0.00271
1096.32480,0.00226
1095.36057,0.00224
1094.39635,0.00234
1093.43212,0.00230
1092.46790,0.00220
1091.50367,0.00207
1090.53944,0.00173
1089.57522,0.00105
1088.61099,0.00028
1087.64677,-0.00002
1086.68254,0.00047
1085.71831,0.00151
1084.75409,0.00255
1083.78986,0.00326
1082.82564,0.00382
1081.86141,0.00462
1080.89718,0.00571
1079.93296,0.00669
1078.96873,0.00711
1078.00451,0.00694
1077.04028,0.00663
1076.07606,0.00662
1075.11183,0.00684
1074.14760,0.00684
1073.18338,0.00629
1072.21915,0.00539
1071.25493,0.00469
1070.29070,0.00449
1069.32647,0.00451
1068.36225,0.00414
1067.39802,0.00306
1066.43380,0.00166
1065.46957,0.00075
1064.50535,0.00097
1063.54112,0.00223
1062.57689,0.00383
1061.61267,0.00487
1060.64844,0.00481
1059.68422,0.00371
1058.71999,0.00213
1057.75576,0.00079
1056.79154,0.00022
1055.82731,0.00051
1054.86309,0.00125
1053.89886,0.00179
1052.93463,0.00167
1051.97041,0.00103
1051.00618,0.00051
1050.04196,0.00075
1049.07773,0.00178
1048.11351,0.00287
1047.14928,0.00328
1046.18505,0.00298
1045.22083,0.00281
1044.25660,0.00366
1043.29238,0.00555
1042.32815,0.00743
1041.36392,0.00813
1040.39970,0.00730
1039.43547,0.00564
1038.47125,0.00419
1037.50702,0.00339
1036.54280,0.00296
1035.57857,0.00240
1034.61434,0.00161
1033.65012,0.00101
1032.68589,0.00110
1031.72167,0.00199
1030.75744,0.00331
1029.79321,0.00447
1028.82899,0.00509
1027.86476,0.00517
1026.90054,0.00500
1025.93631,0.00484
1024.97209,0.00476
1024.00786,0.00463
1023.04363,0.00436
1022.07941,0.00400
1021.11518,0.00369
1020.15096,0.00355
1019.18673,0.00362
1018.22250,0.00382
1017.25828,0.00398
1016.29405,0.00386
1015.32983,0.00325
1014.36560,0.00220
1013.40137,0.00104
1012.43715,0.00025
1011.47292,0.00013
1010.50870,0.00066
1009.54447,0.00159
1008.58025,0.00262
1007.61602,0.00340
1006.65179,0.00360
1005.68757,0.00308
1004.72334,0.00215
1003.75912,0.00142
1002.79489,0.00133
1001.83066,0.00169
1000.86644,0.00199
999.90221,0.00194
998.93799,0.00178
997.97376,0.00186
997.00954,0.00217
996.04531,0.00239
995.08108,0.00253
994.11686,0.00309
993.15263,0.00444
992.18841,0.00608
991.22418,0.00675
990.25995,0.00556
989.29573,0.00290
988.33150,0.00020
987.36728,-0.00122
986.40305,-0.00112
985.43882,-0.00020
984.47460,0.00063
983.51037,0.00077
982.54615,0.00001
981.58192,-0.00143
980.61770,-0.00283
979.65347,-0.00326
978.68924,-0.00224
977.72502,-0.00029
976.76079,0.00125
975.79657,0.00125
974.83234,-0.00014
973.86811,-0.00141
972.90389,-0.00088
971.93966,0.00192
970.97544,0.00561
970.01121,0.00788
969.04699,0.00724
968.08276,0.00409
967.11853,0.00040
966.15431,-0.00176
965.19008,-0.00172
964.22586,-0.00037
963.26163,0.00078
962.29740,0.00085
961.33318,-0.00011
960.36895,-0.00150
959.40473,-0.00271
958.44050,-0.00334
957.47628,-0.00334
956.51205,-0.00304
955.54782,-0.00300
954.58360,-0.00357
953.61937,-0.00445
952.65515,-0.00489
951.69092,-0.00423
950.72669,-0.00243
949.76247,-0.00003
948.79824,0.00219
947.83402,0.00343
946.86979,0.00307
945.90556,0.00111
944.94134,-0.00155
943.97711,-0.00344
943.01289,-0.00366
942.04866,-0.00270
941.08444,-0.00194
940.12021,-0.00229
939.15598,-0.00339
938.19176,-0.00431
937.22753,-0.00476
936.26331,-0.00522
935.29908,-0.00595
934.33485,-0.00623
933.37063,-0.00510
932.40640,-0.00276
931.44218,-0.00082
930.47795,-0.00090
929.51373,-0.00302
928.54950,-0.00557
927.58527,-0.00673
926.62105,-0.00587
925.65682,-0.00361
924.69260,-0.00099
923.72837,0.00127
922.76414,0.00269
921.79992,0.00287
920.83569,0.00171
919.87147,-0.00021
918.90724,-0.00176
917.94302,-0.00198
916.97879,-0.00074
916.01456,0.00119
915.05034,0.00271
914.08611,0.00311
913.12189,0.00246
912.15766,0.00148
911.19343,0.00108
910.22921,0.00171
909.26498,0.00306
908.30076,0.00432
907.33653,0.00474
906.37230,0.00416
905.40808,0.00306
904.44385,0.00219
903.47963,0.00205
902.51540,0.00242
901.55118,0.00234
900.58695,0.00072
899.62272,-0.00254
898.65850,-0.00606
897.69427,-0.00763
896.73005,-0.00595
895.76582,-0.00175
894.80159,0.00264
893.83737,0.00528
892.87314,0.00599
891.90892,0.00587
890.94469,0.00556
889.98047,0.00438
889.01624,0.00123
888.05201,-0.00390
887.08779,-0.00966
886.12356,-0.01447
885.15934,-0.01768
884.19511,-0.01942
883.23088,-0.01958
882.26666,-0.01766
881.30243,-0.01374
880.33821,-0.00930
879.37398,-0.00628
878.40975,-0.00536
877.44553,-0.00543
876.48130,-0.00520
875.51708,-0.00468
874.55285,-0.00480
873.58863,-0.00563
872.62440,-0.00574
871.66017,-0.00387
870.69595,-0.00085
869.73172,0.00094
868.76750,0.00013
867.80327,-0.00197
866.83904,-0.00300
865.87482,-0.00247
864.91059,-0.00245
863.94637,-0.00515
862.98214,-0.01013
862.01792,-0.01436
861.05369,-0.01506
860.08946,-0.01214
859.12524,-0.00773
858.16101,-0.00392
857.19679,-0.00130
856.23256,0.00049
855.26833,0.00187
854.30411,0.00311
853.33988,0.00460
852.37566,0.00635
851.41143,0.00733
850.44721,0.00573
849.48298,0.00079
848.51875,-0.00552
847.55453,-0.00933
846.59030,-0.00784
845.62608,-0.00176
844.66185,0.00521
843.69762,0.00945
842.73340,0.01004
841.76917,0.00860
840.80495,0.00690
839.84072,0.00528
838.87649,0.00319
837.91227,0.00060
836.94804,-0.00161
835.98382,-0.00260
835.01959,-0.00259
834.05537,-0.00244
833.09114,-0.00260
832.12691,-0.00281
831.16269,-0.00294
830.19846,-0.00344
829.23424,-0.00472
828.27001,-0.00611
827.30578,-0.00618
826.34156,-0.00441
825.37733,-0.00227
824.41311,-0.00216
823.44888,-0.00501
822.48466,-0.00909
821.52043,-0.01125
820.55620,-0.00961
819.59198,-0.00530
818.62775,-0.00162
817.66353,-0.00158
816.69930,-0.00535
815.73507,-0.00967
814.77085,-0.01007
813.80662,-0.00457
812.84240,0.00427
811.87817,0.01100
810.91395,0.01176
809.94972,0.00718
808.98549,0.00117
808.02127,-0.00284
807.05704,-0.00427
806.09282,-0.00445
805.12859,-0.00433
804.16436,-0.00366
803.20014,-0.00198
802.23591,0.00033
801.27169,0.00253
800.30746,0.00418
799.34323,0.00492
798.37901,0.00396
797.41478,0.00075
796.45056,-0.00365
795.48633,-0.00636
794.52211,-0.00504
793.55788,-0.00032
792.59365,0.00444
791.62943,0.00603
790.66520,0.00387
789.70098,-0.00013
788.73675,-0.00380
787.77252,-0.00619
786.80830,-0.00723
785.84407,-0.00691
784.87985,-0.00535
783.91562,-0.00321
782.95140,-0.00152
781.98717,-0.00092
781.02294,-0.00135
780.05872,-0.00257
779.09449,-0.00438
778.13027,-0.00622
777.16604,-0.00684
776.20181,-0.00515
775.23759,-0.00163
774.27336,0.00161
773.30914,0.00235
772.34491,0.00019
771.38068,-0.00335
770.41646,-0.00624
769.45223,-0.00739
768.48801,-0.00678
767.52378,-0.00477
766.55956,-0.00169
765.59533,0.00180
764.63110,0.00453
763.66688,0.00548
762.70265,0.00482
761.73843,0.00397
760.77420,0.00409
759.80997,0.00477
758.84575,0.00433
757.88152,0.00162
756.91730,-0.00251
755.95307,-0.00565
754.98885,-0.00597
754.02462,-0.00378
753.06039,-0.00081
752.09617,0.00167
751.13194,0.00383
750.16772,0.00635
749.20349,0.00891
748.23926,0.01011
747.27504,0.00892
746.31081,0.00581
745.34659,0.00216
744.38236,-0.00106
743.41814,-0.00369
742.45391,-0.00568
741.48968,-0.00661
740.52546,-0.00622
739.56123,-0.00511
738.59701,-0.00436
737.63278,-0.00447
736.66855,-0.00490
735.70433,-0.00493
734.74010,-0.00451
733.77588,-0.00413
732.81165,-0.00406
731.84742,-0.00413
730.88320,-0.00408
729.91897,-0.00380
728.95475,-0.00297
727.99052,-0.00105
727.02630,0.00183
726.06207,0.00423
725.09784,0.00426
724.13362,0.00145
723.16939,-0.00246
722.20517,-0.00481
721.24094,-0.00422
720.27671,-0.00149
719.31249,0.00165
718.34826,0.00392
717.38404,0.00482
716.41981,0.00442
715.45559,0.00322
714.49136,0.00207
713.52713,0.00155
712.56291,0.00141
711.59868,0.00083
710.63446,-0.00054
709.67023,-0.00208
708.70600,-0.00285
707.74178,-0.00258
706.77755,-0.00175
705.81333,-0.00082
704.84910,0.00033
703.88487,0.00196
702.92065,0.00385
701.95642,0.00543
700.99220,0.00651
700.02797,0.00760
699.06375,0.00922
698.09952,0.01117
697.13529,0.01252
696.17107,0.01244
695.20684,0.01095
694.24262,0.00875
693.27839,0.00650
692.31416,0.00437
691.34994,0.00213
690.38571,-0.00052
689.42149,-0.00340
688.45726,-0.00562
687.49304,-0.00586
686.52881,-0.00338
685.56458,0.00091
684.60036,0.00477
683.63613,0.00630
682.67191,0.00541
681.70768,0.00359
680.74345,0.00236
679.77923,0.00203
678.81500,0.00209
677.85078,0.00237
676.88655,0.00329
675.92233,0.00488
674.95810,0.00618
673.99387,0.00595
673.02965,0.00394
672.06542,0.00124
671.10120,-0.00058
670.13697,-0.00064
669.17274,0.00090
668.20852,0.00292
667.24429,0.00366
666.28007,0.00179
665.31584,-0.00228
664.35161,-0.00629
663.38739,-0.00757
662.42316,-0.00494
661.45894,0.00002
660.49471,0.00414
659.53049,0.00545
658.56626,0.00483
657.60203,0.00463
656.63781,0.00601
655.67358,0.00762
654.70936,0.00714
653.74513,0.00384
652.78090,-0.00061
651.81668,-0.00375
650.85245,-0.00457
649.88823,-0.00396
648.92400,-0.00317
647.95978,-0.00256
646.99555,-0.00168
646.03132,-0.00051
645.06710,0.00025
644.10287,-0.00010
643.13865,-0.00121
642.17442,-0.00173
641.21019,-0.00035
640.24597,0.00318
639.28174,0.00775
638.31752,0.01139
637.35329,0.01232
636.38907,0.00990
635.42484,0.00525
634.46061,0.00113
633.49639,0.00030
632.53216,0.00342
631.56794,0.00837
630.60371,0.01200
629.63948,0.01259
628.67526,0.01057
627.71103,0.00744
626.74681,0.00457
625.78258,0.00305
624.81835,0.00362
623.85413,0.00592
622.88990,0.00771
621.92568,0.00604
620.96145,-0.00011
619.99723,-0.00825
619.03300,-0.01368
618.06877,-0.01315
617.10455,-0.00699
616.14032,0.00153
615.17610,0.00841
614.21187,0.01100
613.24764,0.00885
612.28342,0.00316
611.31919,-0.00417
610.35497,-0.01132
609.39074,-0.01691
608.42652,-0.01971
607.46229,-0.01851
606.49806,-0.01311
605.53384,-0.00603
604.56961,-0.00209
603.60539,-0.00454
602.64116,-0.01144
601.67693,-0.01721
600.71271,-0.01826
599.74848,-0.01626
598.78426,-0.01496
597.82003,-0.01528
596.85580,-0.01493
595.89158,-0.01258
594.92735,-0.01109
593.96313,-0.01432
592.99890,-0.02142
592.03468,-0.02650
591.07045,-0.02460
590.10622,-0.01710
589.14200,-0.00979
588.17777,-0.00640
587.21355,-0.00582
586.24932,-0.00497
585.28509,-0.00313
584.32087,-0.00261
583.35664,-0.00591
582.39242,-0.01295
581.42819,-0.02074
580.46397,-0.02514
579.49974,-0.02376
578.53551,-0.01732
577.57129,-0.00893
576.60706,-0.00143
575.64284,0.00466
574.67861,0.01124
573.71438,0.01943
572.75016,0.02706
571.78593,0.03032
570.82171,0.02863
569.85748,0.02557
568.89326,0.02348
567.92903,0.01886
566.96480,0.00525
566.00058,-0.01785
565.03635,-0.04097
564.07213,-0.05183
563.10790,-0.04602
562.14367,-0.02930
561.17945,-0.01117
560.21522,0.00142
559.25100,0.00687
558.28677,0.00858
557.32254,0.01204
556.35832,0.02124
555.39409,0.03461
554.42987,0.04515
553.46564,0.04416
552.50142,0.03455
551.53719,0.02935
550.57296,0.03621
549.60874,0.05109
548.64451,0.05982
547.68029,0.05141
546.71606,0.02695
545.75183,-0.00417
544.78761,-0.02784
543.82338,-0.02376
542.85916,0.02682
541.89493,0.11000
540.93071,0.17133
539.96648,0.17531
539.00225,0.14028
538.03803,0.12809
537.07380,0.17876
536.10958,0.26150
535.14535,0.30858
534.18112,0.27286
533.21690,0.19211
532.25267,0.12439
531.28845,0.10226
530.32422,0.13302
529.36000,0.21503
528.39577,0.33726
527.43154,0.46757
526.46732,0.44695
525.50309,0.27141
524.53887,0.12094
523.57464,0.11207
522.61041,0.18555
521.64619,0.27998
520.68196,0.34788
519.71774,0.38864
518.75351,0.41149
517.78928,0.43525
516.82506,0.46953
515.86083,0.50863
514.89661,0.38973
513.93238,0.22448
512.96816,0.11057
512.00393,0.09256
511.03970,0.13324
510.07548,0.21350
509.11125,0.29305
508.14703,0.32091
507.18280,0.31461
506.21857,0.33660
505.25435,0.40858
504.29012,0.49378
503.32590,0.55627
502.36167,0.56009
501.39745,0.51976
500.43322,0.46628
499.46899,0.35360
498.50477,0.26803
497.54054,0.22888
496.57632,0.15244
495.61209,0.07679
494.64786,0.01286
493.68364,-0.01887
492.71941,0.01731
491.75519,0.10770
490.79096,0.20160
489.82673,0.27782
488.86251,0.36080
487.89828,0.48176
486.93406,0.67684
485.96983,0.96097
485.00561,1.29156
484.04138,0.94062
483.07715,0.53711
482.11293,0.29008
481.14870,0.13557
480.18448,0.09029
479.22025,0.14397
478.25602,0.26884
477.29180,0.46712
476.32757,0.72719
475.36335,1.00027
474.39912,0.96001
473.43490,0.67177
472.47067,0.33963
471.50644,0.10446
470.54222,-0.00145
469.57799,0.04843
468.61377,0.29237
467.64954,0.60318
466.68531,0.54450
465.72109,0.37542
464.75686,0.26298
463.79264,0.23955
462.82841,0.30016
461.86419,0.43211
460.89996,0.52720
459.93573,0.44823
458.97151,0.28723
458.00728,0.19103
457.04306,0.17832
456.07883,0.18571
455.11460,0.17736
454.15038,0.16320
453.18615,0.16076
452.22193,0.25032
451.25770,0.49202
450.29347,0.75457
449.32925,0.86371
448.36502,0.76635
447.40080,0.53836
446.43657,0.24707
445.47235,0.01323
444.50812,-0.04800
443.54389,0.09298
442.57967,0.33095
441.61544,0.47306
440.65122,0.44583
439.68699,0.28946
438.72276,0.12347
437.75854,0.01649
436.79431,-0.01199
435.83009,0.03966
434.86586,0.20307
433.90164,0.43649
432.93741,0.72779
431.97318,0.94634
431.00896,0.80520
430.04473,0.42561
429.08051,-0.00447
428.11628,-0.43431
427.15205,-0.69448
426.18783,-0.61009
425.22360,-0.41850
424.25938,-0.25313
423.29515,-0.12235
422.33092,0.01034
421.36670,0.14520
420.40247,0.28863
419.43825,0.43977
418.47402,0.50874
417.50980,0.35137
416.54557,0.07551
415.58134,-0.11477
414.61712,-0.17135
413.65289,-0.16909
412.68867,-0.18629
411.72444,-0.26629
410.76021,-0.41455
409.79599,-0.54283
408.83176,-0.54257
407.86754,-0.44893
406.90331,-0.30726
405.93909,-0.14296
404.97486,0.00268
404.01063,0.06994
403.04641,0.03165
402.08218,-0.11056
401.11796,-0.30057
400.15373,-0.43705
399.18950,-0.42985
398.22528,-0.26297
397.26105,0.02137
396.29683,0.43763
395.33260,0.88206
394.36838,0.70448
393.40415,0.45946
392.43992,0.45904
391.47570,0.57712
390.51147,0.65868
389.54725,0.53532
388.58302,0.32550
387.61879,0.10430
386.65457,-0.06061
385.69034,-0.17844
384.72612,-0.19705
383.76189,-0.06101
382.79766,0.22337
381.83344,0.78575
380.86921,6.00000
379.90499,6.00000
378.94076,6.00000
377.97654,1.40803
377.01231,0.52907
376.04808,0.33135
375.08386,0.26700
374.11963,0.25447
373.15541,0.25423
372.19118,0.27460
371.22695,0.37167
370.26273,0.52825
369.29850,0.61878
368.33428,0.56517
367.37005,0.39335
366.40583,0.17098
365.44160,-0.06882
364.47737,-0.29296
363.51315,-0.39556
362.54892,-0.36116
361.58470,-0.42329
360.62047,-0.40914
359.65624,-0.29730
358.69202,-0.13559
357.72779,0.03564
356.76357,0.25238
355.79934,0.52135
354.83512,0.82072
353.87089,1.07680
352.90666,0.91841
351.94244,0.63308
350.97821,0.43866
350.01399,0.35490
349.04976,0.35981
