3946.57643,0.00060
3945.61220,-0.00019
3944.64798,-0.00091
3943.68375,-0.00106
3942.71953,-0.00068
3941.75530,-0.00029
3940.79107,-0.00023
3939.82685,-0.00037
3938.86262,-0.00031
3937.89840,-0.00001
3936.93417,0.00015
3935.96994,-0.00007
3935.00572,-0.00043
3934.04149,-0.00048
3933.07727,-0.00017
3932.11304,0.00007
3931.14882,-0.00010
3930.18459,-0.00052
3929.22036,-0.00074
3928.25614,-0.00059
3927.29191,-0.00032
3926.32769,-0.00020
3925.36346,-0.00026
3924.39923,-0.00037
3923.43501,-0.00061
3922.47078,-0.00114
3921.50656,-0.00180
3920.54233,-0.00211
3919.57811,-0.00174
3918.61388,-0.00089
3917.64965,-0.00014
3916.68543,0.00008
3915.72120,-0.00019
3914.75698,-0.00073
3913.79275,-0.00140
3912.82852,-0.00205
3911.86430,-0.00237
3910.90007,-0.00196
3909.93585,-0.00076
3908.97162,0.00073
3908.00739,0.00180
3907.04317,0.00211
3906.07894,0.00188
3905.11472,0.00167
3904.15049,0.00175
3903.18627,0.00193
3902.22204,0.00173
3901.25781,0.00090
3900.29359,-0.00029
3899.32936,-0.00121
3898.36514,-0.00144
3897.40091,-0.00108
3896.43668,-0.00064
3895.47246,-0.00049
3894.50823,-0.00054
3893.54401,-0.00049
3892.57978,-0.00022
3891.61556,-0.00003
3890.65133,-0.00027
3889.68710,-0.00095
3888.72288,-0.00171
3887.75865,-0.00211
3886.79443,-0.00198
3885.83020,-0.00147
3884.86597,-0.00085
3883.90175,-0.00036
3882.93752,-0.00014
3881.97330,-0.00022
3881.00907,-0.00051
3880.04485,-0.00087
3879.08062,-0.00117
3878.11639,-0.00133
3877.15217,-0.00131
3876.18794,-0.00111
3875.22372,-0.00084
3874.25949,-0.00071
3873.29526,-0.00089
3872.33104,-0.00128
3871.36681,-0.00162
3870.40259,-0.00169
3869.43836,-0.00152
3868.47413,-0.00135
3867.50991,-0.00129
3866.54568,-0.00127
3865.58146,-0.00111
3864.61723,-0.00074
3863.65301,-0.00031
3862.68878,-0.00002
3861.72455,-0.00007
3860.76033,-0.00049
3859.79610,-0.00111
3858.83188,-0.00166
3857.86765,-0.00182
3856.90342,-0.00152
3855.93920,-0.00092
3854.97497,-0.00033
3854.01075,-0.00002
3853.04652,-0.00001
3852.08230,-0.00024
3851.11807,-0.00068
3850.15384,-0.00131
3849.18962,-0.00206
3848.22539,-0.00271
3847.26117,-0.00298
3846.29694,-0.00272
3845.33271,-0.00201
3844.36849,-0.00114
3843.40426,-0.00041
3842.44004,0.00003
3841.47581,0.00026
3840.51159,0.00043
3839.54736,0.00052
3838.58313,0.00040
3837.61891,-0.00004
3836.65468,-0.00072
3835.69046,-0.00141
3834.72623,-0.00195
3833.76200,-0.00233
3832.79778,-0.00254
3831.83355,-0.00246
3830.86933,-0.00198
3829.90510,-0.00121
3828.94087,-0.00045
3827.97665,0.00005
3827.01242,0.00026
3826.04820,0.00032
3825.08397,0.00033
3824.11975,0.00026
3823.15552,0.00011
3822.19129,-0.00007
3821.22707,-0.00027
3820.26284,-0.00061
3819.29862,-0.00124
3818.33439,-0.00205
3817.37016,-0.00268
3816.40594,-0.00283
3815.44171,-0.00249
3814.47749,-0.00197
3813.51326,-0.00158
3812.54904,-0.00141
3811.58481,-0.00147
3810.62058,-0.00177
3809.65636,-0.00225
3808.69213,-0.00262
3807.72791,-0.00254
3806.76368,-0.00191
3805.79945,-0.00101
3804.83523,-0.00035
3803.87100,-0.00016
3802.90678,-0.00034
3801.94255,-0.00058
3800.97832,-0.00067
3800.01410,-0.00055
3799.04987,-0.00030
3798.08565,0.00001
3797.12142,0.00028
3796.15720,0.00047
3795.19297,0.00055
3794.22874,0.00061
3793.26452,0.00072
3792.30029,0.00087
3791.33607,0.00102
3790.37184,0.00106
3789.40761,0.00094
3788.44339,0.00063
3787.47916,0.00016
3786.51494,-0.00035
3785.55071,-0.00076
3784.58649,-0.00094
3783.62226,-0.00096
3782.65803,-0.00091
3781.69381,-0.00087
3780.72958,-0.00076
3779.76536,-0.00051
3778.80113,-0.00012
3777.83690,0.00025
3776.87268,0.00047
3775.90845,0.00053
3774.94423,0.00054
3773.98000,0.00059
3773.01578,0.00065
3772.05155,0.00056
3771.08732,0.00024
3770.12310,-0.00029
3769.15887,-0.00088
3768.19465,-0.00129
3767.23042,-0.00135
3766.26619,-0.00101
3765.30197,-0.00042
3764.33774,0.00018
3763.37352,0.00057
3762.40929,0.00064
3761.44506,0.00044
3760.48084,0.00011
3759.51661,-0.00020
3758.55239,-0.00041
3757.58816,-0.00051
3756.62394,-0.00056
3755.65971,-0.00064
3754.69548,-0.00078
3753.73126,-0.00100
3752.76703,-0.00122
3751.80281,-0.00132
3750.83858,-0.00119
3749.87435,-0.00081
3748.91013,-0.00033
3747.94590,0.00003
3746.98168,0.00008
3746.01745,-0.00015
3745.05323,-0.00049
3744.08900,-0.00075
3743.12477,-0.00087
3742.16055,-0.00085
3741.19632,-0.00074
3740.23210,-0.00052
3739.26787,-0.00019
3738.30364,0.00015
3737.33942,0.00033
3736.37519,0.00030
3735.41097,0.00021
3734.44674,0.00027
3733.48251,0.00055
3732.51829,0.00084
3731.55406,0.00086
3730.58984,0.00051
3729.62561,-0.00003
3728.66139,-0.00040
3727.69716,-0.00038
3726.73293,0.00000
3725.76871,0.00052
3724.80448,0.00091
3723.84026,0.00100
3722.87603,0.00081
3721.91180,0.00047
3720.94758,0.00016
3719.98335,-0.00002
3719.01913,-0.00010
3718.05490,-0.00024
3717.09068,-0.00056
3716.12645,-0.00098
3715.16222,-0.00128
3714.19800,-0.00123
3713.23377,-0.00077
3712.26955,-0.00007
3711.30532,0.00063
3710.34109,0.00111
3709.37687,0.00122
3708.41264,0.00094
3707.44842,0.00037
3706.48419,-0.00020
3705.51997,-0.00045
3704.55574,-0.00021
3703.59151,0.00036
3702.62729,0.00091
3701.66306,0.00111
3700.69884,0.00094
3699.73461,0.00061
3698.77038,0.00039
3697.80616,0.00035
3696.84193,0.00039
3695.87771,0.00041
3694.91348,0.00038
3693.94925,0.00032
3692.98503,0.00023
3692.02080,0.00011
3691.05658,-0.00001
3690.09235,0.00001
3689.12813,0.00029
3688.16390,0.00079
3687.19967,0.00130
3686.23545,0.00163
3685.27122,0.00181
3684.30700,0.00203
3683.34277,0.00244
3682.37854,0.00292
3681.41432,0.00324
3680.45009,0.00328
3679.48587,0.00312
3678.52164,0.00295
3677.55742,0.00289
3676.59319,0.00290
3675.62896,0.00298
3674.66474,0.00319
3673.70051,0.00359
3672.73629,0.00403
3671.77206,0.00426
3670.80783,0.00416
3669.84361,0.00388
3668.87938,0.00377
3667.91516,0.00395
3666.95093,0.00423
3665.98671,0.00429
3665.02248,0.00402
3664.05825,0.00364
3663.09403,0.00341
3662.12980,0.00338
3661.16558,0.00344
3660.20135,0.00358
3659.23712,0.00401
3658.27290,0.00490
3657.30867,0.00607
3656.34445,0.00697
3655.38022,0.00716
3654.41599,0.00667
3653.45177,0.00596
3652.48754,0.00551
3651.52332,0.00545
3650.55909,0.00573
3649.59487,0.00622
3648.63064,0.00678
3647.66641,0.00722
3646.70219,0.00733
3645.73796,0.00713
3644.77374,0.00692
3643.80951,0.00698
3642.84528,0.00733
3641.88106,0.00764
3640.91683,0.00767
3639.95261,0.00748
3638.98838,0.00734
3638.02416,0.00736
3637.05993,0.00742
3636.09570,0.00736
3635.13148,0.00721
3634.16725,0.00713
3633.20303,0.00721
3632.23880,0.00744
3631.27457,0.00779
3630.31035,0.00825
3629.34612,0.00872
3628.38190,0.00896
3627.41767,0.00876
3626.45344,0.00824
3625.48922,0.00780
3624.52499,0.00776
3623.56077,0.00812
3622.59654,0.00865
3621.63232,0.00917
3620.66809,0.00972
3619.70386,0.01033
3618.73964,0.01091
3617.77541,0.01122
3616.81119,0.01111
3615.84696,0.01068
3614.88273,0.01017
3613.91851,0.00986
3612.95428,0.00986
3611.99006,0.01007
3611.02583,0.01025
3610.06161,0.01015
3609.09738,0.00973
3608.13315,0.00917
3607.16893,0.00873
3606.20470,0.00856
3605.24048,0.00869
3604.27625,0.00907
3603.31202,0.00959
3602.34780,0.01011
3601.38357,0.01039
3600.41935,0.01036
3599.45512,0.01013
3598.49090,0.00989
3597.52667,0.00968
3596.56244,0.00940
3595.59822,0.00903
3594.63399,0.00889
3593.66977,0.00937
3592.70554,0.01050
3591.74131,0.01176
3590.77709,0.01252
3589.81286,0.01254
3588.84864,0.01212
3587.88441,0.01174
3586.92018,0.01165
3585.95596,0.01179
3584.99173,0.01201
3584.02751,0.01223
3583.06328,0.01243
3582.09906,0.01258
3581.13483,0.01265
3580.17060,0.01260
3579.20638,0.01237
3578.24215,0.01190
3577.27793,0.01120
3576.31370,0.01048
3575.34947,0.01004
3574.38525,0.01006
3573.42102,0.01044
3572.45680,0.01093
3571.49257,0.01133
3570.52835,0.01162
3569.56412,0.01188
3568.59989,0.01213
3567.63567,0.01232
3566.67144,0.01241
3565.70722,0.01249
3564.74299,0.01267
3563.77876,0.01304
3562.81454,0.01355
3561.85031,0.01402
3560.88609,0.01427
3559.92186,0.01417
3558.95764,0.01375
3557.99341,0.01315
3557.02918,0.01258
3556.06496,0.01217
3555.10073,0.01196
3554.13651,0.01190
3553.17228,0.01189
3552.20805,0.01189
3551.24383,0.01196
3550.27960,0.01214
3549.31538,0.01235
3548.35115,0.01245
3547.38692,0.01238
3546.42270,0.01218
3545.45847,0.01199
3544.49425,0.01182
3543.53002,0.01161
3542.56580,0.01139
3541.60157,0.01137
3540.63734,0.01177
3539.67312,0.01253
3538.70889,0.01331
3537.74467,0.01388
3536.78044,0.01433
3535.81621,0.01493
3534.85199,0.01571
3533.88776,0.01632
3532.92354,0.01632
3531.95931,0.01567
3530.99509,0.01474
3530.03086,0.01395
3529.06663,0.01348
3528.10241,0.01328
3527.13818,0.01321
3526.17396,0.01317
3525.20973,0.01313
3524.24550,0.01307
3523.28128,0.01300
3522.31705,0.01303
3521.35283,0.01320
3520.38860,0.01344
3519.42437,0.01362
3518.46015,0.01369
3517.49592,0.01362
3516.53170,0.01344
3515.56747,0.01318
3514.60325,0.01298
3513.63902,0.01302
3512.67479,0.01335
3511.71057,0.01385
3510.74634,0.01430
3509.78212,0.01462
3508.81789,0.01483
3507.85366,0.01489
3506.88944,0.01472
3505.92521,0.01436
3504.96099,0.01413
3503.99676,0.01432
3503.03254,0.01485
3502.06831,0.01530
3501.10408,0.01527
3500.13986,0.01493
3499.17563,0.01476
3498.21141,0.01511
3497.24718,0.01578
3496.28295,0.01625
3495.31873,0.01616
3494.35450,0.01556
3493.39028,0.01484
3492.42605,0.01438
3491.46183,0.01435
3490.49760,0.01466
3489.53337,0.01509
3488.56915,0.01540
3487.60492,0.01545
3486.64070,0.01528
3485.67647,0.01504
3484.71224,0.01490
3483.74802,0.01500
3482.78379,0.01540
3481.81957,0.01600
3480.85534,0.01651
3479.89111,0.01664
3478.92689,0.01632
3477.96266,0.01580
3476.99844,0.01540
3476.03421,0.01516
3475.06999,0.01489
3474.10576,0.01453
3473.14153,0.01430
3472.17731,0.01454
3471.21308,0.01532
3470.24886,0.01628
3469.28463,0.01699
3468.32040,0.01727
3467.35618,0.01726
3466.39195,0.01723
3465.42773,0.01736
3464.46350,0.01770
3463.49928,0.01813
3462.53505,0.01842
3461.57082,0.01839
3460.60660,0.01806
3459.64237,0.01770
3458.67815,0.01761
3457.71392,0.01790
3456.74969,0.01843
3455.78547,0.01896
3454.82124,0.01923
3453.85702,0.01901
3452.89279,0.01823
3451.92856,0.01714
3450.96434,0.01633
3450.00011,0.01627
3449.03589,0.01689
3448.07166,0.01753
3447.10744,0.01753
3446.14321,0.01677
3445.17898,0.01575
3444.21476,0.01508
3443.25053,0.01501
3442.28631,0.01545
3441.32208,0.01612
3440.35785,0.01673
3439.39363,0.01707
3438.42940,0.01703
3437.46518,0.01667
3436.50095,0.01617
3435.53673,0.01575
3434.57250,0.01557
3433.60827,0.01577
3432.64405,0.01648
3431.67982,0.01760
3430.71560,0.01868
3429.75137,0.01922
3428.78714,0.01900
3427.82292,0.01833
3426.85869,0.01774
3425.89447,0.01756
3424.93024,0.01771
3423.96602,0.01791
3423.00179,0.01796
3422.03756,0.01781
3421.07334,0.01751
3420.10911,0.01720
3419.14489,0.01703
3418.18066,0.01709
3417.21643,0.01725
3416.25221,0.01736
3415.28798,0.01737
3414.32376,0.01743
3413.35953,0.01761
3412.39530,0.01773
3411.43108,0.01754
3410.46685,0.01708
3409.50263,0.01674
3408.53840,0.01685
3407.57418,0.01733
3406.60995,0.01782
3405.64572,0.01817
3404.68150,0.01851
3403.71727,0.01898
3402.75305,0.01940
3401.78882,0.01943
3400.82459,0.01900
3399.86037,0.01847
3398.89614,0.01832
3397.93192,0.01865
3396.96769,0.01923
3396.00347,0.01976
3395.03924,0.02018
3394.07501,0.02055
3393.11079,0.02073
3392.14656,0.02049
3391.18234,0.01979
3390.21811,0.01889
3389.25388,0.01824
3388.28966,0.01811
3387.32543,0.01838
3386.36121,0.01876
3385.39698,0.01901
3384.43276,0.01904
3383.46853,0.01880
3382.50430,0.01830
3381.54008,0.01762
3380.57585,0.01700
3379.61163,0.01671
3378.64740,0.01686
3377.68317,0.01728
3376.71895,0.01770
3375.75472,0.01788
3374.79050,0.01780
3373.82627,0.01748
3372.86204,0.01695
3371.89782,0.01634
3370.93359,0.01589
3369.96937,0.01582
3369.00514,0.01610
3368.04092,0.01645
3367.07669,0.01654
3366.11246,0.01641
3365.14824,0.01639
3364.18401,0.01673
3363.21979,0.01734
3362.25556,0.01794
3361.29133,0.01834
3360.32711,0.01857
3359.36288,0.01870
3358.39866,0.01866
3357.43443,0.01833
3356.47021,0.01778
3355.50598,0.01733
3354.54175,0.01724
3353.57753,0.01752
3352.61330,0.01796
3351.64908,0.01834
3350.68485,0.01856
3349.72062,0.01856
3348.75640,0.01827
3347.79217,0.01773
3346.82795,0.01720
3345.86372,0.01694
3344.89949,0.01703
3343.93527,0.01729
3342.97104,0.01755
3342.00682,0.01779
3341.04259,0.01812
3340.07837,0.01840
3339.11414,0.01835
3338.14991,0.01773
3337.18569,0.01678
3336.22146,0.01605
3335.25724,0.01599
3334.29301,0.01656
3333.32878,0.01731
3332.36456,0.01777
3331.40033,0.01781
3330.43611,0.01758
3329.47188,0.01736
3328.50766,0.01733
3327.54343,0.01750
3326.57920,0.01770
3325.61498,0.01770
3324.65075,0.01737
3323.68653,0.01685
3322.72230,0.01645
3321.75807,0.01648
3320.79385,0.01697
3319.82962,0.01763
3318.86540,0.01814
3317.90117,0.01841
3316.93695,0.01860
3315.97272,0.01891
3315.00849,0.01929
3314.04427,0.01953
3313.08004,0.01948
3312.11582,0.01918
3311.15159,0.01888
3310.18736,0.01877
3309.22314,0.01889
3308.25891,0.01913
3307.29469,0.01939
3306.33046,0.01960
3305.36623,0.01974
3304.40201,0.01982
3303.43778,0.01981
3302.47356,0.01972
3301.50933,0.01957
3300.54511,0.01931
3299.58088,0.01882
3298.61665,0.01805
3297.65243,0.01711
3296.68820,0.01637
3295.72398,0.01620
3294.75975,0.01665
3293.79552,0.01736
3292.83130,0.01778
3291.86707,0.01763
3290.90285,0.01712
3289.93862,0.01673
3288.97440,0.01675
3288.01017,0.01710
3287.04594,0.01752
3286.08172,0.01788
3285.11749,0.01826
3284.15327,0.01872
3283.18904,0.01914
3282.22481,0.01927
3281.26059,0.01903
3280.29636,0.01858
3279.33214,0.01814
3278.36791,0.01781
3277.40369,0.01749
3276.43946,0.01707
3275.47523,0.01657
3274.51101,0.01616
3273.54678,0.01601
3272.58256,0.01611
3271.61833,0.01633
3270.65410,0.01652
3269.68988,0.01666
3268.72565,0.01680
3267.76143,0.01700
3266.79720,0.01720
3265.83297,0.01728
3264.86875,0.01721
3263.90452,0.01710
3262.94030,0.01708
3261.97607,0.01714
3261.01185,0.01716
3260.04762,0.01709
3259.08339,0.01701
3258.11917,0.01705
3257.15494,0.01716
3256.19072,0.01722
3255.22649,0.01716
3254.26226,0.01707
3253.29804,0.01708
3252.33381,0.01716
3251.36959,0.01716
3250.40536,0.01702
3249.44114,0.01684
3248.47691,0.01678
3247.51268,0.01689
3246.54846,0.01707
3245.58423,0.01715
3244.62001,0.01706
3243.65578,0.01684
3242.69155,0.01657
3241.72733,0.01639
3240.76310,0.01635
3239.79888,0.01639
3238.83465,0.01638
3237.87042,0.01623
3236.90620,0.01605
3235.94197,0.01605
3234.97775,0.01625
3234.01352,0.01645
3233.04930,0.01641
3232.08507,0.01617
3231.12084,0.01599
3230.15662,0.01608
3229.19239,0.01632
3228.22817,0.01641
3227.26394,0.01619
3226.29971,0.01581
3225.33549,0.01558
3224.37126,0.01564
3223.40704,0.01591
3222.44281,0.01618
3221.47859,0.01626
3220.51436,0.01613
3219.55013,0.01591
3218.58591,0.01578
3217.62168,0.01590
3216.65746,0.01624
3215.69323,0.01663
3214.72900,0.01684
3213.76478,0.01676
3212.80055,0.01636
3211.83633,0.01575
3210.87210,0.01513
3209.90788,0.01479
3208.94365,0.01491
3207.97942,0.01538
3207.01520,0.01583
3206.05097,0.01591
3205.08675,0.01558
3204.12252,0.01512
3203.15829,0.01479
3202.19407,0.01458
3201.22984,0.01427
3200.26562,0.01376
3199.30139,0.01327
3198.33716,0.01311
3197.37294,0.01344
3196.40871,0.01411
3195.44449,0.01482
3194.48026,0.01532
3193.51604,0.01559
3192.55181,0.01571
3191.58758,0.01578
3190.62336,0.01580
3189.65913,0.01571
3188.69491,0.01551
3187.73068,0.01532
3186.76645,0.01529
3185.80223,0.01539
3184.83800,0.01539
3183.87378,0.01509
3182.90955,0.01454
3181.94533,0.01405
3180.98110,0.01385
3180.01687,0.01388
3179.05265,0.01388
3178.08842,0.01366
3177.12420,0.01329
3176.15997,0.01296
3175.19574,0.01277
3174.23152,0.01274
3173.26729,0.01288
3172.30307,0.01320
3171.33884,0.01363
3170.37461,0.01400
3169.41039,0.01415
3168.44616,0.01404
3167.48194,0.01373
3166.51771,0.01335
3165.55349,0.01299
3164.58926,0.01274
3163.62503,0.01267
3162.66081,0.01277
3161.69658,0.01295
3160.73236,0.01308
3159.76813,0.01312
3158.80390,0.01305
3157.83968,0.01285
3156.87545,0.01246
3155.91123,0.01196
3154.94700,0.01158
3153.98278,0.01159
3153.01855,0.01210
3152.05432,0.01290
3151.09010,0.01359
3150.12587,0.01386
3149.16165,0.01365
3148.19742,0.01311
3147.23319,0.01253
3146.26897,0.01213
3145.30474,0.01196
3144.34052,0.01192
3143.37629,0.01187
3142.41207,0.01179
3141.44784,0.01173
3140.48361,0.01176
3139.51939,0.01187
3138.55516,0.01199
3137.59094,0.01206
3136.62671,0.01201
3135.66248,0.01185
3134.69826,0.01166
3133.73403,0.01159
3132.76981,0.01174
3131.80558,0.01203
3130.84135,0.01217
3129.87713,0.01199
3128.91290,0.01161
3127.94868,0.01134
3126.98445,0.01132
3126.02023,0.01138
3125.05600,0.01126
3124.09177,0.01094
3123.12755,0.01066
3122.16332,0.01064
3121.19910,0.01084
3120.23487,0.01107
3119.27064,0.01121
3118.30642,0.01124
3117.34219,0.01117
3116.37797,0.01095
3115.41374,0.01060
3114.44952,0.01032
3113.48529,0.01029
3112.52106,0.01045
3111.55684,0.01055
3110.59261,0.01046
3109.62839,0.01029
3108.66416,0.01023
3107.69993,0.01031
3106.73571,0.01037
3105.77148,0.01034
3104.80726,0.01031
3103.84303,0.01034
3102.87881,0.01028
3101.91458,0.00990
3100.95035,0.00920
3099.98613,0.00848
3099.02190,0.00805
3098.05768,0.00798
3097.09345,0.00806
3096.12922,0.00813
3095.16500,0.00818
3094.20077,0.00833
3093.23655,0.00863
3092.27232,0.00907
3091.30809,0.00964
3090.34387,0.01027
3089.37964,0.01076
3088.41542,0.01090
3087.45119,0.01068
3086.48697,0.01036
3085.52274,0.01022
3084.55851,0.01025
3083.59429,0.01023
3082.63006,0.01002
3081.66584,0.00969
3080.70161,0.00938
3079.73738,0.00904
3078.77316,0.00852
3077.80893,0.00783
3076.84471,0.00729
3075.88048,0.00719
3074.91626,0.00752
3073.95203,0.00793
3072.98780,0.00813
3072.02358,0.00812
3071.05935,0.00810
3070.09513,0.00818
3069.13090,0.00829
3068.16667,0.00835
3067.20245,0.00830
3066.23822,0.00814
3065.27400,0.00787
3064.30977,0.00754
3063.34554,0.00731
3062.38132,0.00733
3061.41709,0.00758
3060.45287,0.00785
3059.48864,0.00796
3058.52442,0.00792
3057.56019,0.00791
3056.59596,0.00797
3055.63174,0.00798
3054.66751,0.00774
3053.70329,0.00724
3052.73906,0.00674
3051.77483,0.00654
3050.81061,0.00683
3049.84638,0.00753
3048.88216,0.00833
3047.91793,0.00880
3046.95371,0.00863
3045.98948,0.00793
3045.02525,0.00714
3044.06103,0.00678
3043.09680,0.00701
3042.13258,0.00754
3041.16835,0.00789
3040.20412,0.00780
3039.23990,0.00731
3038.27567,0.00671
3037.31145,0.00629
3036.34722,0.00628
3035.38300,0.00671
3034.41877,0.00737
3033.45454,0.00786
3032.49032,0.00792
3031.52609,0.00764
3030.56187,0.00738
3029.59764,0.00738
3028.63341,0.00752
3027.66919,0.00746
3026.70496,0.00706
3025.74074,0.00654
3024.77651,0.00622
3023.81228,0.00621
3022.84806,0.00633
3021.88383,0.00633
3020.91961,0.00613
3019.95538,0.00580
3018.99116,0.00550
3018.02693,0.00535
3017.06270,0.00539
3016.09848,0.00553
3015.13425,0.00562
3014.17003,0.00556
3013.20580,0.00540
3012.24157,0.00537
3011.27735,0.00558
3010.31312,0.00590
3009.34890,0.00608
3008.38467,0.00600
3007.42045,0.00579
3006.45622,0.00562
3005.49199,0.00561
3004.52777,0.00570
3003.56354,0.00584
3002.59932,0.00606
3001.63509,0.00637
3000.67086,0.00670
2999.70664,0.00691
2998.74241,0.00691
2997.77819,0.00676
2996.81396,0.00652
2995.84974,0.00625
2994.88551,0.00594
2993.92128,0.00563
2992.95706,0.00540
2991.99283,0.00533
2991.02861,0.00540
2990.06438,0.00555
2989.10015,0.00565
2988.13593,0.00566
2987.17170,0.00563
2986.20748,0.00562
2985.24325,0.00565
2984.27902,0.00562
2983.31480,0.00541
2982.35057,0.00501
2981.38635,0.00461
2980.42212,0.00448
2979.45790,0.00470
2978.49367,0.00509
2977.52944,0.00535
2976.56522,0.00534
2975.60099,0.00519
2974.63677,0.00518
2973.67254,0.00546
2972.70831,0.00588
2971.74409,0.00621
2970.77986,0.00631
2969.81564,0.00624
2968.85141,0.00610
2967.88719,0.00592
2966.92296,0.00567
2965.95873,0.00532
2964.99451,0.00497
2964.03028,0.00478
2963.06606,0.00481
2962.10183,0.00499
2961.13760,0.00520
2960.17338,0.00536
2959.20915,0.00550
2958.24493,0.00570
2957.28070,0.00600
2956.31647,0.00635
2955.35225,0.00661
2954.38802,0.00665
2953.42380,0.00641
2952.45957,0.00595
2951.49535,0.00548
2950.53112,0.00519
2949.56689,0.00507
2948.60267,0.00498
2947.63844,0.00479
2946.67422,0.00449
2945.70999,0.00425
2944.74576,0.00420
2943.78154,0.00437
2942.81731,0.00468
2941.85309,0.00505
2940.88886,0.00540
2939.92464,0.00558
2938.96041,0.00548
2937.99618,0.00509
2937.03196,0.00463
2936.06773,0.00437
2935.10351,0.00438
2934.13928,0.00452
2933.17505,0.00458
2932.21083,0.00454
2931.24660,0.00449
2930.28238,0.00449
2929.31815,0.00451
2928.35393,0.00453
2927.38970,0.00458
2926.42547,0.00469
2925.46125,0.00473
2924.49702,0.00453
2923.53280,0.00409
2922.56857,0.00366
2921.60434,0.00355
2920.64012,0.00383
2919.67589,0.00429
2918.71167,0.00465
2917.74744,0.00477
2916.78321,0.00469
2915.81899,0.00448
2914.85476,0.00416
2913.89054,0.00376
2912.92631,0.00339
2911.96209,0.00316
2910.99786,0.00312
2910.03363,0.00327
2909.06941,0.00359
2908.10518,0.00403
2907.14096,0.00445
2906.17673,0.00458
2905.21250,0.00426
2904.24828,0.00358
2903.28405,0.00290
2902.31983,0.00257
2901.35560,0.00267
2900.39138,0.00296
2899.42715,0.00314
2898.46292,0.00307
2897.49870,0.00292
2896.53447,0.00293
2895.57025,0.00324
2894.60602,0.00380
2893.64179,0.00444
2892.67757,0.00501
2891.71334,0.00540
2890.74912,0.00556
2889.78489,0.00544
2888.82066,0.00507
2887.85644,0.00455
2886.89221,0.00405
2885.92799,0.00368
2884.96376,0.00348
2883.99954,0.00336
2883.03531,0.00329
2882.07108,0.00325
2881.10686,0.00328
2880.14263,0.00341
2879.17841,0.00363
2878.21418,0.00395
2877.24995,0.00435
2876.28573,0.00476
2875.32150,0.00505
2874.35728,0.00511
2873.39305,0.00488
2872.42883,0.00442
2871.46460,0.00385
2870.50037,0.00330
2869.53615,0.00284
2868.57192,0.00250
2867.60770,0.00221
2866.64347,0.00199
2865.67924,0.00193
2864.71502,0.00217
2863.75079,0.00276
2862.78657,0.00350
2861.82234,0.00409
2860.85812,0.00431
2859.89389,0.00421
2858.92966,0.00405
2857.96544,0.00401
2857.00121,0.00405
2856.03699,0.00398
2855.07276,0.00373
2854.10853,0.00338
2853.14431,0.00313
2852.18008,0.00307
2851.21586,0.00316
2850.25163,0.00333
2849.28740,0.00351
2848.32318,0.00362
2847.35895,0.00362
2846.39473,0.00349
2845.43050,0.00327
2844.46628,0.00305
2843.50205,0.00290
2842.53782,0.00278
2841.57360,0.00268
2840.60937,0.00263
2839.64515,0.00269
2838.68092,0.00287
2837.71669,0.00309
2836.75247,0.00325
2835.78824,0.00329
2834.82402,0.00322
2833.85979,0.00306
2832.89557,0.00283
2831.93134,0.00258
2830.96711,0.00238
2830.00289,0.00231
2829.03866,0.00232
2828.07444,0.00232
2827.11021,0.00224
2826.14598,0.00218
2825.18176,0.00223
2824.21753,0.00243
2823.25331,0.00268
2822.28908,0.00285
2821.32486,0.00290
2820.36063,0.00285
2819.39640,0.00276
2818.43218,0.00266
2817.46795,0.00259
2816.50373,0.00263
2815.53950,0.00277
2814.57527,0.00291
2813.61105,0.00292
2812.64682,0.00277
2811.68260,0.00259
2810.71837,0.00255
2809.75414,0.00270
2808.78992,0.00293
2807.82569,0.00309
2806.86147,0.00313
2805.89724,0.00310
2804.93302,0.00304
2803.96879,0.00293
2803.00456,0.00270
2802.04034,0.00234
2801.07611,0.00196
2800.11189,0.00172
2799.14766,0.00176
2798.18343,0.00207
2797.21921,0.00251
2796.25498,0.00289
2795.29076,0.00309
2794.32653,0.00312
2793.36231,0.00310
2792.39808,0.00312
2791.43385,0.00316
2790.46963,0.00312
2789.50540,0.00300
2788.54118,0.00288
2787.57695,0.00284
2786.61272,0.00283
2785.64850,0.00272
2784.68427,0.00248
2783.72005,0.00229
2782.75582,0.00240
2781.79159,0.00285
2780.82737,0.00338
2779.86314,0.00361
2778.89892,0.00336
2777.93469,0.00271
2776.97047,0.00197
2776.00624,0.00135
2775.04201,0.00097
2774.07779,0.00085
2773.11356,0.00099
2772.14934,0.00132
2771.18511,0.00167
2770.22088,0.00189
2769.25666,0.00199
2768.29243,0.00207
2767.32821,0.00226
2766.36398,0.00253
2765.39976,0.00275
2764.43553,0.00278
2763.47130,0.00261
2762.50708,0.00231
2761.54285,0.00203
2760.57863,0.00193
2759.61440,0.00213
2758.65017,0.00258
2757.68595,0.00302
2756.72172,0.00321
2755.75750,0.00310
2754.79327,0.00291
2753.82905,0.00288
2752.86482,0.00304
2751.90059,0.00320
2750.93637,0.00322
2749.97214,0.00312
2749.00792,0.00298
2748.04369,0.00284
2747.07946,0.00263
2746.11524,0.00235
2745.15101,0.00216
2744.18679,0.00220
2743.22256,0.00245
2742.25833,0.00273
2741.29411,0.00293
2740.32988,0.00312
2739.36566,0.00331
2738.40143,0.00339
2737.43721,0.00319
2736.47298,0.00268
2735.50875,0.00208
2734.54453,0.00168
2733.58030,0.00159
2732.61608,0.00172
2731.65185,0.00195
2730.68762,0.00221
2729.72340,0.00248
2728.75917,0.00269
2727.79495,0.00276
2726.83072,0.00267
2725.86650,0.00252
2724.90227,0.00240
2723.93804,0.00234
2722.97382,0.00230
2722.00959,0.00220
2721.04537,0.00197
2720.08114,0.00159
2719.11691,0.00118
2718.15269,0.00094
2717.18846,0.00104
2716.22424,0.00147
2715.26001,0.00199
2714.29579,0.00236
2713.33156,0.00250
2712.36733,0.00252
2711.40311,0.00254
2710.43888,0.00258
2709.47466,0.00257
2708.51043,0.00246
2707.54620,0.00231
2706.58198,0.00220
2705.61775,0.00224
2704.65353,0.00246
2703.68930,0.00282
2702.72507,0.00319
2701.76085,0.00337
2700.79662,0.00325
2699.83240,0.00288
2698.86817,0.00249
2697.90395,0.00229
2696.93972,0.00232
2695.97549,0.00243
2695.01127,0.00244
2694.04704,0.00232
2693.08282,0.00218
2692.11859,0.00217
2691.15436,0.00229
2690.19014,0.00244
2689.22591,0.00250
2688.26169,0.00246
2687.29746,0.00241
2686.33324,0.00241
2685.36901,0.00244
2684.40478,0.00241
2683.44056,0.00233
2682.47633,0.00230
2681.51211,0.00240
2680.54788,0.00266
2679.58365,0.00299
2678.61943,0.00329
2677.65520,0.00354
2676.69098,0.00368
2675.72675,0.00364
2674.76252,0.00337
2673.79830,0.00291
2672.83407,0.00243
2671.86985,0.00212
2670.90562,0.00205
2669.94140,0.00216
2668.97717,0.00229
2668.01294,0.00234
2667.04872,0.00226
2666.08449,0.00206
2665.12027,0.00177
2664.15604,0.00146
2663.19181,0.00119
2662.22759,0.00107
2661.26336,0.00112
2660.29914,0.00131
2659.33491,0.00153
2658.37069,0.00171
2657.40646,0.00184
2656.44223,0.00201
2655.47801,0.00227
2654.51378,0.00255
2653.54956,0.00265
2652.58533,0.00246
2651.62110,0.00209
2650.65688,0.00181
2649.69265,0.00180
2648.72843,0.00199
2647.76420,0.00216
2646.79998,0.00218
2645.83575,0.00213
2644.87152,0.00215
2643.90730,0.00231
2642.94307,0.00248
2641.97885,0.00251
2641.01462,0.00234
2640.05039,0.00209
2639.08617,0.00193
2638.12194,0.00193
2637.15772,0.00206
2636.19349,0.00220
2635.22926,0.00230
2634.26504,0.00236
2633.30081,0.00238
2632.33659,0.00234
2631.37236,0.00218
2630.40814,0.00193
2629.44391,0.00171
2628.47968,0.00167
2627.51546,0.00185
2626.55123,0.00212
2625.58701,0.00235
2624.62278,0.00249
2623.65855,0.00264
2622.69433,0.00283
2621.73010,0.00303
2620.76588,0.00318
2619.80165,0.00327
2618.83743,0.00333
2617.87320,0.00337
2616.90897,0.00334
2615.94475,0.00321
2614.98052,0.00299
2614.01630,0.00272
2613.05207,0.00248
2612.08784,0.00233
2611.12362,0.00234
2610.15939,0.00254
2609.19517,0.00282
2608.23094,0.00298
2607.26672,0.00293
2606.30249,0.00281
2605.33826,0.00282
2604.37404,0.00300
2603.40981,0.00313
2602.44559,0.00297
2601.48136,0.00249
2600.51713,0.00192
2599.55291,0.00152
2598.58868,0.00144
2597.62446,0.00161
2596.66023,0.00190
2595.69600,0.00217
2594.73178,0.00227
2593.76755,0.00217
2592.80333,0.00193
2591.83910,0.00172
2590.87488,0.00168
2589.91065,0.00181
2588.94642,0.00202
2587.98220,0.00226
2587.01797,0.00249
2586.05375,0.00270
2585.08952,0.00285
2584.12529,0.00291
2583.16107,0.00289
2582.19684,0.00283
2581.23262,0.00273
2580.26839,0.00258
2579.30417,0.00242
2578.33994,0.00233
2577.37571,0.00233
2576.41149,0.00236
2575.44726,0.00230
2574.48304,0.00216
2573.51881,0.00203
2572.55458,0.00203
2571.59036,0.00221
2570.62613,0.00252
2569.66191,0.00289
2568.69768,0.00320
2567.73345,0.00334
2566.76923,0.00331
2565.80500,0.00319
2564.84078,0.00314
2563.87655,0.00322
2562.91233,0.00336
2561.94810,0.00336
2560.98387,0.00311
2560.01965,0.00267
2559.05542,0.00219
2558.09120,0.00185
2557.12697,0.00177
2556.16274,0.00194
2555.19852,0.00221
2554.23429,0.00242
2553.27007,0.00243
2552.30584,0.00230
2551.34162,0.00213
2550.37739,0.00198
2549.41316,0.00186
2548.44894,0.00177
2547.48471,0.00179
2546.52049,0.00199
2545.55626,0.00234
2544.59203,0.00269
2543.62781,0.00296
2542.66358,0.00311
2541.69936,0.00313
2540.73513,0.00298
2539.77091,0.00266
2538.80668,0.00230
2537.84245,0.00214
2536.87823,0.00227
2535.91400,0.00255
2534.94978,0.00271
2533.98555,0.00263
2533.02132,0.00238
2532.05710,0.00209
2531.09287,0.00186
2530.12865,0.00172
2529.16442,0.00175
2528.20019,0.00201
2527.23597,0.00241
2526.27174,0.00274
2525.30752,0.00285
2524.34329,0.00275
2523.37907,0.00259
2522.41484,0.00248
2521.45061,0.00247
2520.48639,0.00252
2519.52216,0.00262
2518.55794,0.00271
2517.59371,0.00273
2516.62948,0.00264
2515.66526,0.00251
2514.70103,0.00241
2513.73681,0.00231
2512.77258,0.00212
2511.80836,0.00183
2510.84413,0.00158
2509.87990,0.00157
2508.91568,0.00182
2507.95145,0.00218
2506.98723,0.00247
2506.02300,0.00263
2505.05877,0.00267
2504.09455,0.00258
2503.13032,0.00237
2502.16610,0.00216
2501.20187,0.00213
2500.23764,0.00239
2499.27342,0.00279
2498.30919,0.00308
2497.34497,0.00313
2496.38074,0.00304
2495.41652,0.00297
2494.45229,0.00297
2493.48806,0.00295
2492.52384,0.00285
2491.55961,0.00271
2490.59539,0.00268
2489.63116,0.00279
2488.66693,0.00299
2487.70271,0.00317
2486.73848,0.00325
2485.77426,0.00325
2484.81003,0.00316
2483.84581,0.00296
2482.88158,0.00263
2481.91735,0.00226
2480.95313,0.00199
2479.98890,0.00196
2479.02468,0.00215
2478.06045,0.00242
2477.09622,0.00255
2476.13200,0.00240
2475.16777,0.00206
2474.20355,0.00171
2473.23932,0.00156
2472.27510,0.00166
2471.31087,0.00195
2470.34664,0.00234
2469.38242,0.00273
2468.41819,0.00304
2467.45397,0.00318
2466.48974,0.00311
2465.52551,0.00289
2464.56129,0.00268
2463.59706,0.00258
2462.63284,0.00257
2461.66861,0.00252
2460.70438,0.00235
2459.74016,0.00211
2458.77593,0.00199
2457.81171,0.00215
2456.84748,0.00256
2455.88326,0.00304
2454.91903,0.00339
2453.95480,0.00348
2452.99058,0.00332
2452.02635,0.00298
2451.06213,0.00260
2450.09790,0.00230
2449.13367,0.00218
2448.16945,0.00224
2447.20522,0.00238
2446.24100,0.00249
2445.27677,0.00256
2444.31255,0.00262
2443.34832,0.00272
2442.38409,0.00280
2441.41987,0.00277
2440.45564,0.00261
2439.49142,0.00239
2438.52719,0.00226
2437.56296,0.00230
2436.59874,0.00248
2435.63451,0.00272
2434.67029,0.00293
2433.70606,0.00305
2432.74184,0.00299
2431.77761,0.00277
2430.81338,0.00248
2429.84916,0.00230
2428.88493,0.00229
2427.92071,0.00238
2426.95648,0.00242
2425.99225,0.00236
2425.02803,0.00226
2424.06380,0.00225
2423.09958,0.00235
2422.13535,0.00250
2421.17112,0.00262
2420.20690,0.00272
2419.24267,0.00280
2418.27845,0.00285
2417.31422,0.00286
2416.35000,0.00282
2415.38577,0.00280
2414.42154,0.00285
2413.45732,0.00296
2412.49309,0.00304
2411.52887,0.00303
2410.56464,0.00294
2409.60041,0.00285
2408.63619,0.00282
2407.67196,0.00285
2406.70774,0.00289
2405.74351,0.00290
2404.77929,0.00288
2403.81506,0.00284
2402.85083,0.00281
2401.88661,0.00282
2400.92238,0.00287
2399.95816,0.00297
2398.99393,0.00309
2398.02970,0.00316
2397.06548,0.00315
2396.10125,0.00305
2395.13703,0.00290
2394.17280,0.00280
2393.20857,0.00276
2392.24435,0.00277
2391.28012,0.00276
2390.31590,0.00268
2389.35167,0.00256
2388.38745,0.00253
2387.42322,0.00264
2386.45899,0.00287
2385.49477,0.00310
2384.53054,0.00325
2383.56632,0.00333
2382.60209,0.00340
2381.63786,0.00349
2380.67364,0.00351
2379.70941,0.00337
2378.74519,0.00313
2377.78096,0.00294
2376.81674,0.00292
2375.85251,0.00299
2374.88828,0.00297
2373.92406,0.00276
2372.95983,0.00249
2371.99561,0.00238
2371.03138,0.00254
2370.06715,0.00287
2369.10293,0.00318
2368.13870,0.00340
2367.17448,0.00354
2366.21025,0.00360
2365.24603,0.00353
2364.28180,0.00329
2363.31757,0.00297
2362.35335,0.00271
2361.38912,0.00254
2360.42490,0.00240
2359.46067,0.00228
2358.49644,0.00222
2357.53222,0.00235
2356.56799,0.00265
2355.60377,0.00301
2354.63954,0.00330
2353.67531,0.00349
2352.71109,0.00361
2351.74686,0.00369
2350.78264,0.00371
2349.81841,0.00368
2348.85419,0.00364
2347.88996,0.00366
2346.92573,0.00372
2345.96151,0.00376
2344.99728,0.00373
2344.03306,0.00365
2343.06883,0.00360
2342.10460,0.00364
2341.14038,0.00369
2340.17615,0.00366
2339.21193,0.00352
2338.24770,0.00339
2337.28348,0.00342
2336.31925,0.00362
2335.35502,0.00382
2334.39080,0.00376
2333.42657,0.00332
2332.46235,0.00267
2331.49812,0.00212
2330.53389,0.00193
2329.56967,0.00206
2328.60544,0.00228
2327.64122,0.00242
2326.67699,0.00244
2325.71277,0.00249
2324.74854,0.00266
2323.78431,0.00292
2322.82009,0.00315
2321.85586,0.00330
2320.89164,0.00339
2319.92741,0.00348
2318.96318,0.00354
2317.99896,0.00349
2317.03473,0.00332
2316.07051,0.00311
2315.10628,0.00298
2314.14205,0.00296
2313.17783,0.00300
2312.21360,0.00301
2311.24938,0.00297
2310.28515,0.00297
2309.32093,0.00307
2308.35670,0.00325
2307.39247,0.00340
2306.42825,0.00342
2305.46402,0.00334
2304.49980,0.00321
2303.53557,0.00310
2302.57134,0.00302
2301.60712,0.00296
2300.64289,0.00293
2299.67867,0.00298
2298.71444,0.00314
2297.75022,0.00338
2296.78599,0.00364
2295.82176,0.00385
2294.85754,0.00397
2293.89331,0.00394
2292.92909,0.00377
2291.96486,0.00349
2291.00063,0.00318
2290.03641,0.00291
2289.07218,0.00275
2288.10796,0.00270
2287.14373,0.00270
2286.17950,0.00267
2285.21528,0.00260
2284.25105,0.00252
2283.28683,0.00248
2282.32260,0.00252
2281.35838,0.00259
2280.39415,0.00261
2279.42992,0.00261
2278.46570,0.00266
2277.50147,0.00284
2276.53725,0.00309
2275.57302,0.00324
2274.60879,0.00322
2273.64457,0.00312
2272.68034,0.00309
2271.71612,0.00321
2270.75189,0.00339
2269.78767,0.00349
2268.82344,0.00348
2267.85921,0.00343
2266.89499,0.00336
2265.93076,0.00325
2264.96654,0.00309
2264.00231,0.00294
2263.03808,0.00289
2262.07386,0.00293
2261.10963,0.00299
2260.14541,0.00302
2259.18118,0.00303
2258.21696,0.00305
2257.25273,0.00307
2256.28850,0.00303
2255.32428,0.00299
2254.36005,0.00304
2253.39583,0.00325
2252.43160,0.00350
2251.46737,0.00368
2250.50315,0.00389
2249.53892,0.00434
2248.57470,0.00511
2247.61047,0.00584
2246.64624,0.00600
2245.68202,0.00532
2244.71779,0.00405
2243.75357,0.00276
2242.78934,0.00192
2241.82512,0.00168
2240.86089,0.00192
2239.89666,0.00246
2238.93244,0.00304
2237.96821,0.00343
2237.00399,0.00349
2236.03976,0.00335
2235.07553,0.00329
2234.11131,0.00348
2233.14708,0.00382
2232.18286,0.00402
2231.21863,0.00395
2230.25441,0.00368
2229.29018,0.00344
2228.32595,0.00338
2227.36173,0.00352
2226.39750,0.00376
2225.43328,0.00397
2224.46905,0.00396
2223.50482,0.00364
2222.54060,0.00309
2221.57637,0.00260
2220.61215,0.00241
2219.64792,0.00256
2218.68369,0.00286
2217.71947,0.00306
2216.75524,0.00309
2215.79102,0.00300
2214.82679,0.00286
2213.86257,0.00275
2212.89834,0.00275
2211.93411,0.00292
2210.96989,0.00320
2210.00566,0.00343
2209.04144,0.00348
2208.07721,0.00335
2207.11298,0.00317
2206.14876,0.00301
2205.18453,0.00287
2204.22031,0.00274
2203.25608,0.00269
2202.29186,0.00285
2201.32763,0.00322
2200.36340,0.00364
2199.39918,0.00390
2198.43495,0.00396
2197.47073,0.00393
2196.50650,0.00395
2195.54227,0.00408
2194.57805,0.00429
2193.61382,0.00450
2192.64960,0.00461
2191.68537,0.00453
2190.72115,0.00420
2189.75692,0.00374
2188.79269,0.00335
2187.82847,0.00319
2186.86424,0.00323
2185.90002,0.00334
2184.93579,0.00338
2183.97156,0.00331
2183.00734,0.00318
2182.04311,0.00301
2181.07889,0.00282
2180.11466,0.00264
2179.15043,0.00250
2178.18621,0.00250
2177.22198,0.00267
2176.25776,0.00299
2175.29353,0.00336
2174.32931,0.00366
2173.36508,0.00385
2172.40085,0.00394
2171.43663,0.00399
2170.47240,0.00399
2169.50818,0.00390
2168.54395,0.00372
2167.57972,0.00358
2166.61550,0.00360
2165.65127,0.00383
2164.68705,0.00410
2163.72282,0.00425
2162.75860,0.00422
2161.79437,0.00408
2160.83014,0.00395
2159.86592,0.00386
2158.90169,0.00380
2157.93747,0.00376
2156.97324,0.00373
2156.00901,0.00368
2155.04479,0.00361
2154.08056,0.00354
2153.11634,0.00359
2152.15211,0.00379
2151.18789,0.00401
2150.22366,0.00411
2149.25943,0.00403
2148.29521,0.00387
2147.33098,0.00375
2146.36676,0.00371
2145.40253,0.00372
2144.43830,0.00381
2143.47408,0.00404
2142.50985,0.00440
2141.54563,0.00472
2140.58140,0.00485
2139.61717,0.00479
2138.65295,0.00475
2137.68872,0.00494
2136.72450,0.00540
2135.76027,0.00597
2134.79605,0.00650
2133.83182,0.00690
2132.86759,0.00718
2131.90337,0.00738
2130.93914,0.00756
2129.97492,0.00779
2129.01069,0.00809
2128.04646,0.00839
2127.08224,0.00856
2126.11801,0.00855
2125.15379,0.00840
2124.18956,0.00824
2123.22534,0.00813
2122.26111,0.00805
2121.29688,0.00792
2120.33266,0.00770
2119.36843,0.00740
2118.40421,0.00711
2117.43998,0.00692
2116.47575,0.00687
2115.51153,0.00691
2114.54730,0.00692
2113.58308,0.00680
2112.61885,0.00656
2111.65462,0.00628
2110.69040,0.00607
2109.72617,0.00592
2108.76195,0.00578
2107.79772,0.00562
2106.83350,0.00543
2105.86927,0.00523
2104.90504,0.00503
2103.94082,0.00484
2102.97659,0.00466
2102.01237,0.00444
2101.04814,0.00414
2100.08391,0.00380
2099.11969,0.00360
2098.15546,0.00372
2097.19124,0.00411
2096.22701,0.00453
2095.26279,0.00471
2094.29856,0.00461
2093.33433,0.00446
2092.37011,0.00443
2091.40588,0.00454
2090.44166,0.00462
2089.47743,0.00455
2088.51320,0.00436
2087.54898,0.00417
2086.58475,0.00405
2085.62053,0.00401
2084.65630,0.00402
2083.69208,0.00408
2082.72785,0.00417
2081.76362,0.00425
2080.79940,0.00426
2079.83517,0.00420
2078.87095,0.00411
2077.90672,0.00400
2076.94249,0.00385
2075.97827,0.00366
2075.01404,0.00346
2074.04982,0.00330
2073.08559,0.00319
2072.12136,0.00313
2071.15714,0.00313
2070.19291,0.00320
2069.22869,0.00327
2068.26446,0.00326
2067.30024,0.00317
2066.33601,0.00309
2065.37178,0.00315
2064.40756,0.00337
2063.44333,0.00362
2062.47911,0.00373
2061.51488,0.00368
2060.55065,0.00359
2059.58643,0.00358
2058.62220,0.00364
2057.65798,0.00366
2056.69375,0.00359
2055.72953,0.00345
2054.76530,0.00337
2053.80107,0.00339
2052.83685,0.00351
2051.87262,0.00365
2050.90840,0.00374
2049.94417,0.00378
2048.97994,0.00379
2048.01572,0.00376
2047.05149,0.00370
2046.08727,0.00358
2045.12304,0.00343
2044.15882,0.00327
2043.19459,0.00312
2042.23036,0.00298
2041.26614,0.00283
2040.30191,0.00272
2039.33769,0.00274
2038.37346,0.00292
2037.40923,0.00317
2036.44501,0.00337
2035.48078,0.00342
2034.51656,0.00334
2033.55233,0.00324
2032.58810,0.00321
2031.62388,0.00324
2030.65965,0.00326
2029.69543,0.00318
2028.73120,0.00302
2027.76698,0.00288
2026.80275,0.00283
2025.83852,0.00290
2024.87430,0.00301
2023.91007,0.00309
2022.94585,0.00312
2021.98162,0.00314
2021.01739,0.00318
2020.05317,0.00323
2019.08894,0.00324
2018.12472,0.00327
2017.16049,0.00342
2016.19627,0.00375
2015.23204,0.00416
2014.26781,0.00444
2013.30359,0.00444
2012.33936,0.00411
2011.37514,0.00355
2010.41091,0.00294
2009.44668,0.00243
2008.48246,0.00215
2007.51823,0.00212
2006.55401,0.00227
2005.58978,0.00243
2004.62555,0.00254
2003.66133,0.00264
2002.69710,0.00284
2001.73288,0.00316
2000.76865,0.00351
1999.80443,0.00376
1998.84020,0.00387
1997.87597,0.00387
1996.91175,0.00383
1995.94752,0.00380
1994.98330,0.00381
1994.01907,0.00380
1993.05484,0.00368
1992.09062,0.00337
1991.12639,0.00294
1990.16217,0.00256
1989.19794,0.00240
1988.23372,0.00249
1987.26949,0.00267
1986.30526,0.00284
1985.34104,0.00298
1984.37681,0.00314
1983.41259,0.00333
1982.44836,0.00344
1981.48413,0.00344
1980.51991,0.00341
1979.55568,0.00345
1978.59146,0.00360
1977.62723,0.00377
1976.66301,0.00384
1975.69878,0.00379
1974.73455,0.00362
1973.77033,0.00333
1972.80610,0.00294
1971.84188,0.00255
1970.87765,0.00229
1969.91342,0.00218
1968.94920,0.00214
1967.98497,0.00205
1967.02075,0.00186
1966.05652,0.00165
1965.09229,0.00156
1964.12807,0.00173
1963.16384,0.00221
1962.19962,0.00291
1961.23539,0.00357
1960.27117,0.00392
1959.30694,0.00381
1958.34271,0.00343
1957.37849,0.00307
1956.41426,0.00292
1955.45004,0.00293
1954.48581,0.00293
1953.52158,0.00284
1952.55736,0.00274
1951.59313,0.00274
1950.62891,0.00284
1949.66468,0.00298
1948.70046,0.00311
1947.73623,0.00317
1946.77200,0.00310
1945.80778,0.00284
1944.84355,0.00247
1943.87933,0.00217
1942.91510,0.00213
1941.95087,0.00235
1940.98665,0.00267
1940.02242,0.00291
1939.05820,0.00299
1938.09397,0.00300
1937.12974,0.00300
1936.16552,0.00305
1935.20129,0.00311
1934.23707,0.00313
1933.27284,0.00310
1932.30862,0.00301
1931.34439,0.00293
1930.38016,0.00293
1929.41594,0.00302
1928.45171,0.00311
1927.48749,0.00311
1926.52326,0.00297
1925.55903,0.00270
1924.59481,0.00232
1923.63058,0.00189
1922.66636,0.00152
1921.70213,0.00140
1920.73791,0.00165
1919.77368,0.00222
1918.80945,0.00286
1917.84523,0.00333
1916.88100,0.00354
1915.91678,0.00354
1914.95255,0.00342
1913.98832,0.00320
1913.02410,0.00291
1912.05987,0.00263
1911.09565,0.00245
1910.13142,0.00242
1909.16720,0.00246
1908.20297,0.00247
1907.23874,0.00241
1906.27452,0.00232
1905.31029,0.00228
1904.34607,0.00230
1903.38184,0.00237
1902.41761,0.00242
1901.45339,0.00240
1900.48916,0.00233
1899.52494,0.00225
1898.56071,0.00223
1897.59648,0.00228
1896.63226,0.00235
1895.66803,0.00239
1894.70381,0.00244
1893.73958,0.00260
1892.77536,0.00291
1891.81113,0.00332
1890.84690,0.00364
1889.88268,0.00373
1888.91845,0.00358
1887.95423,0.00332
1886.99000,0.00315
1886.02577,0.00317
1885.06155,0.00329
1884.09732,0.00335
1883.13310,0.00321
1882.16887,0.00297
1881.20465,0.00280
1880.24042,0.00283
1879.27619,0.00298
1878.31197,0.00308
1877.34774,0.00306
1876.38352,0.00299
1875.41929,0.00297
1874.45506,0.00295
1873.49084,0.00286
1872.52661,0.00269
1871.56239,0.00254
1870.59816,0.00251
1869.63394,0.00255
1868.66971,0.00254
1867.70548,0.00241
1866.74126,0.00223
1865.77703,0.00210
1864.81281,0.00207
1863.84858,0.00213
1862.88435,0.00229
1861.92013,0.00259
1860.95590,0.00298
1859.99168,0.00329
1859.02745,0.00340
1858.06322,0.00331
1857.09900,0.00315
1856.13477,0.00301
1855.17055,0.00291
1854.20632,0.00282
1853.24210,0.00272
1852.27787,0.00267
1851.31364,0.00270
1850.34942,0.00283
1849.38519,0.00303
1848.42097,0.00327
1847.45674,0.00348
1846.49251,0.00355
1845.52829,0.00345
1844.56406,0.00323
1843.59984,0.00301
1842.63561,0.00288
1841.67139,0.00286
1840.70716,0.00293
1839.74293,0.00303
1838.77871,0.00309
1837.81448,0.00305
1836.85026,0.00294
1835.88603,0.00290
1834.92180,0.00306
1833.95758,0.00338
1832.99335,0.00368
1832.02913,0.00374
1831.06490,0.00357
1830.10067,0.00331
1829.13645,0.00312
1828.17222,0.00305
1827.20800,0.00306
1826.24377,0.00314
1825.27955,0.00326
1824.31532,0.00338
1823.35109,0.00340
1822.38687,0.00329
1821.42264,0.00315
1820.45842,0.00308
1819.49419,0.00313
1818.52996,0.00320
1817.56574,0.00325
1816.60151,0.00329
1815.63729,0.00336
1814.67306,0.00344
1813.70884,0.00344
1812.74461,0.00332
1811.78038,0.00315
1810.81616,0.00304
1809.85193,0.00307
1808.88771,0.00323
1807.92348,0.00344
1806.95925,0.00358
1805.99503,0.00359
1805.03080,0.00344
1804.06658,0.00325
1803.10235,0.00316
1802.13813,0.00325
1801.17390,0.00345
1800.20967,0.00360
1799.24545,0.00364
1798.28122,0.00358
1797.31700,0.00352
1796.35277,0.00350
1795.38854,0.00350
1794.42432,0.00351
1793.46009,0.00355
1792.49587,0.00364
1791.53164,0.00376
1790.56741,0.00386
1789.60319,0.00393
1788.63896,0.00396
1787.67474,0.00396
1786.71051,0.00393
1785.74629,0.00389
1784.78206,0.00384
1783.81783,0.00379
1782.85361,0.00374
1781.88938,0.00373
1780.92516,0.00383
1779.96093,0.00402
1778.99670,0.00422
1778.03248,0.00430
1777.06825,0.00423
1776.10403,0.00410
1775.13980,0.00403
1774.17558,0.00403
1773.21135,0.00403
1772.24712,0.00402
1771.28290,0.00406
1770.31867,0.00420
1769.35445,0.00437
1768.39022,0.00447
1767.42599,0.00447
1766.46177,0.00439
1765.49754,0.00429
1764.53332,0.00415
1763.56909,0.00398
1762.60487,0.00388
1761.64064,0.00395
1760.67641,0.00423
1759.71219,0.00458
1758.74796,0.00477
1757.78374,0.00473
1756.81951,0.00452
1755.85528,0.00430
1754.89106,0.00420
1753.92683,0.00426
1752.96261,0.00443
1751.99838,0.00460
1751.03415,0.00466
1750.06993,0.00464
1749.10570,0.00468
1748.14148,0.00490
1747.17725,0.00529
1746.21303,0.00570
1745.24880,0.00598
1744.28457,0.00609
1743.32035,0.00607
1742.35612,0.00596
1741.39190,0.00571
1740.42767,0.00536
1739.46344,0.00504
1738.49922,0.00493
1737.53499,0.00507
1736.57077,0.00537
1735.60654,0.00566
1734.64232,0.00587
1733.67809,0.00601
1732.71386,0.00610
1731.74964,0.00614
1730.78541,0.00609
1729.82119,0.00595
1728.85696,0.00577
1727.89273,0.00561
1726.92851,0.00552
1725.96428,0.00554
1725.00006,0.00561
1724.03583,0.00571
1723.07160,0.00581
1722.10738,0.00597
1721.14315,0.00622
1720.17893,0.00657
1719.21470,0.00689
1718.25048,0.00708
1717.28625,0.00711
1716.32202,0.00701
1715.35780,0.00687
1714.39357,0.00676
1713.42935,0.00668
1712.46512,0.00664
1711.50089,0.00665
1710.53667,0.00669
1709.57244,0.00676
1708.60822,0.00687
1707.64399,0.00704
1706.67977,0.00724
1705.71554,0.00744
1704.75131,0.00761
1703.78709,0.00779
1702.82286,0.00801
1701.85864,0.00823
1700.89441,0.00839
1699.93018,0.00848
1698.96596,0.00864
1698.00173,0.00895
1697.03751,0.00937
1696.07328,0.00967
1695.10906,0.00970
1694.14483,0.00946
1693.18060,0.00920
1692.21638,0.00915
1691.25215,0.00936
1690.28793,0.00970
1689.32370,0.01002
1688.35947,0.01023
1687.39525,0.01032
1686.43102,0.01034
1685.46680,0.01034
1684.50257,0.01032
1683.53834,0.01028
1682.57412,0.01019
1681.60989,0.01004
1680.64567,0.00989
1679.68144,0.00985
1678.71722,0.01003
1677.75299,0.01043
1676.78876,0.01092
1675.82454,0.01125
1674.86031,0.01126
1673.89609,0.01102
1672.93186,0.01077
1671.96763,0.01073
1671.00341,0.01093
1670.03918,0.01123
1669.07496,0.01149
1668.11073,0.01171
1667.14651,0.01195
1666.18228,0.01219
1665.21805,0.01236
1664.25383,0.01237
1663.28960,0.01229
1662.32538,0.01222
1661.36115,0.01220
1660.39692,0.01221
1659.43270,0.01219
1658.46847,0.01214
1657.50425,0.01212
1656.54002,0.01219
1655.57579,0.01233
1654.61157,0.01248
1653.64734,0.01255
1652.68312,0.01249
1651.71889,0.01232
1650.75467,0.01213
1649.79044,0.01204
1648.82621,0.01211
1647.86199,0.01231
1646.89776,0.01255
1645.93354,0.01272
1644.96931,0.01270
1644.00508,0.01247
1643.04086,0.01213
1642.07663,0.01186
1641.11241,0.01179
1640.14818,0.01189
1639.18396,0.01200
1638.21973,0.01200
1637.25550,0.01192
1636.29128,0.01188
1635.32705,0.01188
1634.36283,0.01177
1633.39860,0.01146
1632.43437,0.01105
1631.47015,0.01074
1630.50592,0.01066
1629.54170,0.01070
1628.57747,0.01065
1627.61325,0.01048
1626.64902,0.01029
1625.68479,0.01024
1624.72057,0.01035
1623.75634,0.01055
1622.79212,0.01073
1621.82789,0.01080
1620.86366,0.01070
1619.89944,0.01043
1618.93521,0.01006
1617.97099,0.00977
1617.00676,0.00964
1616.04253,0.00963
1615.07831,0.00962
1614.11408,0.00951
1613.14986,0.00931
1612.18563,0.00906
1611.22141,0.00879
1610.25718,0.00859
1609.29295,0.00848
1608.32873,0.00845
1607.36450,0.00835
1606.40028,0.00808
1605.43605,0.00771
1604.47182,0.00742
1603.50760,0.00733
1602.54337,0.00734
1601.57915,0.00728
1600.61492,0.00713
1599.65070,0.00702
1598.68647,0.00707
1597.72224,0.00720
1596.75802,0.00723
1595.79379,0.00711
1594.82957,0.00693
1593.86534,0.00682
1592.90111,0.00680
1591.93689,0.00680
1590.97266,0.00675
1590.00844,0.00665
1589.04421,0.00650
1588.07999,0.00631
1587.11576,0.00614
1586.15153,0.00606
1585.18731,0.00613
1584.22308,0.00628
1583.25886,0.00645
1582.29463,0.00661
1581.33040,0.00678
1580.36618,0.00695
1579.40195,0.00704
1578.43773,0.00696
1577.47350,0.00673
1576.50927,0.00643
1575.54505,0.00613
1574.58082,0.00583
1573.61660,0.00557
1572.65237,0.00545
1571.68815,0.00555
1570.72392,0.00579
1569.75969,0.00598
1568.79547,0.00595
1567.83124,0.00569
1566.86702,0.00533
1565.90279,0.00506
1564.93856,0.00498
1563.97434,0.00512
1563.01011,0.00538
1562.04589,0.00565
1561.08166,0.00588
1560.11744,0.00609
1559.15321,0.00632
1558.18898,0.00649
1557.22476,0.00642
1556.26053,0.00603
1555.29631,0.00548
1554.33208,0.00508
1553.36785,0.00504
1552.40363,0.00530
1551.43940,0.00559
1550.47518,0.00569
1549.51095,0.00560
1548.54672,0.00547
1547.58250,0.00542
1546.61827,0.00549
1545.65405,0.00563
1544.68982,0.00577
1543.72560,0.00580
1542.76137,0.00569
1541.79714,0.00546
1540.83292,0.00517
1539.86869,0.00493
1538.90447,0.00478
1537.94024,0.00470
1536.97601,0.00468
1536.01179,0.00473
1535.04756,0.00485
1534.08334,0.00503
1533.11911,0.00520
1532.15489,0.00530
1531.19066,0.00532
1530.22643,0.00526
1529.26221,0.00515
1528.29798,0.00502
1527.33376,0.00491
1526.36953,0.00479
1525.40530,0.00468
1524.44108,0.00468
1523.47685,0.00487
1522.51263,0.00520
1521.54840,0.00543
1520.58418,0.00534
1519.61995,0.00493
1518.65572,0.00452
1517.69150,0.00441
1516.72727,0.00466
1515.76305,0.00502
1514.79882,0.00521
1513.83459,0.00522
1512.87037,0.00520
1511.90614,0.00533
1510.94192,0.00559
1509.97769,0.00583
1509.01346,0.00593
1508.04924,0.00582
1507.08501,0.00553
1506.12079,0.00514
1505.15656,0.00477
1504.19234,0.00452
1503.22811,0.00442
1502.26388,0.00438
1501.29966,0.00428
1500.33543,0.00410
1499.37121,0.00393
1498.40698,0.00391
1497.44275,0.00410
1496.47853,0.00437
1495.51430,0.00457
1494.55008,0.00458
1493.58585,0.00443
1492.62163,0.00425
1491.65740,0.00418
1490.69317,0.00424
1489.72895,0.00440
1488.76472,0.00461
1487.80050,0.00478
1486.83627,0.00487
1485.87204,0.00480
1484.90782,0.00456
1483.94359,0.00420
1482.97937,0.00387
1482.01514,0.00369
1481.05092,0.00366
1480.08669,0.00376
1479.12246,0.00395
1478.15824,0.00422
1477.19401,0.00458
1476.22979,0.00496
1475.26556,0.00520
1474.30133,0.00522
1473.33711,0.00500
1472.37288,0.00462
1471.40866,0.00413
1470.44443,0.00354
1469.48020,0.00285
1468.51598,0.00217
1467.55175,0.00176
1466.58753,0.00186
1465.62330,0.00253
1464.65908,0.00347
1463.69485,0.00422
1462.73062,0.00451
1461.76640,0.00450
1460.80217,0.00451
1459.83795,0.00469
1458.87372,0.00487
1457.90949,0.00477
1456.94527,0.00434
1455.98104,0.00374
1455.01682,0.00313
1454.05259,0.00245
1453.08837,0.00166
1452.12414,0.00094
1451.15991,0.00062
1450.19569,0.00085
1449.23146,0.00152
1448.26724,0.00236
1447.30301,0.00311
1446.33878,0.00364
1445.37456,0.00387
1444.41033,0.00383
1443.44611,0.00378
1442.48188,0.00395
1441.51765,0.00432
1440.55343,0.00456
1439.58920,0.00445
1438.62498,0.00417
1437.66075,0.00414
1436.69653,0.00450
1435.73230,0.00495
1434.76807,0.00512
1433.80385,0.00508
1432.83962,0.00524
1431.87540,0.00577
1430.91117,0.00637
1429.94694,0.00650
1428.98272,0.00601
1428.01849,0.00531
1427.05427,0.00493
1426.09004,0.00504
1425.12582,0.00535
1424.16159,0.00548
1423.19736,0.00534
1422.23314,0.00514
1421.26891,0.00512
1420.30469,0.00529
1419.34046,0.00538
1418.37623,0.00510
1417.41201,0.00445
1416.44778,0.00374
1415.48356,0.00330
1414.51933,0.00318
1413.55511,0.00318
1412.59088,0.00311
1411.62665,0.00304
1410.66243,0.00322
1409.69820,0.00378
1408.73398,0.00455
1407.76975,0.00516
1406.80552,0.00534
1405.84130,0.00511
1404.87707,0.00468
1403.91285,0.00429
1402.94862,0.00412
1401.98439,0.00423
1401.02017,0.00455
1400.05594,0.00490
1399.09172,0.00508
1398.12749,0.00499
1397.16327,0.00470
1396.19904,0.00432
1395.23481,0.00388
1394.27059,0.00337
1393.30636,0.00287
1392.34214,0.00258
1391.37791,0.00273
1390.41368,0.00336
1389.44946,0.00419
1388.48523,0.00479
1387.52101,0.00481
1386.55678,0.00425
1385.59256,0.00348
1384.62833,0.00300
1383.66410,0.00308
1382.69988,0.00361
1381.73565,0.00423
1380.77143,0.00458
1379.80720,0.00450
1378.84297,0.00406
1377.87875,0.00351
1376.91452,0.00314
1375.95030,0.00313
1374.98607,0.00347
1374.02184,0.00391
1373.05762,0.00418
1372.09339,0.00423
1371.12917,0.00423
1370.16494,0.00434
1369.20072,0.00453
1368.23649,0.00462
1367.27226,0.00452
1366.30804,0.00435
1365.34381,0.00426
1364.37959,0.00436
1363.41536,0.00468
1362.45113,0.00517
1361.48691,0.00569
1360.52268,0.00597
1359.55846,0.00582
1358.59423,0.00530
1357.63001,0.00474
1356.66578,0.00438
1355.70155,0.00410
1354.73733,0.00367
1353.77310,0.00310
1352.80888,0.00277
1351.84465,0.00300
1350.88042,0.00368
1349.91620,0.00437
1348.95197,0.00471
1347.98775,0.00475
1347.02352,0.00475
1346.05930,0.00484
1345.09507,0.00501
1344.13084,0.00517
1343.16662,0.00530
1342.20239,0.00528
1341.23817,0.00498
1340.27394,0.00439
1339.30971,0.00378
1338.34549,0.00348
1337.38126,0.00357
1336.41704,0.00384
1335.45281,0.00407
1334.48858,0.00418
1333.52436,0.00424
1332.56013,0.00422
1331.59591,0.00408
1330.63168,0.00389
1329.66746,0.00385
1328.70323,0.00394
1327.73900,0.00390
1326.77478,0.00349
1325.81055,0.00295
1324.84633,0.00282
1323.88210,0.00336
1322.91787,0.00418
1321.95365,0.00455
1320.98942,0.00414
1320.02520,0.00326
1319.06097,0.00253
1318.09675,0.00229
1317.13252,0.00250
1316.16829,0.00300
1315.20407,0.00363
1314.23984,0.00423
1313.27562,0.00456
1312.31139,0.00439
1311.34716,0.00377
1310.38294,0.00302
1309.41871,0.00255
1308.45449,0.00268
1307.49026,0.00342
1306.52604,0.00448
1305.56181,0.00539
1304.59758,0.00586
1303.63336,0.00593
1302.66913,0.00591
1301.70491,0.00610
1300.74068,0.00648
1299.77645,0.00678
1298.81223,0.00666
1297.84800,0.00591
1296.88378,0.00455
1295.91955,0.00287
1294.95532,0.00149
1293.99110,0.00109
1293.02687,0.00186
1292.06265,0.00328
1291.09842,0.00450
1290.13420,0.00506
1289.16997,0.00522
1288.20574,0.00542
1287.24152,0.00574
1286.27729,0.00582
1285.31307,0.00543
1284.34884,0.00478
1283.38461,0.00429
1282.42039,0.00413
1281.45616,0.00413
1280.49194,0.00413
1279.52771,0.00419
1278.56349,0.00445
1277.59926,0.00488
1276.63503,0.00529
1275.67081,0.00549
1274.70658,0.00541
1273.74236,0.00503
1272.77813,0.00432
1271.81390,0.00341
1270.84968,0.00272
1269.88545,0.00269
1268.92123,0.00343
1267.95700,0.00450
1266.99277,0.00526
1266.02855,0.00528
1265.06432,0.00466
1264.10010,0.00380
1263.13587,0.00311
1262.17165,0.00276
1261.20742,0.00268
1260.24319,0.00274
1259.27897,0.00295
1258.31474,0.00339
1257.35052,0.00407
1256.38629,0.00475
1255.42206,0.00508
1254.45784,0.00490
1253.49361,0.00444
1252.52939,0.00406
1251.56516,0.00387
1250.60094,0.00363
1249.63671,0.00312
1248.67248,0.00243
1247.70826,0.00196
1246.74403,0.00196
1245.77981,0.00232
1244.81558,0.00273
1243.85135,0.00303
1242.88713,0.00327
1241.92290,0.00355
1240.95868,0.00382
1239.99445,0.00398
1239.03023,0.00399
1238.06600,0.00386
1237.10177,0.00362
1236.13755,0.00331
1235.17332,0.00306
1234.20910,0.00303
1233.24487,0.00329
1232.28064,0.00371
1231.31642,0.00410
1230.35219,0.00438
1229.38797,0.00452
1228.42374,0.00442
1227.45951,0.00395
1226.49529,0.00312
1225.53106,0.00222
1224.56684,0.00161
1223.60261,0.00136
1222.63839,0.00127
1221.67416,0.00116
1220.70993,0.00114
1219.74571,0.00154
1218.78148,0.00250
1217.81726,0.00377
1216.85303,0.00483
1215.88880,0.00525
1214.92458,0.00496
1213.96035,0.00421
1212.99613,0.00350
1212.03190,0.00320
1211.06768,0.00333
1210.10345,0.00355
1209.13922,0.00343
1208.17500,0.00287
1207.21077,0.00219
1206.24655,0.00180
1205.28232,0.00186
1204.31809,0.00224
1203.35387,0.00273
1202.38964,0.00315
1201.42542,0.00338
1200.46119,0.00321
1199.49697,0.00266
1198.53274,0.00208
1197.56851,0.00202
1196.60429,0.00264
1195.64006,0.00350
1194.67584,0.00387
1193.71161,0.00339
1192.74738,0.00237
1191.78316,0.00141
1190.81893,0.00100
1189.85471,0.00129
1188.89048,0.00225
1187.92625,0.00369
1186.96203,0.00514
1185.99780,0.00601
1185.03358,0.00590
1184.06935,0.00499
1183.10513,0.00398
1182.14090,0.00348
1181.17667,0.00353
1180.21245,0.00371
1179.24822,0.00359
1178.28400,0.00310
1177.31977,0.00247
1176.35554,0.00184
1175.39132,0.00120
1174.42709,0.00051
1173.46287,-0.00009
1172.49864,-0.00036
1171.53442,-0.00028
1170.57019,-0.00017
1169.60596,-0.00035
1168.64174,-0.00074
1167.67751,-0.00080
1166.71329,0.00001
1165.74906,0.00159
1164.78483,0.00324
1163.82061,0.00430
1162.85638,0.00473
1161.89216,0.00508
1160.92793,0.00573
1159.96370,0.00645
1158.99948,0.00667
1158.03525,0.00612
1157.07103,0.00505
1156.10680,0.00403
1155.14258,0.00340
1154.17835,0.00315
1153.21412,0.00303
1152.24990,0.00281
1151.28567,0.00238
1150.32145,0.00189
1149.35722,0.00168
1148.39299,0.00197
1147.42877,0.00266
1146.46454,0.00327
1145.50032,0.00342
1144.53609,0.00319
1143.57187,0.00299
1142.60764,0.00310
1141.64341,0.00339
1140.67919,0.00365
1139.71496,0.00395
1138.75074,0.00448
1137.78651,0.00515
1136.82228,0.00558
1135.85806,0.00550
1134.89383,0.00516
1133.92961,0.00498
1132.96538,0.00495
1132.00116,0.00458
1131.03693,0.00338
1130.07270,0.00149
1129.10848,-0.00046
1128.14425,-0.00189
1127.18003,-0.00257
1126.21580,-0.00254
1125.25157,-0.00191
1124.28735,-0.00079
1123.32312,0.00055
1122.35890,0.00176
1121.39467,0.00255
1120.43044,0.00291
1119.46622,0.00312
1118.50199,0.00364
1117.53777,0.00472
1116.57354,0.00597
1115.60932,0.00637
1114.64509,0.00499
1113.68086,0.00204
1112.71664,-0.00088
1111.75241,-0.00182
1110.78819,-0.00003
1109.82396,0.00349
1108.85973,0.00691
1107.89551,0.00895
1106.93128,0.00934
1105.96706,0.00827
1105.00283,0.00593
1104.03861,0.00276
1103.07438,-0.00017
1102.11015,-0.00160
1101.14593,-0.00115
1100.18170,0.00027
1099.21748,0.00127
1098.25325,0.00117
1097.28902,0.00046
1096.32480,0.00009
1095.36057,0.00049
1094.39635,0.00131
1093.43212,0.00192
1092.46790,0.00207
1091.50367,0.00210
1090.53944,0.00254
1089.57522,0.00351
1088.61099,0.00450
1087.64677,0.00470
1086.68254,0.00374
1085.71831,0.00215
1084.75409,0.00110
1083.78986,0.00156
1082.82564,0.00357
1081.86141,0.00629
1080.89718,0.00846
1079.93296,0.00911
1078.96873,0.00792
1078.00451,0.00545
1077.04028,0.00283
1076.07606,0.00128
1075.11183,0.00136
1074.14760,0.00263
1073.18338,0.00413
1072.21915,0.00511
1071.25493,0.00541
1070.29070,0.00516
1069.32647,0.00439
1068.36225,0.00302
1067.39802,0.00134
1066.43380,0.00011
1065.46957,0.00015
1064.50535,0.00160
1063.54112,0.00382
1062.57689,0.00586
1061.61267,0.00699
1060.64844,0.00686
1059.68422,0.00551
1058.71999,0.00335
1057.75576,0.00118
1056.79154,-0.00006
1055.82731,0.00017
1054.86309,0.00161
1053.89886,0.00337
1052.93463,0.00466
1051.97041,0.00518
1051.00618,0.00523
1050.04196,0.00522
1049.07773,0.00531
1048.11351,0.00532
1047.14928,0.00498
1046.18505,0.00425
1045.22083,0.00343
1044.25660,0.00310
1043.29238,0.00363
1042.32815,0.00491
1041.36392,0.00628
1040.39970,0.00712
1039.43547,0.00719
1038.47125,0.00672
1037.50702,0.00599
1036.54280,0.00502
1035.57857,0.00368
1034.61434,0.00210
1033.65012,0.00080
1032.68589,0.00035
1031.72167,0.00088
1030.75744,0.00194
1029.79321,0.00282
1028.82899,0.00310
1027.86476,0.00279
1026.90054,0.00225
1025.93631,0.00197
1024.97209,0.00227
1024.00786,0.00321
1023.04363,0.00452
1022.07941,0.00573
1021.11518,0.00640
1020.15096,0.00633
1019.18673,0.00556
1018.22250,0.00423
1017.25828,0.00254
1016.29405,0.00078
1015.32983,-0.00063
1014.36560,-0.00126
1013.40137,-0.00100
1012.43715,-0.00020
1011.47292,0.00063
1010.50870,0.00121
1009.54447,0.00170
1008.58025,0.00243
1007.61602,0.00343
1006.65179,0.00439
1005.68757,0.00492
1004.72334,0.00485
1003.75912,0.00433
1002.79489,0.00349
1001.83066,0.00244
1000.86644,0.00134
999.90221,0.00052
998.93799,0.00028
997.97376,0.00057
997.00954,0.00096
996.04531,0.00102
995.08108,0.00067
994.11686,0.00014
993.15263,-0.00039
992.18841,-0.00101
991.22418,-0.00191
990.25995,-0.00306
989.29573,-0.00423
988.33150,-0.00512
987.36728,-0.00549
986.40305,-0.00511
985.43882,-0.00384
984.47460,-0.00192
983.51037,-0.00017
982.54615,0.00044
981.58192,-0.00036
980.61770,-0.00175
979.65347,-0.00233
978.68924,-0.00134
977.72502,0.00073
976.76079,0.00240
975.79657,0.00238
974.83234,0.00055
973.86811,-0.00175
972.90389,-0.00273
971.93966,-0.00159
970.97544,0.00069
970.01121,0.00211
969.04699,0.00136
968.08276,-0.00105
967.11853,-0.00337
966.15431,-0.00412
965.19008,-0.00309
964.22586,-0.00100
963.26163,0.00132
962.29740,0.00322
961.33318,0.00403
960.36895,0.00326
959.40473,0.00132
958.44050,-0.00033
957.47628,-0.00043
956.51205,0.00082
955.54782,0.00198
954.58360,0.00188
953.61937,0.00074
952.65515,-0.00034
951.69092,-0.00067
950.72669,-0.00040
949.76247,0.00023
948.79824,0.00130
947.83402,0.00265
946.86979,0.00342
945.90556,0.00272
944.94134,0.00093
943.97711,-0.00030
943.01289,0.00035
942.04866,0.00242
941.08444,0.00422
940.12021,0.00447
939.15598,0.00328
938.19176,0.00144
937.22753,-0.00047
936.26331,-0.00205
935.29908,-0.00249
934.33485,-0.00085
933.37063,0.00283
932.40640,0.00693
931.44218,0.00931
930.47795,0.00900
929.51373,0.00678
928.54950,0.00440
927.58527,0.00335
926.62105,0.00413
925.65682,0.00615
924.69260,0.00802
923.72837,0.00833
922.76414,0.00669
921.79992,0.00405
920.83569,0.00183
919.87147,0.00070
918.90724,0.00045
917.94302,0.00076
916.97879,0.00171
916.01456,0.00308
915.05034,0.00366
914.08611,0.00196
913.12189,-0.00196
912.15766,-0.00599
911.19343,-0.00758
910.22921,-0.00589
909.26498,-0.00215
908.30076,0.00185
907.33653,0.00513
906.37230,0.00714
905.40808,0.00723
904.44385,0.00513
903.47963,0.00189
902.51540,-0.00060
901.55118,-0.00140
900.58695,-0.00162
899.62272,-0.00304
898.65850,-0.00576
897.69427,-0.00780
896.73005,-0.00719
895.76582,-0.00411
894.80159,-0.00072
893.83737,0.00113
892.87314,0.00150
891.90892,0.00179
890.94469,0.00280
889.98047,0.00373
889.01624,0.00289
888.05201,-0.00060
887.08779,-0.00591
886.12356,-0.01098
885.15934,-0.01403
884.19511,-0.01476
883.23088,-0.01419
882.26666,-0.01339
881.30243,-0.01270
880.33821,-0.01186
879.37398,-0.01076
878.40975,-0.00954
877.44553,-0.00807
876.48130,-0.00599
875.51708,-0.00337
874.55285,-0.00128
873.58863,-0.00089
872.62440,-0.00196
871.66017,-0.00260
870.69595,-0.00096
869.73172,0.00296
868.76750,0.00725
867.80327,0.00974
866.83904,0.00948
865.87482,0.00662
864.91059,0.00175
863.94637,-0.00417
862.98214,-0.00931
862.01792,-0.01142
861.05369,-0.00949
860.08946,-0.00487
859.12524,-0.00021
858.16101,0.00252
857.19679,0.00308
856.23256,0.00217
855.26833,0.00041
854.30411,-0.00158
853.33988,-0.00284
852.37566,-0.00252
851.41143,-0.00101
850.44721,0.00001
849.48298,-0.00094
848.51875,-0.00351
847.55453,-0.00556
846.59030,-0.00505
845.62608,-0.00184
844.66185,0.00248
843.69762,0.00608
842.73340,0.00825
841.76917,0.00907
840.80495,0.00850
839.84072,0.00600
838.87649,0.00141
837.91227,-0.00412
836.94804,-0.00842
835.98382,-0.00985
835.01959,-0.00871
834.05537,-0.00685
833.09114,-0.00569
832.12691,-0.00489
831.16269,-0.00315
830.19846,-0.00004
829.23424,0.00337
828.27001,0.00578
827.30578,0.00715
826.34156,0.00834
825.37733,0.00938
824.41311,0.00885
823.44888,0.00548
822.48466,0.00011
821.52043,-0.00456
820.55620,-0.00632
819.59198,-0.00538
818.62775,-0.00374
817.66353,-0.00317
816.69930,-0.00402
815.73507,-0.00528
814.77085,-0.00538
813.80662,-0.00323
812.84240,0.00094
811.87817,0.00531
810.91395,0.00752
809.94972,0.00638
808.98549,0.00288
808.02127,-0.00077
807.05704,-0.00314
806.09282,-0.00454
805.12859,-0.00575
804.16436,-0.00657
803.20014,-0.00592
802.23591,-0.00327
801.27169,0.00041
800.30746,0.00340
799.34323,0.00438
798.37901,0.00306
797.41478,0.00019
796.45056,-0.00270
795.48633,-0.00390
794.52211,-0.00270
793.55788,-0.00025
792.59365,0.00107
791.62943,-0.00018
790.66520,-0.00307
789.70098,-0.00512
788.73675,-0.00460
787.77252,-0.00200
786.80830,0.00076
785.84407,0.00211
784.87985,0.00170
783.91562,0.00010
782.95140,-0.00175
781.98717,-0.00285
781.02294,-0.00249
780.05872,-0.00100
779.09449,0.00025
778.13027,0.00007
777.16604,-0.00106
776.20181,-0.00118
775.23759,0.00121
774.27336,0.00530
773.30914,0.00849
772.34491,0.00859
771.38068,0.00560
770.41646,0.00152
769.45223,-0.00137
768.48801,-0.00221
767.52378,-0.00174
766.55956,-0.00142
765.59533,-0.00227
764.63110,-0.00427
763.66688,-0.00636
762.70265,-0.00717
761.73843,-0.00590
760.77420,-0.00301
759.80997,0.00005
758.84575,0.00177
757.88152,0.00149
756.91730,-0.00016
755.95307,-0.00168
754.98885,-0.00193
754.02462,-0.00093
753.06039,0.00041
752.09617,0.00146
751.13194,0.00247
750.16772,0.00409
749.20349,0.00613
748.23926,0.00734
747.27504,0.00665
746.31081,0.00455
745.34659,0.00280
744.38236,0.00280
743.41814,0.00443
742.45391,0.00652
741.48968,0.00813
740.52546,0.00909
739.56123,0.00950
738.59701,0.00899
737.63278,0.00702
736.66855,0.00362
735.70433,-0.00041
734.74010,-0.00395
733.77588,-0.00603
732.81165,-0.00620
731.84742,-0.00472
730.88320,-0.00263
729.91897,-0.00109
728.95475,-0.00040
727.99052,0.00010
727.02630,0.00080
726.06207,0.00077
725.09784,-0.00159
724.13362,-0.00631
723.16939,-0.01094
722.20517,-0.01215
721.24094,-0.00895
720.27671,-0.00377
719.31249,-0.00004
718.34826,0.00075
717.38404,-0.00019
716.41981,-0.00073
715.45559,0.00015
714.49136,0.00188
713.52713,0.00339
712.56291,0.00400
711.59868,0.00373
710.63446,0.00302
709.67023,0.00240
708.70600,0.00217
707.74178,0.00232
706.77755,0.00270
705.81333,0.00337
704.84910,0.00458
703.88487,0.00626
702.92065,0.00774
701.95642,0.00822
700.99220,0.00750
700.02797,0.00617
699.06375,0.00499
698.09952,0.00432
697.13529,0.00406
696.17107,0.00408
695.20684,0.00430
694.24262,0.00435
693.27839,0.00370
692.31416,0.00212
691.34994,-0.00006
690.38571,-0.00231
689.42149,-0.00441
688.45726,-0.00607
687.49304,-0.00639
686.52881,-0.00424
685.56458,0.00026
684.60036,0.00496
683.63613,0.00730
682.67191,0.00666
681.70768,0.00514
680.74345,0.00541
679.77923,0.00809
678.81500,0.01144
677.85078,0.01341
676.88655,0.01367
675.92233,0.01325
674.95810,0.01279
673.99387,0.01182
673.02965,0.00983
672.06542,0.00751
671.10120,0.00645
670.13697,0.00764
669.17274,0.01026
668.20852,0.01189
667.24429,0.01004
666.28007,0.00430
665.31584,-0.00327
664.35161,-0.00967
663.38739,-0.01252
662.42316,-0.01079
661.45894,-0.00536
660.49471,0.00144
659.53049,0.00726
658.56626,0.01074
657.60203,0.01165
656.63781,0.01040
655.67358,0.00769
654.70936,0.00428
653.74513,0.00080
652.78090,-0.00245
651.81668,-0.00542
650.85245,-0.00799
649.88823,-0.00963
648.92400,-0.00954
647.95978,-0.00739
646.99555,-0.00376
646.03132,0.00014
645.06710,0.00315
644.10287,0.00460
643.13865,0.00423
642.17442,0.00226
641.21019,-0.00030
640.24597,-0.00169
639.28174,-0.00028
638.31752,0.00387
637.35329,0.00867
636.38907,0.01145
635.42484,0.01125
634.46061,0.00991
633.49639,0.01053
632.53216,0.01435
631.56794,0.01935
630.60371,0.02204
629.63948,0.02066
628.67526,0.01648
627.71103,0.01222
626.74681,0.00969
625.78258,0.00888
624.81835,0.00898
623.85413,0.00921
622.88990,0.00876
621.92568,0.00663
620.96145,0.00251
619.99723,-0.00203
619.03300,-0.00385
618.06877,-0.00056
617.10455,0.00733
616.14032,0.01631
615.17610,0.02194
614.21187,0.02151
613.24764,0.01505
612.28342,0.00452
611.31919,-0.00712
610.35497,-0.01642
609.39074,-0.02058
608.42652,-0.01891
607.46229,-0.01351
606.49806,-0.00799
605.53384,-0.00547
604.56961,-0.00669
603.60539,-0.00958
602.64116,-0.01087
601.67693,-0.00864
600.71271,-0.00398
599.74848,-0.00030
598.78426,-0.00024
597.82003,-0.00380
596.85580,-0.00911
595.89158,-0.01445
594.92735,-0.01970
593.96313,-0.02506
592.99890,-0.02897
592.03468,-0.02826
591.07045,-0.02123
590.10622,-0.01039
589.14200,-0.00061
588.17777,0.00510
587.21355,0.00750
586.24932,0.00895
585.28509,0.01032
584.32087,0.01065
583.35664,0.00967
582.39242,0.00977
581.42819,0.01395
580.46397,0.02153
579.49974,0.02616
578.53551,0.02069
577.57129,0.00503
576.60706,-0.01200
575.64284,-0.01964
574.67861,-0.01330
573.71438,0.00200
572.75016,0.01561
571.78593,0.02005
570.82171,0.01668
569.85748,0.01152
568.89326,0.00723
567.92903,0.00148
566.96480,-0.00789
566.00058,-0.01745
565.03635,-0.01966
564.07213,-0.00987
563.10790,0.00874
562.14367,0.02786
561.17945,0.04071
560.21522,0.04549
559.25100,0.04449
558.28677,0.04184
557.32254,0.03981
556.35832,0.03882
555.39409,0.03761
554.42987,0.03453
553.46564,0.03074
552.50142,0.02928
551.53719,0.03046
550.57296,0.03071
549.60874,0.03091
548.64451,0.03667
547.68029,0.05251
546.71606,0.07287
545.75183,0.08626
544.78761,0.09247
543.82338,0.11566
542.85916,0.18700
541.89493,0.28385
540.93071,0.31727
539.96648,0.24760
539.00225,0.13453
538.03803,0.06013
537.07380,0.06629
536.10958,0.12826
535.14535,0.18934
534.18112,0.22400
533.21690,0.23649
532.25267,0.23866
531.28845,0.22321
530.32422,0.16764
529.36000,0.07060
528.39577,-0.04591
527.43154,-0.15684
526.46732,-0.25049
525.50309,-0.31602
524.53887,-0.33989
523.57464,-0.31196
522.61041,-0.21685
521.64619,-0.07499
520.68196,0.07608
519.71774,0.20205
518.75351,0.25982
517.78928,0.20971
516.82506,0.09470
515.86083,0.02533
514.89661,0.04621
513.93238,0.09887
512.96816,0.11934
512.00393,0.09177
511.03970,0.05542
510.07548,0.04819
509.11125,0.09197
508.14703,0.19542
507.18280,0.32997
506.21857,0.39104
505.25435,0.33848
504.29012,0.25079
503.32590,0.19029
502.36167,0.17245
501.39745,0.18273
500.43322,0.18959
499.46899,0.15515
498.50477,0.10156
497.54054,0.06740
496.57632,0.06063
495.61209,0.05234
494.64786,0.00668
493.68364,-0.05633
492.71941,-0.06516
491.75519,0.01695
490.79096,0.16019
489.82673,0.31708
488.86251,0.44925
487.89828,0.49001
486.93406,0.37655
485.96983,0.18688
485.00561,0.03521
484.04138,-0.06609
483.07715,-0.12083
482.11293,-0.12768
481.14870,-0.08596
480.18448,-0.00871
479.22025,0.06569
478.25602,0.12286
477.29180,0.18072
476.32757,0.24144
475.36335,0.28143
474.39912,0.21572
473.43490,0.00609
472.47067,-0.22796
471.50644,-0.37635
470.54222,-0.41202
469.57799,-0.35002
468.61377,-0.18960
467.64954,0.06633
466.68531,0.38165
465.72109,0.57678
464.75686,0.48868
463.79264,0.32211
462.82841,0.20203
461.86419,0.13566
460.89996,0.07341
459.93573,-0.00077
458.97151,-0.06376
458.00728,-0.07714
457.04306,-0.02349
456.07883,0.07132
455.11460,0.17802
454.15038,0.24751
453.18615,0.13714
452.22193,-0.04614
451.25770,-0.06007
450.29347,0.09431
449.32925,0.26151
448.36502,0.27262
447.40080,0.15992
446.43657,0.01772
445.47235,-0.11468
444.50812,-0.11757
443.54389,0.02846
442.57967,0.15339
441.61544,0.16309
440.65122,0.06702
439.68699,-0.06392
438.72276,-0.12030
437.75854,-0.02000
436.79431,0.15664
435.83009,0.19226
434.86586,0.11613
433.90164,0.08941
432.93741,0.14732
431.97318,0.25876
431.00896,0.32835
430.04473,0.19919
429.08051,-0.14538
428.11628,-0.53810
427.15205,-0.73015
426.18783,-0.52937
425.22360,-0.21388
424.25938,0.00799
423.29515,0.06675
422.33092,0.07672
421.36670,0.11071
420.40247,0.18116
419.43825,0.25710
418.47402,0.32412
417.50980,0.38172
416.54557,0.38676
415.58134,0.28239
414.61712,0.14708
413.65289,0.02618
412.68867,-0.11175
411.72444,-0.28373
410.76021,-0.46118
409.79599,-0.55190
408.83176,-0.48166
407.86754,-0.34440
406.90331,-0.22134
405.93909,-0.08106
404.97486,0.10404
404.01063,0.22164
403.04641,0.13200
402.08218,-0.06002
401.11796,-0.21051
400.15373,-0.25102
399.18950,-0.12441
398.22528,0.14637
397.26105,0.45518
396.29683,0.70159
395.33260,0.97201
394.36838,1.62583
393.40415,1.27279
392.43992,0.63294
391.47570,0.30207
390.51147,0.13378
389.54725,0.05281
388.58302,0.01192
387.61879,-0.01675
386.65457,-0.08362
385.69034,-0.17284
384.72612,-0.17324
383.76189,-0.00036
382.79766,0.29323
381.83344,0.52091
380.86921,0.48669
379.90499,0.36398
378.94076,0.33239
377.97654,0.41193
377.01231,0.52849
376.04808,0.58354
375.08386,0.55628
374.11963,0.51417
373.15541,0.49423
372.19118,0.34980
371.22695,0.18357
370.26273,0.15875
369.29850,0.25910
368.33428,0.34343
367.37005,0.34220
366.40583,0.19601
365.44160,-0.07916
364.47737,-0.38586
363.51315,-0.54928
362.54892,-0.49861
361.58470,-0.45246
360.62047,-0.25901
359.65624,0.05364
358.69202,0.30823
357.72779,0.28404
356.76357,0.11157
355.79934,-0.04722
354.83512,-0.15926
353.87089,-0.20607
352.90666,-0.15275
351.94244,-0.01496
350.97821,0.09932
350.01399,0.12686
349.04976,0.11889
