3946.57643,0.00255
3945.61220,0.00232
3944.64798,0.00177
3943.68375,0.00147
3942.71953,0.00166
3941.75530,0.00219
3940.79107,0.00284
3939.82685,0.00362
3938.86262,0.00450
3937.89840,0.00513
3936.93417,0.00497
3935.96994,0.00385
3935.00572,0.00227
3934.04149,0.00103
3933.07727,0.00054
3932.11304,0.00068
3931.14882,0.00107
3930.18459,0.00149
3929.22036,0.00185
3928.25614,0.00202
3927.29191,0.00184
3926.32769,0.00131
3925.36346,0.00064
3924.39923,0.00006
3923.43501,-0.00040
3922.47078,-0.00073
3921.50656,-0.00080
3920.54233,-0.00047
3919.57811,0.00011
3918.61388,0.00055
3917.64965,0.00061
3916.68543,0.00048
3915.72120,0.00052
3914.75698,0.00076
3913.79275,0.00084
3912.82852,0.00046
3911.86430,-0.00018
3910.90007,-0.00055
3909.93585,-0.00031
3908.97162,0.00040
3908.00739,0.00115
3907.04317,0.00166
3906.07894,0.00190
3905.11472,0.00198
3904.15049,0.00197
3903.18627,0.00195
3902.22204,0.00200
3901.25781,0.00208
3900.29359,0.00202
3899.32936,0.00166
3898.36514,0.00103
3897.40091,0.00031
3896.43668,-0.00038
3895.47246,-0.00094
3894.50823,-0.00121
3893.54401,-0.00101
3892.57978,-0.00041
3891.61556,0.00007
3890.65133,-0.00018
3889.68710,-0.00124
3888.72288,-0.00247
3887.75865,-0.00300
3886.79443,-0.00249
3885.83020,-0.00138
3884.86597,-0.00045
3883.90175,-0.00010
3882.93752,-0.00014
3881.97330,-0.00020
3881.00907,-0.00021
3880.04485,-0.00040
3879.08062,-0.00095
3878.11639,-0.00170
3877.15217,-0.00224
3876.18794,-0.00226
3875.22372,-0.00174
3874.25949,-0.00098
3873.29526,-0.00037
3872.33104,-0.00015
3871.36681,-0.00031
3870.40259,-0.00062
3869.43836,-0.00083
3868.47413,-0.00076
3867.50991,-0.00042
3866.54568,0.00003
3865.58146,0.00041
3864.61723,0.00054
3863.65301,0.00033
3862.68878,-0.00025
3861.72455,-0.00113
3860.76033,-0.00216
3859.79610,-0.00303
3858.83188,-0.00343
3857.86765,-0.00321
3856.90342,-0.00246
3855.93920,-0.00152
3854.97497,-0.00073
3854.01075,-0.00024
3853.04652,0.00001
3852.08230,0.00014
3851.11807,0.00016
3850.15384,-0.00002
3849.18962,-0.00047
3848.22539,-0.00109
3847.26117,-0.00157
3846.29694,-0.00156
3845.33271,-0.00093
3844.36849,0.00012
3843.40426,0.00108
3842.44004,0.00149
3841.47581,0.00128
3840.51159,0.00076
3839.54736,0.00031
3838.58313,0.00006
3837.61891,-0.00016
3836.65468,-0.00049
3835.69046,-0.00083
3834.72623,-0.00100
3833.76200,-0.00098
3832.79778,-0.00098
3831.83355,-0.00117
3830.86933,-0.00140
3829.90510,-0.00141
3828.94087,-0.00111
3827.97665,-0.00079
3827.01242,-0.00079
3826.04820,-0.00118
3825.08397,-0.00160
3824.11975,-0.00164
3823.15552,-0.00118
3822.19129,-0.00054
3821.22707,-0.00016
3820.26284,-0.00035
3819.29862,-0.00105
3818.33439,-0.00191
3817.37016,-0.00252
3816.40594,-0.00263
3815.44171,-0.00233
3814.47749,-0.00187
3813.51326,-0.00146
3812.54904,-0.00112
3811.58481,-0.00080
3810.62058,-0.00057
3809.65636,-0.00053
3808.69213,-0.00067
3807.72791,-0.00073
3806.76368,-0.00046
3805.79945,0.00015
3804.83523,0.00081
3803.87100,0.00122
3802.90678,0.00128
3801.94255,0.00108
3800.97832,0.00072
3800.01410,0.00026
3799.04987,-0.00015
3798.08565,-0.00030
3797.12142,-0.00006
3796.15720,0.00048
3795.19297,0.00102
3794.22874,0.00133
3793.26452,0.00142
3792.30029,0.00143
3791.33607,0.00147
3790.37184,0.00158
3789.40761,0.00168
3788.44339,0.00167
3787.47916,0.00140
3786.51494,0.00079
3785.55071,-0.00001
3784.58649,-0.00060
3783.62226,-0.00072
3782.65803,-0.00040
3781.69381,0.00002
3780.72958,0.00033
3779.76536,0.00055
3778.80113,0.00084
3777.83690,0.00116
3776.87268,0.00130
3775.90845,0.00124
3774.94423,0.00122
3773.98000,0.00143
3773.01578,0.00172
3772.05155,0.00160
3771.08732,0.00085
3770.12310,-0.00022
3769.15887,-0.00096
3768.19465,-0.00099
3767.23042,-0.00051
3766.26619,0.00002
3765.30197,0.00035
3764.33774,0.00055
3763.37352,0.00082
3762.40929,0.00114
3761.44506,0.00133
3760.48084,0.00123
3759.51661,0.00080
3758.55239,0.00017
3757.58816,-0.00046
3756.62394,-0.00090
3755.65971,-0.00100
3754.69548,-0.00077
3753.73126,-0.00038
3752.76703,-0.00009
3751.80281,-0.00005
3750.83858,-0.00025
3749.87435,-0.00054
3748.91013,-0.00074
3747.94590,-0.00078
3746.98168,-0.00069
3746.01745,-0.00063
3745.05323,-0.00068
3744.08900,-0.00079
3743.12477,-0.00079
3742.16055,-0.00054
3741.19632,-0.00009
3740.23210,0.00035
3739.26787,0.00056
3738.30364,0.00047
3737.33942,0.00020
3736.37519,-0.00010
3735.41097,-0.00031
3734.44674,-0.00037
3733.48251,-0.00025
3732.51829,-0.00003
3731.55406,0.00016
3730.58984,0.00017
3729.62561,0.00005
3728.66139,-0.00006
3727.69716,-0.00003
3726.73293,0.00011
3725.76871,0.00032
3724.80448,0.00057
3723.84026,0.00092
3722.87603,0.00131
3721.91180,0.00157
3720.94758,0.00149
3719.98335,0.00110
3719.01913,0.00062
3718.05490,0.00030
3717.09068,0.00024
3716.12645,0.00034
3715.16222,0.00048
3714.19800,0.00058
3713.23377,0.00063
3712.26955,0.00065
3711.30532,0.00069
3710.34109,0.00078
3709.37687,0.00093
3708.41264,0.00106
3707.44842,0.00105
3706.48419,0.00092
3705.51997,0.00076
3704.55574,0.00070
3703.59151,0.00074
3702.62729,0.00074
3701.66306,0.00058
3700.69884,0.00027
3699.73461,0.00002
3698.77038,0.00000
3697.80616,0.00027
3696.84193,0.00071
3695.87771,0.00114
3694.91348,0.00142
3693.94925,0.00151
3692.98503,0.00144
3692.02080,0.00130
3691.05658,0.00127
3690.09235,0.00151
3689.12813,0.00205
3688.16390,0.00274
3687.19967,0.00325
3686.23545,0.00337
3685.27122,0.00317
3684.30700,0.00292
3683.34277,0.00283
3682.37854,0.00285
3681.41432,0.00284
3680.45009,0.00270
3679.48587,0.00255
3678.52164,0.00251
3677.55742,0.00257
3676.59319,0.00260
3675.62896,0.00262
3674.66474,0.00286
3673.70051,0.00348
3672.73629,0.00434
3671.77206,0.00505
3670.80783,0.00531
3669.84361,0.00518
3668.87938,0.00498
3667.91516,0.00497
3666.95093,0.00512
3665.98671,0.00522
3665.02248,0.00521
3664.05825,0.00520
3663.09403,0.00535
3662.12980,0.00566
3661.16558,0.00601
3660.20135,0.00629
3659.23712,0.00649
3658.27290,0.00669
3657.30867,0.00694
3656.34445,0.00718
3655.38022,0.00733
3654.41599,0.00733
3653.45177,0.00720
3652.48754,0.00705
3651.52332,0.00703
3650.55909,0.00726
3649.59487,0.00774
3648.63064,0.00823
3647.66641,0.00845
3646.70219,0.00825
3645.73796,0.00778
3644.77374,0.00739
3643.80951,0.00740
3642.84528,0.00785
3641.88106,0.00846
3640.91683,0.00887
3639.95261,0.00889
3638.98838,0.00864
3638.02416,0.00842
3637.05993,0.00849
3636.09570,0.00890
3635.13148,0.00943
3634.16725,0.00971
3633.20303,0.00951
3632.23880,0.00894
3631.27457,0.00840
3630.31035,0.00836
3629.34612,0.00894
3628.38190,0.00987
3627.41767,0.01066
3626.45344,0.01104
3625.48922,0.01106
3624.52499,0.01095
3623.56077,0.01084
3622.59654,0.01074
3621.63232,0.01061
3620.66809,0.01045
3619.70386,0.01029
3618.73964,0.01014
3617.77541,0.00997
3616.81119,0.00984
3615.84696,0.00983
3614.88273,0.01001
3613.91851,0.01030
3612.95428,0.01050
3611.99006,0.01045
3611.02583,0.01016
3610.06161,0.00979
3609.09738,0.00952
3608.13315,0.00944
3607.16893,0.00952
3606.20470,0.00966
3605.24048,0.00983
3604.27625,0.01005
3603.31202,0.01029
3602.34780,0.01052
3601.38357,0.01070
3600.41935,0.01091
3599.45512,0.01125
3598.49090,0.01166
3597.52667,0.01188
3596.56244,0.01166
3595.59822,0.01109
3594.63399,0.01067
3593.66977,0.01085
3592.70554,0.01164
3591.74131,0.01254
3590.77709,0.01304
3589.81286,0.01301
3588.84864,0.01269
3587.88441,0.01234
3586.92018,0.01202
3585.95596,0.01170
3584.99173,0.01144
3584.02751,0.01135
3583.06328,0.01142
3582.09906,0.01152
3581.13483,0.01157
3580.17060,0.01162
3579.20638,0.01177
3578.24215,0.01202
3577.27793,0.01219
3576.31370,0.01223
3575.34947,0.01224
3574.38525,0.01233
3573.42102,0.01249
3572.45680,0.01257
3571.49257,0.01255
3570.52835,0.01257
3569.56412,0.01279
3568.59989,0.01318
3567.63567,0.01355
3566.67144,0.01372
3565.70722,0.01373
3564.74299,0.01372
3563.77876,0.01381
3562.81454,0.01398
3561.85031,0.01415
3560.88609,0.01422
3559.92186,0.01416
3558.95764,0.01395
3557.99341,0.01367
3557.02918,0.01345
3556.06496,0.01339
3555.10073,0.01350
3554.13651,0.01363
3553.17228,0.01369
3552.20805,0.01362
3551.24383,0.01347
3550.27960,0.01328
3549.31538,0.01309
3548.35115,0.01300
3547.38692,0.01311
3546.42270,0.01336
3545.45847,0.01355
3544.49425,0.01343
3543.53002,0.01298
3542.56580,0.01254
3541.60157,0.01251
3540.63734,0.01302
3539.67312,0.01377
3538.70889,0.01431
3537.74467,0.01443
3536.78044,0.01435
3535.81621,0.01443
3534.85199,0.01478
3533.88776,0.01516
3532.92354,0.01524
3531.95931,0.01500
3530.99509,0.01470
3530.03086,0.01463
3529.06663,0.01474
3528.10241,0.01475
3527.13818,0.01445
3526.17396,0.01395
3525.20973,0.01359
3524.24550,0.01360
3523.28128,0.01391
3522.31705,0.01421
3521.35283,0.01422
3520.38860,0.01390
3519.42437,0.01350
3518.46015,0.01328
3517.49592,0.01338
3516.53170,0.01371
3515.56747,0.01412
3514.60325,0.01448
3513.63902,0.01476
3512.67479,0.01494
3511.71057,0.01497
3510.74634,0.01481
3509.78212,0.01453
3508.81789,0.01432
3507.85366,0.01435
3506.88944,0.01459
3505.92521,0.01491
3504.96099,0.01512
3503.99676,0.01513
3503.03254,0.01496
3502.06831,0.01473
3501.10408,0.01461
3500.13986,0.01474
3499.17563,0.01522
3498.21141,0.01596
3497.24718,0.01675
3496.28295,0.01731
3495.31873,0.01743
3494.35450,0.01705
3493.39028,0.01632
3492.42605,0.01558
3491.46183,0.01519
3490.49760,0.01532
3489.53337,0.01582
3488.56915,0.01628
3487.60492,0.01638
3486.64070,0.01604
3485.67647,0.01551
3484.71224,0.01514
3483.74802,0.01517
3482.78379,0.01565
3481.81957,0.01637
3480.85534,0.01696
3479.89111,0.01708
3478.92689,0.01669
3477.96266,0.01609
3476.99844,0.01568
3476.03421,0.01568
3475.06999,0.01595
3474.10576,0.01628
3473.14153,0.01663
3472.17731,0.01713
3471.21308,0.01786
3470.24886,0.01869
3469.28463,0.01931
3468.32040,0.01949
3467.35618,0.01917
3466.39195,0.01849
3465.42773,0.01772
3464.46350,0.01722
3463.49928,0.01727
3462.53505,0.01781
3461.57082,0.01848
3460.60660,0.01881
3459.64237,0.01871
3458.67815,0.01852
3457.71392,0.01864
3456.74969,0.01914
3455.78547,0.01966
3454.82124,0.01979
3453.85702,0.01948
3452.89279,0.01901
3451.92856,0.01873
3450.96434,0.01878
3450.00011,0.01907
3449.03589,0.01945
3448.07166,0.01978
3447.10744,0.01994
3446.14321,0.01976
3445.17898,0.01921
3444.21476,0.01845
3443.25053,0.01776
3442.28631,0.01728
3441.32208,0.01685
3440.35785,0.01619
3439.39363,0.01527
3438.42940,0.01446
3437.46518,0.01424
3436.50095,0.01472
3435.53673,0.01559
3434.57250,0.01636
3433.60827,0.01689
3432.64405,0.01739
3431.67982,0.01804
3430.71560,0.01868
3429.75137,0.01886
3428.78714,0.01831
3427.82292,0.01724
3426.85869,0.01622
3425.89447,0.01574
3424.93024,0.01592
3423.96602,0.01649
3423.00179,0.01708
3422.03756,0.01745
3421.07334,0.01759
3420.10911,0.01767
3419.14489,0.01782
3418.18066,0.01807
3417.21643,0.01831
3416.25221,0.01845
3415.28798,0.01850
3414.32376,0.01849
3413.35953,0.01838
3412.39530,0.01810
3411.43108,0.01766
3410.46685,0.01729
3409.50263,0.01728
3408.53840,0.01773
3407.57418,0.01841
3406.60995,0.01901
3405.64572,0.01941
3404.68150,0.01967
3403.71727,0.01988
3402.75305,0.01993
3401.78882,0.01968
3400.82459,0.01919
3399.86037,0.01878
3398.89614,0.01874
3397.93192,0.01908
3396.96769,0.01960
3396.00347,0.02006
3395.03924,0.02035
3394.07501,0.02049
3393.11079,0.02046
3392.14656,0.02016
3391.18234,0.01964
3390.21811,0.01910
3389.25388,0.01886
3388.28966,0.01905
3387.32543,0.01950
3386.36121,0.01982
3385.39698,0.01976
3384.43276,0.01934
3383.46853,0.01880
3382.50430,0.01835
3381.54008,0.01808
3380.57585,0.01797
3379.61163,0.01807
3378.64740,0.01843
3377.68317,0.01899
3376.71895,0.01949
3375.75472,0.01963
3374.79050,0.01934
3373.82627,0.01886
3372.86204,0.01847
3371.89782,0.01830
3370.93359,0.01827
3369.96937,0.01821
3369.00514,0.01806
3368.04092,0.01788
3367.07669,0.01776
3366.11246,0.01776
3365.14824,0.01788
3364.18401,0.01812
3363.21979,0.01840
3362.25556,0.01865
3361.29133,0.01881
3360.32711,0.01887
3359.36288,0.01885
3358.39866,0.01874
3357.43443,0.01848
3356.47021,0.01808
3355.50598,0.01768
3354.54175,0.01754
3353.57753,0.01785
3352.61330,0.01863
3351.64908,0.01960
3350.68485,0.02037
3349.72062,0.02060
3348.75640,0.02020
3347.79217,0.01942
3346.82795,0.01867
3345.86372,0.01827
3344.89949,0.01826
3343.93527,0.01848
3342.97104,0.01878
3342.00682,0.01914
3341.04259,0.01959
3340.07837,0.02005
3339.11414,0.02029
3338.14991,0.02015
3337.18569,0.01970
3336.22146,0.01922
3335.25724,0.01896
3334.29301,0.01898
3333.32878,0.01921
3332.36456,0.01953
3331.40033,0.01988
3330.43611,0.02017
3329.47188,0.02032
3328.50766,0.02028
3327.54343,0.02012
3326.57920,0.01996
3325.61498,0.01987
3324.65075,0.01980
3323.68653,0.01970
3322.72230,0.01959
3321.75807,0.01954
3320.79385,0.01958
3319.82962,0.01966
3318.86540,0.01969
3317.90117,0.01965
3316.93695,0.01964
3315.97272,0.01974
3315.00849,0.02000
3314.04427,0.02032
3313.08004,0.02051
3312.11582,0.02039
3311.15159,0.01988
3310.18736,0.01919
3309.22314,0.01863
3308.25891,0.01845
3307.29469,0.01862
3306.33046,0.01892
3305.36623,0.01918
3304.40201,0.01942
3303.43778,0.01969
3302.47356,0.01992
3301.50933,0.01990
3300.54511,0.01947
3299.58088,0.01871
3298.61665,0.01790
3297.65243,0.01736
3296.68820,0.01730
3295.72398,0.01780
3294.75975,0.01869
3293.79552,0.01956
3292.83130,0.01987
3291.86707,0.01938
3290.90285,0.01837
3289.93862,0.01747
3288.97440,0.01712
3288.01017,0.01731
3287.04594,0.01766
3286.08172,0.01787
3285.11749,0.01793
3284.15327,0.01796
3283.18904,0.01805
3282.22481,0.01817
3281.26059,0.01830
3280.29636,0.01848
3279.33214,0.01869
3278.36791,0.01880
3277.40369,0.01867
3276.43946,0.01835
3275.47523,0.01800
3274.51101,0.01781
3273.54678,0.01781
3272.58256,0.01791
3271.61833,0.01799
3270.65410,0.01800
3269.68988,0.01795
3268.72565,0.01790
3267.76143,0.01791
3266.79720,0.01801
3265.83297,0.01817
3264.86875,0.01828
3263.90452,0.01829
3262.94030,0.01818
3261.97607,0.01805
3261.01185,0.01801
3260.04762,0.01810
3259.08339,0.01828
3258.11917,0.01843
3257.15494,0.01841
3256.19072,0.01813
3255.22649,0.01769
3254.26226,0.01728
3253.29804,0.01708
3252.33381,0.01714
3251.36959,0.01733
3250.40536,0.01748
3249.44114,0.01750
3248.47691,0.01742
3247.51268,0.01735
3246.54846,0.01740
3245.58423,0.01755
3244.62001,0.01768
3243.65578,0.01760
3242.69155,0.01728
3241.72733,0.01687
3240.76310,0.01662
3239.79888,0.01663
3238.83465,0.01677
3237.87042,0.01685
3236.90620,0.01683
3235.94197,0.01686
3234.97775,0.01699
3234.01352,0.01711
3233.04930,0.01700
3232.08507,0.01663
3231.12084,0.01621
3230.15662,0.01598
3229.19239,0.01605
3228.22817,0.01630
3227.26394,0.01652
3226.29971,0.01659
3225.33549,0.01645
3224.37126,0.01616
3223.40704,0.01585
3222.44281,0.01568
3221.47859,0.01576
3220.51436,0.01606
3219.55013,0.01639
3218.58591,0.01658
3217.62168,0.01656
3216.65746,0.01637
3215.69323,0.01617
3214.72900,0.01608
3213.76478,0.01613
3212.80055,0.01623
3211.83633,0.01627
3210.87210,0.01622
3209.90788,0.01618
3208.94365,0.01622
3207.97942,0.01629
3207.01520,0.01627
3206.05097,0.01611
3205.08675,0.01591
3204.12252,0.01574
3203.15829,0.01552
3202.19407,0.01515
3201.22984,0.01472
3200.26562,0.01453
3199.30139,0.01483
3198.33716,0.01547
3197.37294,0.01601
3196.40871,0.01609
3195.44449,0.01575
3194.48026,0.01537
3193.51604,0.01525
3192.55181,0.01541
3191.58758,0.01560
3190.62336,0.01560
3189.65913,0.01533
3188.69491,0.01488
3187.73068,0.01447
3186.76645,0.01430
3185.80223,0.01440
3184.83800,0.01459
3183.87378,0.01465
3182.90955,0.01447
3181.94533,0.01421
3180.98110,0.01407
3180.01687,0.01411
3179.05265,0.01422
3178.08842,0.01429
3177.12420,0.01432
3176.15997,0.01436
3175.19574,0.01440
3174.23152,0.01431
3173.26729,0.01409
3172.30307,0.01389
3171.33884,0.01391
3170.37461,0.01416
3169.41039,0.01441
3168.44616,0.01444
3167.48194,0.01419
3166.51771,0.01386
3165.55349,0.01367
3164.58926,0.01368
3163.62503,0.01373
3162.66081,0.01370
3161.69658,0.01360
3160.73236,0.01354
3159.76813,0.01360
3158.80390,0.01369
3157.83968,0.01364
3156.87545,0.01338
3155.91123,0.01301
3154.94700,0.01275
3153.98278,0.01272
3153.01855,0.01290
3152.05432,0.01313
3151.09010,0.01330
3150.12587,0.01332
3149.16165,0.01324
3148.19742,0.01314
3147.23319,0.01309
3146.26897,0.01311
3145.30474,0.01308
3144.34052,0.01293
3143.37629,0.01271
3142.41207,0.01256
3141.44784,0.01255
3140.48361,0.01254
3139.51939,0.01240
3138.55516,0.01211
3137.59094,0.01181
3136.62671,0.01163
3135.66248,0.01154
3134.69826,0.01147
3133.73403,0.01148
3132.76981,0.01175
3131.80558,0.01230
3130.84135,0.01285
3129.87713,0.01304
3128.91290,0.01275
3127.94868,0.01220
3126.98445,0.01168
3126.02023,0.01137
3125.05600,0.01126
3124.09177,0.01131
3123.12755,0.01147
3122.16332,0.01160
3121.19910,0.01154
3120.23487,0.01125
3119.27064,0.01090
3118.30642,0.01069
3117.34219,0.01063
3116.37797,0.01057
3115.41374,0.01043
3114.44952,0.01035
3113.48529,0.01054
3112.52106,0.01098
3111.55684,0.01141
3110.59261,0.01157
3109.62839,0.01147
3108.66416,0.01123
3107.69993,0.01091
3106.73571,0.01045
3105.77148,0.00983
3104.80726,0.00920
3103.84303,0.00883
3102.87881,0.00882
3101.91458,0.00909
3100.95035,0.00945
3099.98613,0.00977
3099.02190,0.00995
3098.05768,0.00992
3097.09345,0.00965
3096.12922,0.00927
3095.16500,0.00900
3094.20077,0.00905
3093.23655,0.00947
3092.27232,0.01009
3091.30809,0.01064
3090.34387,0.01095
3089.37964,0.01098
3088.41542,0.01089
3087.45119,0.01086
3086.48697,0.01096
3085.52274,0.01107
3084.55851,0.01095
3083.59429,0.01048
3082.63006,0.00975
3081.66584,0.00902
3080.70161,0.00847
3079.73738,0.00814
3078.77316,0.00796
3077.80893,0.00785
3076.84471,0.00782
3075.88048,0.00788
3074.91626,0.00802
3073.95203,0.00820
3072.98780,0.00837
3072.02358,0.00849
3071.05935,0.00858
3070.09513,0.00870
3069.13090,0.00892
3068.16667,0.00926
3067.20245,0.00957
3066.23822,0.00962
3065.27400,0.00932
3064.30977,0.00877
3063.34554,0.00829
3062.38132,0.00811
3061.41709,0.00827
3060.45287,0.00863
3059.48864,0.00905
3058.52442,0.00946
3057.56019,0.00982
3056.59596,0.01004
3055.63174,0.00996
3054.66751,0.00955
3053.70329,0.00891
3052.73906,0.00829
3051.77483,0.00789
3050.81061,0.00778
3049.84638,0.00796
3048.88216,0.00833
3047.91793,0.00869
3046.95371,0.00882
3045.98948,0.00864
3045.02525,0.00826
3044.06103,0.00794
3043.09680,0.00790
3042.13258,0.00808
3041.16835,0.00824
3040.20412,0.00816
3039.23990,0.00787
3038.27567,0.00759
3037.31145,0.00752
3036.34722,0.00769
3035.38300,0.00791
3034.41877,0.00801
3033.45454,0.00791
3032.49032,0.00769
3031.52609,0.00752
3030.56187,0.00746
3029.59764,0.00743
3028.63341,0.00735
3027.66919,0.00719
3026.70496,0.00705
3025.74074,0.00707
3024.77651,0.00722
3023.81228,0.00733
3022.84806,0.00720
3021.88383,0.00684
3020.91961,0.00646
3019.95538,0.00628
3018.99116,0.00632
3018.02693,0.00642
3017.06270,0.00639
3016.09848,0.00625
3015.13425,0.00615
3014.17003,0.00622
3013.20580,0.00635
3012.24157,0.00633
3011.27735,0.00607
3010.31312,0.00573
3009.34890,0.00557
3008.38467,0.00575
3007.42045,0.00620
3006.45622,0.00672
3005.49199,0.00717
3004.52777,0.00749
3003.56354,0.00770
3002.59932,0.00783
3001.63509,0.00792
3000.67086,0.00794
2999.70664,0.00782
2998.74241,0.00741
2997.77819,0.00669
2996.81396,0.00582
2995.84974,0.00511
2994.88551,0.00472
2993.92128,0.00461
2992.95706,0.00459
2991.99283,0.00457
2991.02861,0.00468
2990.06438,0.00502
2989.10015,0.00555
2988.13593,0.00601
2987.17170,0.00619
2986.20748,0.00611
2985.24325,0.00593
2984.27902,0.00580
2983.31480,0.00574
2982.35057,0.00573
2981.38635,0.00577
2980.42212,0.00590
2979.45790,0.00611
2978.49367,0.00627
2977.52944,0.00624
2976.56522,0.00597
2975.60099,0.00562
2974.63677,0.00544
2973.67254,0.00560
2972.70831,0.00603
2971.74409,0.00644
2970.77986,0.00659
2969.81564,0.00644
2968.85141,0.00619
2967.88719,0.00599
2966.92296,0.00580
2965.95873,0.00551
2964.99451,0.00513
2964.03028,0.00488
2963.06606,0.00492
2962.10183,0.00519
2961.13760,0.00546
2960.17338,0.00556
2959.20915,0.00554
2958.24493,0.00550
2957.28070,0.00545
2956.31647,0.00531
2955.35225,0.00511
2954.38802,0.00495
2953.42380,0.00491
2952.45957,0.00497
2951.49535,0.00503
2950.53112,0.00513
2949.56689,0.00526
2948.60267,0.00530
2947.63844,0.00508
2946.67422,0.00460
2945.70999,0.00420
2944.74576,0.00425
2943.78154,0.00478
2942.81731,0.00540
2941.85309,0.00569
2940.88886,0.00561
2939.92464,0.00542
2938.96041,0.00537
2937.99618,0.00548
2937.03196,0.00559
2936.06773,0.00567
2935.10351,0.00576
2934.13928,0.00584
2933.17505,0.00584
2932.21083,0.00570
2931.24660,0.00552
2930.28238,0.00542
2929.31815,0.00542
2928.35393,0.00542
2927.38970,0.00536
2926.42547,0.00531
2925.46125,0.00538
2924.49702,0.00559
2923.53280,0.00583
2922.56857,0.00602
2921.60434,0.00613
2920.64012,0.00617
2919.67589,0.00615
2918.71167,0.00607
2917.74744,0.00596
2916.78321,0.00582
2915.81899,0.00559
2914.85476,0.00519
2913.89054,0.00465
2912.92631,0.00417
2911.96209,0.00398
2910.99786,0.00418
2910.03363,0.00466
2909.06941,0.00518
2908.10518,0.00550
2907.14096,0.00548
2906.17673,0.00516
2905.21250,0.00475
2904.24828,0.00451
2903.28405,0.00460
2902.31983,0.00494
2901.35560,0.00525
2900.39138,0.00526
2899.42715,0.00496
2898.46292,0.00456
2897.49870,0.00436
2896.53447,0.00453
2895.57025,0.00499
2894.60602,0.00555
2893.64179,0.00593
2892.67757,0.00600
2891.71334,0.00575
2890.74912,0.00533
2889.78489,0.00494
2888.82066,0.00468
2887.85644,0.00460
2886.89221,0.00464
2885.92799,0.00476
2884.96376,0.00491
2883.99954,0.00500
2883.03531,0.00501
2882.07108,0.00496
2881.10686,0.00494
2880.14263,0.00501
2879.17841,0.00511
2878.21418,0.00515
2877.24995,0.00513
2876.28573,0.00513
2875.32150,0.00528
2874.35728,0.00551
2873.39305,0.00562
2872.42883,0.00543
2871.46460,0.00490
2870.50037,0.00423
2869.53615,0.00362
2868.57192,0.00322
2867.60770,0.00304
2866.64347,0.00301
2865.67924,0.00310
2864.71502,0.00328
2863.75079,0.00353
2862.78657,0.00380
2861.82234,0.00400
2860.85812,0.00406
2859.89389,0.00396
2858.92966,0.00379
2857.96544,0.00371
2857.00121,0.00381
2856.03699,0.00401
2855.07276,0.00407
2854.10853,0.00385
2853.14431,0.00342
2852.18008,0.00309
2851.21586,0.00315
2850.25163,0.00366
2849.28740,0.00439
2848.32318,0.00506
2847.35895,0.00550
2846.39473,0.00569
2845.43050,0.00565
2844.46628,0.00539
2843.50205,0.00493
2842.53782,0.00438
2841.57360,0.00393
2840.60937,0.00367
2839.64515,0.00360
2838.68092,0.00362
2837.71669,0.00364
2836.75247,0.00367
2835.78824,0.00371
2834.82402,0.00379
2833.85979,0.00384
2832.89557,0.00382
2831.93134,0.00369
2830.96711,0.00351
2830.00289,0.00337
2829.03866,0.00335
2828.07444,0.00351
2827.11021,0.00387
2826.14598,0.00435
2825.18176,0.00479
2824.21753,0.00498
2823.25331,0.00482
2822.28908,0.00438
2821.32486,0.00392
2820.36063,0.00367
2819.39640,0.00369
2818.43218,0.00384
2817.46795,0.00394
2816.50373,0.00392
2815.53950,0.00380
2814.57527,0.00364
2813.61105,0.00343
2812.64682,0.00316
2811.68260,0.00291
2810.71837,0.00280
2809.75414,0.00290
2808.78992,0.00316
2807.82569,0.00342
2806.86147,0.00357
2805.89724,0.00359
2804.93302,0.00355
2803.96879,0.00352
2803.00456,0.00346
2802.04034,0.00332
2801.07611,0.00310
2800.11189,0.00292
2799.14766,0.00297
2798.18343,0.00329
2797.21921,0.00376
2796.25498,0.00412
2795.29076,0.00416
2794.32653,0.00389
2793.36231,0.00348
2792.39808,0.00315
2791.43385,0.00301
2790.46963,0.00306
2789.50540,0.00323
2788.54118,0.00343
2787.57695,0.00358
2786.61272,0.00362
2785.64850,0.00352
2784.68427,0.00333
2783.72005,0.00314
2782.75582,0.00305
2781.79159,0.00310
2780.82737,0.00321
2779.86314,0.00324
2778.89892,0.00308
2777.93469,0.00273
2776.97047,0.00235
2776.00624,0.00214
2775.04201,0.00213
2774.07779,0.00225
2773.11356,0.00235
2772.14934,0.00243
2771.18511,0.00256
2770.22088,0.00279
2769.25666,0.00303
2768.29243,0.00318
2767.32821,0.00324
2766.36398,0.00335
2765.39976,0.00359
2764.43553,0.00386
2763.47130,0.00399
2762.50708,0.00393
2761.54285,0.00381
2760.57863,0.00382
2759.61440,0.00397
2758.65017,0.00414
2757.68595,0.00415
2756.72172,0.00399
2755.75750,0.00375
2754.79327,0.00354
2753.82905,0.00339
2752.86482,0.00330
2751.90059,0.00332
2750.93637,0.00349
2749.97214,0.00380
2749.00792,0.00408
2748.04369,0.00415
2747.07946,0.00393
2746.11524,0.00353
2745.15101,0.00319
2744.18679,0.00308
2743.22256,0.00321
2742.25833,0.00346
2741.29411,0.00375
2740.32988,0.00406
2739.36566,0.00431
2738.40143,0.00435
2737.43721,0.00405
2736.47298,0.00346
2735.50875,0.00291
2734.54453,0.00270
2733.58030,0.00292
2732.61608,0.00334
2731.65185,0.00371
2730.68762,0.00392
2729.72340,0.00399
2728.75917,0.00395
2727.79495,0.00375
2726.83072,0.00336
2725.86650,0.00293
2724.90227,0.00268
2723.93804,0.00272
2722.97382,0.00294
2722.00959,0.00314
2721.04537,0.00320
2720.08114,0.00314
2719.11691,0.00301
2718.15269,0.00286
2717.18846,0.00275
2716.22424,0.00271
2715.26001,0.00279
2714.29579,0.00294
2713.33156,0.00306
2712.36733,0.00309
2711.40311,0.00309
2710.43888,0.00316
2709.47466,0.00331
2708.51043,0.00337
2707.54620,0.00327
2706.58198,0.00309
2705.61775,0.00308
2704.65353,0.00336
2703.68930,0.00377
2702.72507,0.00402
2701.76085,0.00396
2700.79662,0.00367
2699.83240,0.00333
2698.86817,0.00303
2697.90395,0.00278
2696.93972,0.00262
2695.97549,0.00260
2695.01127,0.00273
2694.04704,0.00286
2693.08282,0.00283
2692.11859,0.00266
2691.15436,0.00251
2690.19014,0.00252
2689.22591,0.00266
2688.26169,0.00278
2687.29746,0.00281
2686.33324,0.00278
2685.36901,0.00274
2684.40478,0.00269
2683.44056,0.00265
2682.47633,0.00273
2681.51211,0.00296
2680.54788,0.00324
2679.58365,0.00336
2678.61943,0.00328
2677.65520,0.00323
2676.69098,0.00347
2675.72675,0.00397
2674.76252,0.00435
2673.79830,0.00426
2672.83407,0.00373
2671.86985,0.00312
2670.90562,0.00277
2669.94140,0.00276
2668.97717,0.00290
2668.01294,0.00297
2667.04872,0.00285
2666.08449,0.00254
2665.12027,0.00212
2664.15604,0.00179
2663.19181,0.00174
2662.22759,0.00205
2661.26336,0.00257
2660.29914,0.00310
2659.33491,0.00349
2658.37069,0.00371
2657.40646,0.00380
2656.44223,0.00380
2655.47801,0.00376
2654.51378,0.00374
2653.54956,0.00376
2652.58533,0.00373
2651.62110,0.00352
2650.65688,0.00312
2649.69265,0.00274
2648.72843,0.00259
2647.76420,0.00270
2646.79998,0.00291
2645.83575,0.00306
2644.87152,0.00317
2643.90730,0.00332
2642.94307,0.00353
2641.97885,0.00366
2641.01462,0.00358
2640.05039,0.00333
2639.08617,0.00309
2638.12194,0.00304
2637.15772,0.00323
2636.19349,0.00356
2635.22926,0.00391
2634.26504,0.00417
2633.30081,0.00427
2632.33659,0.00422
2631.37236,0.00401
2630.40814,0.00371
2629.44391,0.00338
2628.47968,0.00312
2627.51546,0.00300
2626.55123,0.00303
2625.58701,0.00317
2624.62278,0.00335
2623.65855,0.00351
2622.69433,0.00361
2621.73010,0.00360
2620.76588,0.00346
2619.80165,0.00319
2618.83743,0.00287
2617.87320,0.00266
2616.90897,0.00266
2615.94475,0.00285
2614.98052,0.00307
2614.01630,0.00319
2613.05207,0.00319
2612.08784,0.00317
2611.12362,0.00323
2610.15939,0.00340
2609.19517,0.00360
2608.23094,0.00380
2607.26672,0.00404
2606.30249,0.00436
2605.33826,0.00465
2604.37404,0.00473
2603.40981,0.00448
2602.44559,0.00399
2601.48136,0.00352
2600.51713,0.00326
2599.55291,0.00319
2598.58868,0.00323
2597.62446,0.00332
2596.66023,0.00351
2595.69600,0.00375
2594.73178,0.00391
2593.76755,0.00385
2592.80333,0.00354
2591.83910,0.00314
2590.87488,0.00280
2589.91065,0.00255
2588.94642,0.00238
2587.98220,0.00232
2587.01797,0.00242
2586.05375,0.00271
2585.08952,0.00309
2584.12529,0.00342
2583.16107,0.00357
2582.19684,0.00354
2581.23262,0.00338
2580.26839,0.00319
2579.30417,0.00309
2578.33994,0.00310
2577.37571,0.00320
2576.41149,0.00329
2575.44726,0.00336
2574.48304,0.00344
2573.51881,0.00354
2572.55458,0.00361
2571.59036,0.00362
2570.62613,0.00362
2569.66191,0.00370
2568.69768,0.00386
2567.73345,0.00391
2566.76923,0.00368
2565.80500,0.00321
2564.84078,0.00278
2563.87655,0.00264
2562.91233,0.00285
2561.94810,0.00321
2560.98387,0.00354
2560.01965,0.00370
2559.05542,0.00372
2558.09120,0.00364
2557.12697,0.00355
2556.16274,0.00353
2555.19852,0.00353
2554.23429,0.00347
2553.27007,0.00329
2552.30584,0.00304
2551.34162,0.00289
2550.37739,0.00288
2549.41316,0.00294
2548.44894,0.00301
2547.48471,0.00315
2546.52049,0.00342
2545.55626,0.00372
2544.59203,0.00380
2543.62781,0.00358
2542.66358,0.00329
2541.69936,0.00320
2540.73513,0.00332
2539.77091,0.00337
2538.80668,0.00314
2537.84245,0.00272
2536.87823,0.00245
2535.91400,0.00247
2534.94978,0.00267
2533.98555,0.00284
2533.02132,0.00292
2532.05710,0.00295
2531.09287,0.00293
2530.12865,0.00282
2529.16442,0.00265
2528.20019,0.00254
2527.23597,0.00262
2526.27174,0.00280
2525.30752,0.00291
2524.34329,0.00284
2523.37907,0.00268
2522.41484,0.00258
2521.45061,0.00264
2520.48639,0.00284
2519.52216,0.00307
2518.55794,0.00321
2517.59371,0.00320
2516.62948,0.00306
2515.66526,0.00293
2514.70103,0.00291
2513.73681,0.00297
2512.77258,0.00296
2511.80836,0.00280
2510.84413,0.00260
2509.87990,0.00256
2508.91568,0.00273
2507.95145,0.00295
2506.98723,0.00305
2506.02300,0.00300
2505.05877,0.00292
2504.09455,0.00285
2503.13032,0.00281
2502.16610,0.00280
2501.20187,0.00290
2500.23764,0.00314
2499.27342,0.00341
2498.30919,0.00357
2497.34497,0.00353
2496.38074,0.00340
2495.41652,0.00330
2494.45229,0.00327
2493.48806,0.00328
2492.52384,0.00327
2491.55961,0.00325
2490.59539,0.00323
2489.63116,0.00321
2488.66693,0.00324
2487.70271,0.00338
2486.73848,0.00365
2485.77426,0.00399
2484.81003,0.00423
2483.84581,0.00429
2482.88158,0.00416
2481.91735,0.00396
2480.95313,0.00376
2479.98890,0.00365
2479.02468,0.00362
2478.06045,0.00365
2477.09622,0.00366
2476.13200,0.00360
2475.16777,0.00355
2474.20355,0.00358
2473.23932,0.00366
2472.27510,0.00366
2471.31087,0.00351
2470.34664,0.00331
2469.38242,0.00330
2468.41819,0.00350
2467.45397,0.00372
2466.48974,0.00369
2465.52551,0.00341
2464.56129,0.00310
2463.59706,0.00299
2462.63284,0.00308
2461.66861,0.00318
2460.70438,0.00315
2459.74016,0.00302
2458.77593,0.00288
2457.81171,0.00284
2456.84748,0.00293
2455.88326,0.00317
2454.91903,0.00353
2453.95480,0.00385
2452.99058,0.00400
2452.02635,0.00394
2451.06213,0.00379
2450.09790,0.00371
2449.13367,0.00369
2448.16945,0.00361
2447.20522,0.00338
2446.24100,0.00309
2445.27677,0.00293
2444.31255,0.00302
2443.34832,0.00326
2442.38409,0.00348
2441.41987,0.00352
2440.45564,0.00341
2439.49142,0.00328
2438.52719,0.00323
2437.56296,0.00331
2436.59874,0.00348
2435.63451,0.00364
2434.67029,0.00374
2433.70606,0.00378
2432.74184,0.00378
2431.77761,0.00376
2430.81338,0.00376
2429.84916,0.00378
2428.88493,0.00382
2427.92071,0.00380
2426.95648,0.00365
2425.99225,0.00336
2425.02803,0.00306
2424.06380,0.00290
2423.09958,0.00295
2422.13535,0.00317
2421.17112,0.00345
2420.20690,0.00369
2419.24267,0.00384
2418.27845,0.00384
2417.31422,0.00368
2416.35000,0.00342
2415.38577,0.00320
2414.42154,0.00308
2413.45732,0.00305
2412.49309,0.00302
2411.52887,0.00297
2410.56464,0.00294
2409.60041,0.00299
2408.63619,0.00310
2407.67196,0.00323
2406.70774,0.00337
2405.74351,0.00359
2404.77929,0.00389
2403.81506,0.00418
2402.85083,0.00437
2401.88661,0.00444
2400.92238,0.00446
2399.95816,0.00444
2398.99393,0.00436
2398.02970,0.00418
2397.06548,0.00399
2396.10125,0.00383
2395.13703,0.00373
2394.17280,0.00361
2393.20857,0.00347
2392.24435,0.00341
2391.28012,0.00351
2390.31590,0.00375
2389.35167,0.00400
2388.38745,0.00417
2387.42322,0.00423
2386.45899,0.00422
2385.49477,0.00417
2384.53054,0.00411
2383.56632,0.00414
2382.60209,0.00431
2381.63786,0.00461
2380.67364,0.00490
2379.70941,0.00507
2378.74519,0.00513
2377.78096,0.00511
2376.81674,0.00502
2375.85251,0.00482
2374.88828,0.00450
2373.92406,0.00420
2372.95983,0.00409
2371.99561,0.00421
2371.03138,0.00446
2370.06715,0.00469
2369.10293,0.00484
2368.13870,0.00492
2367.17448,0.00494
2366.21025,0.00485
2365.24603,0.00465
2364.28180,0.00442
2363.31757,0.00425
2362.35335,0.00419
2361.38912,0.00421
2360.42490,0.00425
2359.46067,0.00422
2358.49644,0.00408
2357.53222,0.00389
2356.56799,0.00381
2355.60377,0.00397
2354.63954,0.00434
2353.67531,0.00465
2352.71109,0.00472
2351.74686,0.00457
2350.78264,0.00445
2349.81841,0.00453
2348.85419,0.00474
2347.88996,0.00491
2346.92573,0.00490
2345.96151,0.00473
2344.99728,0.00449
2344.03306,0.00428
2343.06883,0.00413
2342.10460,0.00409
2341.14038,0.00418
2340.17615,0.00432
2339.21193,0.00439
2338.24770,0.00433
2337.28348,0.00421
2336.31925,0.00413
2335.35502,0.00409
2334.39080,0.00407
2333.42657,0.00405
2332.46235,0.00414
2331.49812,0.00439
2330.53389,0.00470
2329.56967,0.00486
2328.60544,0.00470
2327.64122,0.00425
2326.67699,0.00374
2325.71277,0.00341
2324.74854,0.00342
2323.78431,0.00372
2322.82009,0.00414
2321.85586,0.00449
2320.89164,0.00467
2319.92741,0.00471
2318.96318,0.00463
2317.99896,0.00446
2317.03473,0.00420
2316.07051,0.00395
2315.10628,0.00386
2314.14205,0.00402
2313.17783,0.00434
2312.21360,0.00460
2311.24938,0.00467
2310.28515,0.00457
2309.32093,0.00447
2308.35670,0.00448
2307.39247,0.00456
2306.42825,0.00458
2305.46402,0.00449
2304.49980,0.00432
2303.53557,0.00420
2302.57134,0.00420
2301.60712,0.00433
2300.64289,0.00450
2299.67867,0.00462
2298.71444,0.00470
2297.75022,0.00482
2296.78599,0.00503
2295.82176,0.00531
2294.85754,0.00547
2293.89331,0.00537
2292.92909,0.00499
2291.96486,0.00453
2291.00063,0.00418
2290.03641,0.00402
2289.07218,0.00396
2288.10796,0.00390
2287.14373,0.00381
2286.17950,0.00370
2285.21528,0.00366
2284.25105,0.00371
2283.28683,0.00384
2282.32260,0.00397
2281.35838,0.00403
2280.39415,0.00402
2279.42992,0.00401
2278.46570,0.00407
2277.50147,0.00423
2276.53725,0.00436
2275.57302,0.00439
2274.60879,0.00433
2273.64457,0.00429
2272.68034,0.00433
2271.71612,0.00439
2270.75189,0.00437
2269.78767,0.00426
2268.82344,0.00412
2267.85921,0.00397
2266.89499,0.00379
2265.93076,0.00355
2264.96654,0.00331
2264.00231,0.00321
2263.03808,0.00333
2262.07386,0.00363
2261.10963,0.00396
2260.14541,0.00420
2259.18118,0.00428
2258.21696,0.00422
2257.25273,0.00407
2256.28850,0.00398
2255.32428,0.00405
2254.36005,0.00431
2253.39583,0.00459
2252.43160,0.00473
2251.46737,0.00474
2250.50315,0.00484
2249.53892,0.00521
2248.57470,0.00579
2247.61047,0.00617
2246.64624,0.00596
2245.68202,0.00513
2244.71779,0.00410
2243.75357,0.00338
2242.78934,0.00323
2241.82512,0.00352
2240.86089,0.00392
2239.89666,0.00413
2238.93244,0.00410
2237.96821,0.00389
2237.00399,0.00364
2236.03976,0.00347
2235.07553,0.00346
2234.11131,0.00362
2233.14708,0.00389
2232.18286,0.00413
2231.21863,0.00427
2230.25441,0.00435
2229.29018,0.00444
2228.32595,0.00459
2227.36173,0.00473
2226.39750,0.00479
2225.43328,0.00477
2224.46905,0.00468
2223.50482,0.00456
2222.54060,0.00436
2221.57637,0.00405
2220.61215,0.00369
2219.64792,0.00342
2218.68369,0.00335
2217.71947,0.00345
2216.75524,0.00351
2215.79102,0.00336
2214.82679,0.00305
2213.86257,0.00287
2212.89834,0.00306
2211.93411,0.00363
2210.96989,0.00429
2210.00566,0.00470
2209.04144,0.00474
2208.07721,0.00456
2207.11298,0.00440
2206.14876,0.00439
2205.18453,0.00449
2204.22031,0.00459
2203.25608,0.00462
2202.29186,0.00460
2201.32763,0.00457
2200.36340,0.00457
2199.39918,0.00462
2198.43495,0.00471
2197.47073,0.00476
2196.50650,0.00472
2195.54227,0.00460
2194.57805,0.00453
2193.61382,0.00456
2192.64960,0.00465
2191.68537,0.00466
2190.72115,0.00452
2189.75692,0.00428
2188.79269,0.00408
2187.82847,0.00398
2186.86424,0.00400
2185.90002,0.00410
2184.93579,0.00423
2183.97156,0.00436
2183.00734,0.00440
2182.04311,0.00435
2181.07889,0.00428
2180.11466,0.00427
2179.15043,0.00435
2178.18621,0.00446
2177.22198,0.00454
2176.25776,0.00462
2175.29353,0.00472
2174.32931,0.00483
2173.36508,0.00492
2172.40085,0.00499
2171.43663,0.00510
2170.47240,0.00526
2169.50818,0.00537
2168.54395,0.00534
2167.57972,0.00522
2166.61550,0.00513
2165.65127,0.00516
2164.68705,0.00529
2163.72282,0.00542
2162.75860,0.00548
2161.79437,0.00552
2160.83014,0.00554
2159.86592,0.00554
2158.90169,0.00548
2157.93747,0.00539
2156.97324,0.00531
2156.00901,0.00523
2155.04479,0.00511
2154.08056,0.00499
2153.11634,0.00498
2152.15211,0.00516
2151.18789,0.00542
2150.22366,0.00556
2149.25943,0.00542
2148.29521,0.00509
2147.33098,0.00474
2146.36676,0.00451
2145.40253,0.00445
2144.43830,0.00453
2143.47408,0.00473
2142.50985,0.00497
2141.54563,0.00514
2140.58140,0.00514
2139.61717,0.00498
2138.65295,0.00475
2137.68872,0.00459
2136.72450,0.00456
2135.76027,0.00467
2134.79605,0.00485
2133.83182,0.00509
2132.86759,0.00538
2131.90337,0.00573
2130.93914,0.00615
2129.97492,0.00657
2129.01069,0.00695
2128.04646,0.00719
2127.08224,0.00731
2126.11801,0.00738
2125.15379,0.00747
2124.18956,0.00762
2123.22534,0.00781
2122.26111,0.00804
2121.29688,0.00830
2120.33266,0.00858
2119.36843,0.00883
2118.40421,0.00902
2117.43998,0.00919
2116.47575,0.00941
2115.51153,0.00967
2114.54730,0.00991
2113.58308,0.01003
2112.61885,0.01006
2111.65462,0.01007
2110.69040,0.01009
2109.72617,0.01007
2108.76195,0.00997
2107.79772,0.00978
2106.83350,0.00956
2105.86927,0.00933
2104.90504,0.00909
2103.94082,0.00886
2102.97659,0.00865
2102.01237,0.00851
2101.04814,0.00843
2100.08391,0.00838
2099.11969,0.00834
2098.15546,0.00831
2097.19124,0.00830
2096.22701,0.00830
2095.26279,0.00834
2094.29856,0.00839
2093.33433,0.00839
2092.37011,0.00822
2091.40588,0.00780
2090.44166,0.00721
2089.47743,0.00664
2088.51320,0.00622
2087.54898,0.00595
2086.58475,0.00577
2085.62053,0.00567
2084.65630,0.00571
2083.69208,0.00587
2082.72785,0.00597
2081.76362,0.00586
2080.79940,0.00556
2079.83517,0.00527
2078.87095,0.00516
2077.90672,0.00522
2076.94249,0.00528
2075.97827,0.00523
2075.01404,0.00507
2074.04982,0.00491
2073.08559,0.00479
2072.12136,0.00466
2071.15714,0.00451
2070.19291,0.00437
2069.22869,0.00433
2068.26446,0.00442
2067.30024,0.00459
2066.33601,0.00479
2065.37178,0.00497
2064.40756,0.00510
2063.44333,0.00516
2062.47911,0.00515
2061.51488,0.00509
2060.55065,0.00503
2059.58643,0.00499
2058.62220,0.00493
2057.65798,0.00478
2056.69375,0.00449
2055.72953,0.00415
2054.76530,0.00395
2053.80107,0.00403
2052.83685,0.00439
2051.87262,0.00482
2050.90840,0.00513
2049.94417,0.00527
2048.97994,0.00530
2048.01572,0.00526
2047.05149,0.00516
2046.08727,0.00497
2045.12304,0.00476
2044.15882,0.00460
2043.19459,0.00452
2042.23036,0.00441
2041.26614,0.00420
2040.30191,0.00396
2039.33769,0.00386
2038.37346,0.00397
2037.40923,0.00420
2036.44501,0.00439
2035.48078,0.00451
2034.51656,0.00460
2033.55233,0.00467
2032.58810,0.00468
2031.62388,0.00459
2030.65965,0.00443
2029.69543,0.00429
2028.73120,0.00417
2027.76698,0.00399
2026.80275,0.00373
2025.83852,0.00350
2024.87430,0.00347
2023.91007,0.00370
2022.94585,0.00404
2021.98162,0.00432
2021.01739,0.00442
2020.05317,0.00441
2019.08894,0.00439
2018.12472,0.00442
2017.16049,0.00447
2016.19627,0.00449
2015.23204,0.00444
2014.26781,0.00433
2013.30359,0.00421
2012.33936,0.00412
2011.37514,0.00406
2010.41091,0.00399
2009.44668,0.00388
2008.48246,0.00373
2007.51823,0.00357
2006.55401,0.00345
2005.58978,0.00342
2004.62555,0.00351
2003.66133,0.00372
2002.69710,0.00401
2001.73288,0.00429
2000.76865,0.00445
1999.80443,0.00444
1998.84020,0.00431
1997.87597,0.00415
1996.91175,0.00408
1995.94752,0.00415
1994.98330,0.00431
1994.01907,0.00444
1993.05484,0.00436
1992.09062,0.00407
1991.12639,0.00372
1990.16217,0.00353
1989.19794,0.00360
1988.23372,0.00380
1987.26949,0.00393
1986.30526,0.00394
1985.34104,0.00392
1984.37681,0.00399
1983.41259,0.00412
1982.44836,0.00420
1981.48413,0.00419
1980.51991,0.00418
1979.55568,0.00423
1978.59146,0.00428
1977.62723,0.00421
1976.66301,0.00401
1975.69878,0.00378
1974.73455,0.00365
1973.77033,0.00362
1972.80610,0.00358
1971.84188,0.00344
1970.87765,0.00326
1969.91342,0.00314
1968.94920,0.00312
1967.98497,0.00314
1967.02075,0.00311
1966.05652,0.00304
1965.09229,0.00301
1964.12807,0.00315
1963.16384,0.00348
1962.19962,0.00390
1961.23539,0.00421
1960.27117,0.00431
1959.30694,0.00421
1958.34271,0.00406
1957.37849,0.00399
1956.41426,0.00400
1955.45004,0.00406
1954.48581,0.00410
1953.52158,0.00411
1952.55736,0.00408
1951.59313,0.00399
1950.62891,0.00384
1949.66468,0.00371
1948.70046,0.00368
1947.73623,0.00373
1946.77200,0.00375
1945.80778,0.00367
1944.84355,0.00354
1943.87933,0.00346
1942.91510,0.00346
1941.95087,0.00346
1940.98665,0.00337
1940.02242,0.00318
1939.05820,0.00303
1938.09397,0.00302
1937.12974,0.00320
1936.16552,0.00354
1935.20129,0.00393
1934.23707,0.00422
1933.27284,0.00428
1932.30862,0.00410
1931.34439,0.00383
1930.38016,0.00367
1929.41594,0.00373
1928.45171,0.00394
1927.48749,0.00413
1926.52326,0.00417
1925.55903,0.00402
1924.59481,0.00372
1923.63058,0.00337
1922.66636,0.00308
1921.70213,0.00299
1920.73791,0.00314
1919.77368,0.00345
1918.80945,0.00379
1917.84523,0.00405
1916.88100,0.00422
1915.91678,0.00426
1914.95255,0.00413
1913.98832,0.00387
1913.02410,0.00358
1912.05987,0.00341
1911.09565,0.00340
1910.13142,0.00347
1909.16720,0.00351
1908.20297,0.00355
1907.23874,0.00363
1906.27452,0.00377
1905.31029,0.00389
1904.34607,0.00390
1903.38184,0.00378
1902.41761,0.00365
1901.45339,0.00359
1900.48916,0.00358
1899.52494,0.00356
1898.56071,0.00350
1897.59648,0.00344
1896.63226,0.00342
1895.66803,0.00349
1894.70381,0.00366
1893.73958,0.00388
1892.77536,0.00408
1891.81113,0.00420
1890.84690,0.00422
1889.88268,0.00416
1888.91845,0.00409
1887.95423,0.00405
1886.99000,0.00408
1886.02577,0.00413
1885.06155,0.00415
1884.09732,0.00411
1883.13310,0.00399
1882.16887,0.00387
1881.20465,0.00381
1880.24042,0.00382
1879.27619,0.00380
1878.31197,0.00367
1877.34774,0.00344
1876.38352,0.00325
1875.41929,0.00317
1874.45506,0.00318
1873.49084,0.00320
1872.52661,0.00321
1871.56239,0.00330
1870.59816,0.00348
1869.63394,0.00364
1868.66971,0.00366
1867.70548,0.00352
1866.74126,0.00335
1865.77703,0.00329
1864.81281,0.00334
1863.84858,0.00342
1862.88435,0.00344
1861.92013,0.00347
1860.95590,0.00354
1859.99168,0.00365
1859.02745,0.00373
1858.06322,0.00375
1857.09900,0.00369
1856.13477,0.00357
1855.17055,0.00339
1854.20632,0.00318
1853.24210,0.00304
1852.27787,0.00303
1851.31364,0.00309
1850.34942,0.00312
1849.38519,0.00311
1848.42097,0.00315
1847.45674,0.00332
1846.49251,0.00357
1845.52829,0.00376
1844.56406,0.00379
1843.59984,0.00366
1842.63561,0.00350
1841.67139,0.00339
1840.70716,0.00336
1839.74293,0.00342
1838.77871,0.00351
1837.81448,0.00356
1836.85026,0.00353
1835.88603,0.00348
1834.92180,0.00355
1833.95758,0.00379
1832.99335,0.00407
1832.02913,0.00417
1831.06490,0.00398
1830.10067,0.00363
1829.13645,0.00330
1828.17222,0.00309
1827.20800,0.00296
1826.24377,0.00288
1825.27955,0.00289
1824.31532,0.00305
1823.35109,0.00332
1822.38687,0.00355
1821.42264,0.00369
1820.45842,0.00377
1819.49419,0.00384
1818.52996,0.00386
1817.56574,0.00379
1816.60151,0.00369
1815.63729,0.00370
1814.67306,0.00393
1813.70884,0.00426
1812.74461,0.00447
1811.78038,0.00446
1810.81616,0.00434
1809.85193,0.00425
1808.88771,0.00422
1807.92348,0.00417
1806.95925,0.00405
1805.99503,0.00389
1805.03080,0.00381
1804.06658,0.00385
1803.10235,0.00397
1802.13813,0.00410
1801.17390,0.00419
1800.20967,0.00422
1799.24545,0.00418
1798.28122,0.00405
1797.31700,0.00389
1796.35277,0.00378
1795.38854,0.00379
1794.42432,0.00398
1793.46009,0.00431
1792.49587,0.00470
1791.53164,0.00502
1790.56741,0.00518
1789.60319,0.00513
1788.63896,0.00492
1787.67474,0.00468
1786.71051,0.00451
1785.74629,0.00443
1784.78206,0.00441
1783.81783,0.00441
1782.85361,0.00439
1781.88938,0.00436
1780.92516,0.00434
1779.96093,0.00435
1778.99670,0.00437
1778.03248,0.00439
1777.06825,0.00442
1776.10403,0.00454
1775.13980,0.00480
1774.17558,0.00515
1773.21135,0.00545
1772.24712,0.00552
1771.28290,0.00537
1770.31867,0.00514
1769.35445,0.00500
1768.39022,0.00504
1767.42599,0.00518
1766.46177,0.00529
1765.49754,0.00526
1764.53332,0.00512
1763.56909,0.00493
1762.60487,0.00477
1761.64064,0.00471
1760.67641,0.00476
1759.71219,0.00488
1758.74796,0.00502
1757.78374,0.00515
1756.81951,0.00524
1755.85528,0.00530
1754.89106,0.00535
1753.92683,0.00541
1752.96261,0.00549
1751.99838,0.00557
1751.03415,0.00561
1750.06993,0.00562
1749.10570,0.00567
1748.14148,0.00579
1747.17725,0.00598
1746.21303,0.00619
1745.24880,0.00639
1744.28457,0.00656
1743.32035,0.00674
1742.35612,0.00686
1741.39190,0.00682
1740.42767,0.00657
1739.46344,0.00620
1738.49922,0.00595
1737.53499,0.00600
1736.57077,0.00631
1735.60654,0.00673
1734.64232,0.00707
1733.67809,0.00725
1732.71386,0.00734
1731.74964,0.00741
1730.78541,0.00746
1729.82119,0.00748
1728.85696,0.00743
1727.89273,0.00734
1726.92851,0.00727
1725.96428,0.00725
1725.00006,0.00730
1724.03583,0.00740
1723.07160,0.00752
1722.10738,0.00765
1721.14315,0.00784
1720.17893,0.00810
1719.21470,0.00842
1718.25048,0.00871
1717.28625,0.00885
1716.32202,0.00879
1715.35780,0.00855
1714.39357,0.00826
1713.42935,0.00804
1712.46512,0.00798
1711.50089,0.00804
1710.53667,0.00809
1709.57244,0.00802
1708.60822,0.00785
1707.64399,0.00771
1706.67977,0.00778
1705.71554,0.00814
1704.75131,0.00869
1703.78709,0.00926
1702.82286,0.00968
1701.85864,0.00988
1700.89441,0.00990
1699.93018,0.00982
1698.96596,0.00979
1698.00173,0.00992
1697.03751,0.01022
1696.07328,0.01057
1695.10906,0.01076
1694.14483,0.01069
1693.18060,0.01041
1692.21638,0.01014
1691.25215,0.01006
1690.28793,0.01020
1689.32370,0.01046
1688.35947,0.01071
1687.39525,0.01085
1686.43102,0.01090
1685.46680,0.01093
1684.50257,0.01104
1683.53834,0.01122
1682.57412,0.01140
1681.60989,0.01144
1680.64567,0.01131
1679.68144,0.01112
1678.71722,0.01108
1677.75299,0.01123
1676.78876,0.01147
1675.82454,0.01158
1674.86031,0.01148
1673.89609,0.01129
1672.93186,0.01122
1671.96763,0.01138
1671.00341,0.01171
1670.03918,0.01206
1669.07496,0.01238
1668.11073,0.01263
1667.14651,0.01280
1666.18228,0.01284
1665.21805,0.01275
1664.25383,0.01265
1663.28960,0.01268
1662.32538,0.01291
1661.36115,0.01326
1660.39692,0.01362
1659.43270,0.01385
1658.46847,0.01387
1657.50425,0.01368
1656.54002,0.01337
1655.57579,0.01312
1654.61157,0.01305
1653.64734,0.01315
1652.68312,0.01324
1651.71889,0.01318
1650.75467,0.01302
1649.79044,0.01291
1648.82621,0.01300
1647.86199,0.01321
1646.89776,0.01337
1645.93354,0.01332
1644.96931,0.01308
1644.00508,0.01280
1643.04086,0.01265
1642.07663,0.01266
1641.11241,0.01276
1640.14818,0.01285
1639.18396,0.01284
1638.21973,0.01277
1637.25550,0.01271
1636.29128,0.01271
1635.32705,0.01271
1634.36283,0.01257
1633.39860,0.01224
1632.43437,0.01179
1631.47015,0.01140
1630.50592,0.01119
1629.54170,0.01113
1628.57747,0.01110
1627.61325,0.01105
1626.64902,0.01098
1625.68479,0.01096
1624.72057,0.01098
1623.75634,0.01099
1622.79212,0.01094
1621.82789,0.01080
1620.86366,0.01059
1619.89944,0.01030
1618.93521,0.00992
1617.97099,0.00953
1617.00676,0.00924
1616.04253,0.00917
1615.07831,0.00932
1614.11408,0.00954
1613.14986,0.00961
1612.18563,0.00943
1611.22141,0.00907
1610.25718,0.00873
1609.29295,0.00859
1608.32873,0.00862
1607.36450,0.00863
1606.40028,0.00847
1605.43605,0.00821
1604.47182,0.00803
1603.50760,0.00806
1602.54337,0.00823
1601.57915,0.00832
1600.61492,0.00825
1599.65070,0.00807
1598.68647,0.00793
1597.72224,0.00789
1596.75802,0.00791
1595.79379,0.00790
1594.82957,0.00783
1593.86534,0.00772
1592.90111,0.00763
1591.93689,0.00758
1590.97266,0.00753
1590.00844,0.00743
1589.04421,0.00721
1588.07999,0.00690
1587.11576,0.00664
1586.15153,0.00656
1585.18731,0.00670
1584.22308,0.00693
1583.25886,0.00712
1582.29463,0.00723
1581.33040,0.00729
1580.36618,0.00731
1579.40195,0.00726
1578.43773,0.00713
1577.47350,0.00697
1576.50927,0.00687
1575.54505,0.00681
1574.58082,0.00666
1573.61660,0.00640
1572.65237,0.00616
1571.68815,0.00619
1570.72392,0.00654
1569.75969,0.00703
1568.79547,0.00730
1567.83124,0.00719
1566.86702,0.00678
1565.90279,0.00633
1564.93856,0.00610
1563.97434,0.00616
1563.01011,0.00639
1562.04589,0.00662
1561.08166,0.00674
1560.11744,0.00671
1559.15321,0.00660
1558.18898,0.00642
1557.22476,0.00618
1556.26053,0.00585
1555.29631,0.00553
1554.33208,0.00538
1553.36785,0.00551
1552.40363,0.00584
1551.43940,0.00612
1550.47518,0.00616
1549.51095,0.00594
1548.54672,0.00562
1547.58250,0.00539
1546.61827,0.00537
1545.65405,0.00556
1544.68982,0.00587
1543.72560,0.00617
1542.76137,0.00636
1541.79714,0.00641
1540.83292,0.00632
1539.86869,0.00609
1538.90447,0.00576
1537.94024,0.00542
1536.97601,0.00524
1536.01179,0.00532
1535.04756,0.00566
1534.08334,0.00608
1533.11911,0.00635
1532.15489,0.00634
1531.19066,0.00613
1530.22643,0.00585
1529.26221,0.00567
1528.29798,0.00561
1527.33376,0.00561
1526.36953,0.00557
1525.40530,0.00546
1524.44108,0.00534
1523.47685,0.00538
1522.51263,0.00566
1521.54840,0.00604
1520.58418,0.00627
1519.61995,0.00619
1518.65572,0.00590
1517.69150,0.00562
1516.72727,0.00547
1515.76305,0.00540
1514.79882,0.00532
1513.83459,0.00521
1512.87037,0.00516
1511.90614,0.00522
1510.94192,0.00536
1509.97769,0.00551
1509.01346,0.00566
1508.04924,0.00580
1507.08501,0.00588
1506.12079,0.00577
1505.15656,0.00548
1504.19234,0.00516
1503.22811,0.00497
1502.26388,0.00497
1501.29966,0.00508
1500.33543,0.00514
1499.37121,0.00505
1498.40698,0.00482
1497.44275,0.00456
1496.47853,0.00444
1495.51430,0.00457
1494.55008,0.00491
1493.58585,0.00527
1492.62163,0.00547
1491.65740,0.00549
1490.69317,0.00547
1489.72895,0.00555
1488.76472,0.00571
1487.80050,0.00579
1486.83627,0.00571
1485.87204,0.00550
1484.90782,0.00526
1483.94359,0.00500
1482.97937,0.00478
1482.01514,0.00469
1481.05092,0.00482
1480.08669,0.00508
1479.12246,0.00520
1478.15824,0.00492
1477.19401,0.00429
1476.22979,0.00366
1475.26556,0.00339
1474.30133,0.00357
1473.33711,0.00404
1472.37288,0.00454
1471.40866,0.00485
1470.44443,0.00486
1469.48020,0.00457
1468.51598,0.00413
1467.55175,0.00378
1466.58753,0.00367
1465.62330,0.00367
1464.65908,0.00355
1463.69485,0.00324
1462.73062,0.00296
1461.76640,0.00303
1460.80217,0.00350
1459.83795,0.00411
1458.87372,0.00449
1457.90949,0.00448
1456.94527,0.00417
1455.98104,0.00374
1455.01682,0.00331
1454.05259,0.00295
1453.08837,0.00273
1452.12414,0.00268
1451.15991,0.00269
1450.19569,0.00257
1449.23146,0.00224
1448.26724,0.00186
1447.30301,0.00168
1446.33878,0.00190
1445.37456,0.00250
1444.41033,0.00331
1443.44611,0.00406
1442.48188,0.00446
1441.51765,0.00431
1440.55343,0.00369
1439.58920,0.00300
1438.62498,0.00276
1437.66075,0.00323
1436.69653,0.00416
1435.73230,0.00495
1434.76807,0.00523
1433.80385,0.00509
1432.83962,0.00486
1431.87540,0.00474
1430.91117,0.00463
1429.94694,0.00443
1428.98272,0.00424
1428.01849,0.00432
1427.05427,0.00473
1426.09004,0.00525
1425.12582,0.00559
1424.16159,0.00576
1423.19736,0.00600
1422.23314,0.00651
1421.26891,0.00712
1420.30469,0.00740
1419.34046,0.00705
1418.37623,0.00626
1417.41201,0.00555
1416.44778,0.00530
1415.48356,0.00546
1414.51933,0.00563
1413.55511,0.00553
1412.59088,0.00523
1411.62665,0.00508
1410.66243,0.00526
1409.69820,0.00562
1408.73398,0.00573
1407.76975,0.00531
1406.80552,0.00449
1405.84130,0.00373
1404.87707,0.00344
1403.91285,0.00371
1402.94862,0.00425
1401.98439,0.00466
1401.02017,0.00472
1400.05594,0.00444
1399.09172,0.00405
1398.12749,0.00377
1397.16327,0.00372
1396.19904,0.00385
1395.23481,0.00401
1394.27059,0.00411
1393.30636,0.00414
1392.34214,0.00422
1391.37791,0.00442
1390.41368,0.00471
1389.44946,0.00493
1388.48523,0.00491
1387.52101,0.00463
1386.55678,0.00418
1385.59256,0.00379
1384.62833,0.00362
1383.66410,0.00375
1382.69988,0.00408
1381.73565,0.00448
1380.77143,0.00478
1379.80720,0.00495
1378.84297,0.00505
1377.87875,0.00521
1376.91452,0.00551
1375.95030,0.00596
1374.98607,0.00643
1374.02184,0.00673
1373.05762,0.00673
1372.09339,0.00644
1371.12917,0.00597
1370.16494,0.00548
1369.20072,0.00510
1368.23649,0.00486
1367.27226,0.00468
1366.30804,0.00443
1365.34381,0.00406
1364.37959,0.00372
1363.41536,0.00368
1362.45113,0.00406
1361.48691,0.00469
1360.52268,0.00515
1359.55846,0.00519
1358.59423,0.00491
1357.63001,0.00461
1356.66578,0.00445
1355.70155,0.00431
1354.73733,0.00400
1353.77310,0.00358
1352.80888,0.00334
1351.84465,0.00350
1350.88042,0.00398
1349.91620,0.00449
1348.95197,0.00482
1347.98775,0.00495
1347.02352,0.00501
1346.05930,0.00511
1345.09507,0.00529
1344.13084,0.00557
1343.16662,0.00585
1342.20239,0.00598
1341.23817,0.00581
1340.27394,0.00546
1339.30971,0.00521
1338.34549,0.00528
1337.38126,0.00560
1336.41704,0.00586
1335.45281,0.00582
1334.48858,0.00551
1333.52436,0.00515
1332.56013,0.00491
1331.59591,0.00483
1330.63168,0.00490
1329.66746,0.00508
1328.70323,0.00521
1327.73900,0.00507
1326.77478,0.00458
1325.81055,0.00394
1324.84633,0.00364
1323.88210,0.00403
1322.91787,0.00503
1321.95365,0.00613
1320.98942,0.00672
1320.02520,0.00652
1319.06097,0.00570
1318.09675,0.00474
1317.13252,0.00415
1316.16829,0.00413
1315.20407,0.00458
1314.23984,0.00522
1313.27562,0.00583
1312.31139,0.00627
1311.34716,0.00639
1310.38294,0.00611
1309.41871,0.00554
1308.45449,0.00508
1307.49026,0.00506
1306.52604,0.00544
1305.56181,0.00576
1304.59758,0.00567
1303.63336,0.00529
1302.66913,0.00515
1301.70491,0.00559
1300.74068,0.00641
1299.77645,0.00697
1298.81223,0.00678
1297.84800,0.00579
1296.88378,0.00434
1295.91955,0.00296
1294.95532,0.00221
1293.99110,0.00246
1293.02687,0.00356
1292.06265,0.00492
1291.09842,0.00585
1290.13420,0.00616
1289.16997,0.00614
1288.20574,0.00620
1287.24152,0.00642
1286.27729,0.00663
1285.31307,0.00674
1284.34884,0.00687
1283.38461,0.00712
1282.42039,0.00735
1281.45616,0.00732
1280.49194,0.00696
1279.52771,0.00643
1278.56349,0.00586
1277.59926,0.00527
1276.63503,0.00468
1275.67081,0.00421
1274.70658,0.00404
1273.74236,0.00413
1272.77813,0.00422
1271.81390,0.00416
1270.84968,0.00403
1269.88545,0.00409
1268.92123,0.00443
1267.95700,0.00480
1266.99277,0.00486
1266.02855,0.00451
1265.06432,0.00401
1264.10010,0.00378
1263.13587,0.00403
1262.17165,0.00454
1261.20742,0.00484
1260.24319,0.00455
1259.27897,0.00379
1258.31474,0.00310
1257.35052,0.00293
1256.38629,0.00323
1255.42206,0.00353
1254.45784,0.00355
1253.49361,0.00349
1252.52939,0.00374
1251.56516,0.00435
1250.60094,0.00486
1249.63671,0.00482
1248.67248,0.00426
1247.70826,0.00374
1246.74403,0.00371
1245.77981,0.00422
1244.81558,0.00498
1243.85135,0.00571
1242.88713,0.00632
1241.92290,0.00668
1240.95868,0.00666
1239.99445,0.00622
1239.03023,0.00558
1238.06600,0.00496
1237.10177,0.00441
1236.13755,0.00384
1235.17332,0.00335
1234.20910,0.00326
1233.24487,0.00386
1232.28064,0.00496
1231.31642,0.00605
1230.35219,0.00667
1229.38797,0.00672
1228.42374,0.00636
1227.45951,0.00571
1226.49529,0.00480
1225.53106,0.00373
1224.56684,0.00274
1223.60261,0.00216
1222.63839,0.00215
1221.67416,0.00274
1220.70993,0.00381
1219.74571,0.00518
1218.78148,0.00651
1217.81726,0.00745
1216.85303,0.00772
1215.88880,0.00727
1214.92458,0.00627
1213.96035,0.00506
1212.99613,0.00409
1212.03190,0.00379
1211.06768,0.00424
1210.10345,0.00507
1209.13922,0.00570
1208.17500,0.00577
1207.21077,0.00540
1206.24655,0.00495
1205.28232,0.00457
1204.31809,0.00416
1203.35387,0.00362
1202.38964,0.00307
1201.42542,0.00274
1200.46119,0.00270
1199.49697,0.00289
1198.53274,0.00327
1197.56851,0.00388
1196.60429,0.00464
1195.64006,0.00516
1194.67584,0.00504
1193.71161,0.00424
1192.74738,0.00320
1191.78316,0.00243
1190.81893,0.00211
1189.85471,0.00213
1188.89048,0.00230
1187.92625,0.00258
1186.96203,0.00288
1185.99780,0.00303
1185.03358,0.00289
1184.06935,0.00257
1183.10513,0.00233
1182.14090,0.00228
1181.17667,0.00229
1180.21245,0.00223
1179.24822,0.00222
1178.28400,0.00246
1177.31977,0.00283
1176.35554,0.00286
1175.39132,0.00220
1174.42709,0.00105
1173.46287,-0.00003
1172.49864,-0.00063
1171.53442,-0.00085
1170.57019,-0.00110
1169.60596,-0.00151
1168.64174,-0.00179
1167.67751,-0.00150
1166.71329,-0.00052
1165.74906,0.00084
1164.78483,0.00213
1163.82061,0.00313
1162.85638,0.00389
1161.89216,0.00458
1160.92793,0.00524
1159.96370,0.00583
1158.99948,0.00633
1158.03525,0.00680
1157.07103,0.00726
1156.10680,0.00757
1155.14258,0.00741
1154.17835,0.00653
1153.21412,0.00503
1152.24990,0.00346
1151.28567,0.00258
1150.32145,0.00280
1149.35722,0.00385
1148.39299,0.00486
1147.42877,0.00493
1146.46454,0.00372
1145.50032,0.00165
1144.53609,-0.00051
1143.57187,-0.00209
1142.60764,-0.00283
1141.64341,-0.00278
1140.67919,-0.00217
1139.71496,-0.00127
1138.75074,-0.00033
1137.78651,0.00062
1136.82228,0.00172
1135.85806,0.00309
1134.89383,0.00457
1133.92961,0.00576
1132.96538,0.00645
1132.00116,0.00675
1131.03693,0.00675
1130.07270,0.00627
1129.10848,0.00497
1128.14425,0.00306
1127.18003,0.00130
1126.21580,0.00045
1125.25157,0.00044
1124.28735,0.00054
1123.32312,0.00020
1122.35890,-0.00037
1121.39467,-0.00066
1120.43044,-0.00052
1119.46622,-0.00012
1118.50199,0.00063
1117.53777,0.00206
1116.57354,0.00401
1115.60932,0.00537
1114.64509,0.00491
1113.68086,0.00267
1112.71664,0.00014
1111.75241,-0.00107
1110.78819,-0.00069
1109.82396,0.00030
1108.85973,0.00094
1107.89551,0.00120
1106.93128,0.00139
1105.96706,0.00141
1105.00283,0.00092
1104.03861,0.00010
1103.07438,-0.00016
1102.11015,0.00069
1101.14593,0.00206
1100.18170,0.00263
1099.21748,0.00174
1098.25325,-0.00008
1097.28902,-0.00174
1096.32480,-0.00256
1095.36057,-0.00258
1094.39635,-0.00206
1093.43212,-0.00115
1092.46790,0.00004
1091.50367,0.00125
1090.53944,0.00225
1089.57522,0.00303
1088.61099,0.00372
1087.64677,0.00424
1086.68254,0.00424
1085.71831,0.00355
1084.75409,0.00255
1083.78986,0.00196
1082.82564,0.00228
1081.86141,0.00330
1080.89718,0.00424
1079.93296,0.00426
1078.96873,0.00313
1078.00451,0.00152
1077.04028,0.00061
1076.07606,0.00137
1075.11183,0.00379
1074.14760,0.00690
1073.18338,0.00946
1072.21915,0.01073
1071.25493,0.01075
1070.29070,0.00985
1069.32647,0.00823
1068.36225,0.00595
1067.39802,0.00347
1066.43380,0.00174
1065.46957,0.00172
1064.50535,0.00358
1063.54112,0.00640
1062.57689,0.00865
1061.61267,0.00923
1060.64844,0.00807
1059.68422,0.00598
1058.71999,0.00397
1057.75576,0.00254
1056.79154,0.00167
1055.82731,0.00120
1054.86309,0.00106
1053.89886,0.00127
1052.93463,0.00172
1051.97041,0.00218
1051.00618,0.00255
1050.04196,0.00301
1049.07773,0.00368
1048.11351,0.00435
1047.14928,0.00454
1046.18505,0.00405
1045.22083,0.00328
1044.25660,0.00295
1043.29238,0.00339
1042.32815,0.00423
1041.36392,0.00485
1040.39970,0.00499
1039.43547,0.00491
1038.47125,0.00497
1037.50702,0.00510
1036.54280,0.00487
1035.57857,0.00400
1034.61434,0.00277
1033.65012,0.00188
1032.68589,0.00189
1031.72167,0.00273
1030.75744,0.00377
1029.79321,0.00433
1028.82899,0.00419
1027.86476,0.00368
1026.90054,0.00341
1025.93631,0.00373
1024.97209,0.00459
1024.00786,0.00567
1023.04363,0.00668
1022.07941,0.00747
1021.11518,0.00798
1020.15096,0.00816
1019.18673,0.00807
1018.22250,0.00782
1017.25828,0.00741
1016.29405,0.00660
1015.32983,0.00524
1014.36560,0.00357
1013.40137,0.00233
1012.43715,0.00215
1011.47292,0.00294
1010.50870,0.00401
1009.54447,0.00472
1008.58025,0.00503
1007.61602,0.00521
1006.65179,0.00529
1005.68757,0.00483
1004.72334,0.00352
1003.75912,0.00167
1002.79489,0.00010
1001.83066,-0.00060
1000.86644,-0.00058
999.90221,-0.00038
998.93799,-0.00035
997.97376,-0.00047
997.00954,-0.00057
996.04531,-0.00062
995.08108,-0.00062
994.11686,-0.00048
993.15263,-0.00010
992.18841,0.00036
991.22418,0.00049
990.25995,0.00002
989.29573,-0.00073
988.33150,-0.00093
987.36728,0.00000
986.40305,0.00176
985.43882,0.00322
984.47460,0.00336
983.51037,0.00213
982.54615,0.00061
981.58192,0.00016
980.61770,0.00133
979.65347,0.00352
978.68924,0.00557
977.72502,0.00656
976.76079,0.00620
975.79657,0.00469
974.83234,0.00258
973.86811,0.00087
972.90389,0.00071
971.93966,0.00258
970.97544,0.00557
970.01121,0.00788
969.04699,0.00825
968.08276,0.00693
967.11853,0.00526
966.15431,0.00427
965.19008,0.00394
964.22586,0.00368
963.26163,0.00307
962.29740,0.00207
961.33318,0.00062
960.36895,-0.00114
959.40473,-0.00243
958.44050,-0.00204
957.47628,0.00028
956.51205,0.00302
955.54782,0.00393
954.58360,0.00223
953.61937,-0.00058
952.65515,-0.00231
951.69092,-0.00222
950.72669,-0.00133
949.76247,-0.00084
948.79824,-0.00088
947.83402,-0.00104
946.86979,-0.00141
945.90556,-0.00245
944.94134,-0.00383
943.97711,-0.00407
943.01289,-0.00195
942.04866,0.00202
941.08444,0.00590
940.12021,0.00813
939.15598,0.00865
938.19176,0.00818
937.22753,0.00691
936.26331,0.00459
935.29908,0.00162
934.33485,-0.00058
933.37063,-0.00072
932.40640,0.00100
931.44218,0.00303
930.47795,0.00391
929.51373,0.00332
928.54950,0.00183
927.58527,0.00015
926.62105,-0.00127
925.65682,-0.00212
924.69260,-0.00217
923.72837,-0.00154
922.76414,-0.00076
921.79992,-0.00043
920.83569,-0.00078
919.87147,-0.00161
918.90724,-0.00245
917.94302,-0.00264
916.97879,-0.00166
916.01456,0.00053
915.05034,0.00305
914.08611,0.00454
913.12189,0.00418
912.15766,0.00251
911.19343,0.00107
910.22921,0.00105
909.26498,0.00242
908.30076,0.00428
907.33653,0.00576
906.37230,0.00660
905.40808,0.00687
904.44385,0.00671
903.47963,0.00621
902.51540,0.00550
901.55118,0.00454
900.58695,0.00303
899.62272,0.00066
898.65850,-0.00222
897.69427,-0.00447
896.73005,-0.00482
895.76582,-0.00296
894.80159,0.00007
893.83737,0.00268
892.87314,0.00381
891.90892,0.00345
890.94469,0.00213
889.98047,0.00022
889.01624,-0.00233
888.05201,-0.00558
887.08779,-0.00922
886.12356,-0.01258
885.15934,-0.01490
884.19511,-0.01550
883.23088,-0.01376
882.26666,-0.00945
881.30243,-0.00348
880.33821,0.00195
879.37398,0.00462
878.40975,0.00393
877.44553,0.00142
876.48130,-0.00097
875.51708,-0.00262
874.55285,-0.00417
873.58863,-0.00577
872.62440,-0.00623
871.66017,-0.00428
870.69595,-0.00055
869.73172,0.00257
868.76750,0.00320
867.80327,0.00175
866.83904,-0.00005
865.87482,-0.00168
864.91059,-0.00442
863.94637,-0.00928
862.98214,-0.01496
862.01792,-0.01836
861.05369,-0.01738
860.08946,-0.01276
859.12524,-0.00704
858.16101,-0.00223
857.19679,0.00130
856.23256,0.00395
855.26833,0.00592
854.30411,0.00708
853.33988,0.00754
852.37566,0.00762
851.41143,0.00742
850.44721,0.00657
849.48298,0.00479
848.51875,0.00239
847.55453,0.00022
846.59030,-0.00097
845.62608,-0.00088
844.66185,0.00042
843.69762,0.00290
842.73340,0.00627
841.76917,0.00946
840.80495,0.01070
839.84072,0.00863
838.87649,0.00360
837.91227,-0.00214
836.94804,-0.00594
835.98382,-0.00661
835.01959,-0.00512
834.05537,-0.00329
833.09114,-0.00200
832.12691,-0.00090
831.16269,0.00047
830.19846,0.00176
829.23424,0.00244
828.27001,0.00293
827.30578,0.00422
826.34156,0.00622
825.37733,0.00710
824.41311,0.00496
823.44888,0.00014
822.48466,-0.00477
821.52043,-0.00712
820.55620,-0.00641
819.59198,-0.00429
818.62775,-0.00274
817.66353,-0.00277
816.69930,-0.00433
815.73507,-0.00655
814.77085,-0.00778
813.80662,-0.00629
812.84240,-0.00183
811.87817,0.00372
810.91395,0.00766
809.94972,0.00870
808.98549,0.00775
808.02127,0.00644
807.05704,0.00521
806.09282,0.00329
805.12859,0.00035
804.16436,-0.00255
803.20014,-0.00399
802.23591,-0.00352
801.27169,-0.00182
800.30746,0.00005
799.34323,0.00107
798.37901,0.00037
797.41478,-0.00213
796.45056,-0.00501
795.48633,-0.00605
794.52211,-0.00457
793.55788,-0.00262
792.59365,-0.00308
791.62943,-0.00626
790.66520,-0.00910
789.70098,-0.00819
788.73675,-0.00340
787.77252,0.00191
786.80830,0.00418
785.84407,0.00278
784.87985,-0.00026
783.91562,-0.00286
782.95140,-0.00457
781.98717,-0.00590
781.02294,-0.00708
780.05872,-0.00798
779.09449,-0.00874
778.13027,-0.00968
777.16604,-0.01054
776.20181,-0.01029
775.23759,-0.00815
774.27336,-0.00471
773.30914,-0.00170
772.34491,-0.00055
771.38068,-0.00104
770.41646,-0.00151
769.45223,-0.00028
768.48801,0.00276
767.52378,0.00597
766.55956,0.00735
765.59533,0.00620
764.63110,0.00368
763.66688,0.00176
762.70265,0.00166
761.73843,0.00304
760.77420,0.00455
759.80997,0.00500
758.84575,0.00397
757.88152,0.00185
756.91730,-0.00040
755.95307,-0.00161
754.98885,-0.00100
754.02462,0.00113
753.06039,0.00349
752.09617,0.00486
751.13194,0.00502
750.16772,0.00468
749.20349,0.00445
748.23926,0.00426
747.27504,0.00368
746.31081,0.00268
745.34659,0.00163
744.38236,0.00079
743.41814,0.00013
742.45391,-0.00039
741.48968,-0.00060
740.52546,-0.00051
739.56123,-0.00048
738.59701,-0.00092
737.63278,-0.00177
736.66855,-0.00267
735.70433,-0.00357
734.74010,-0.00472
733.77588,-0.00596
732.81165,-0.00639
731.84742,-0.00534
730.88320,-0.00356
729.91897,-0.00258
728.95475,-0.00280
727.99052,-0.00285
727.02630,-0.00121
726.06207,0.00152
725.09784,0.00285
724.13362,0.00111
723.16939,-0.00246
722.20517,-0.00478
721.24094,-0.00405
720.27671,-0.00140
719.31249,0.00064
718.34826,0.00068
717.38404,-0.00064
716.41981,-0.00166
715.45559,-0.00123
714.49136,0.00080
713.52713,0.00371
712.56291,0.00640
711.59868,0.00778
710.63446,0.00742
709.67023,0.00565
708.70600,0.00337
707.74178,0.00139
706.77755,0.00024
705.81333,0.00021
704.84910,0.00140
703.88487,0.00344
702.92065,0.00563
701.95642,0.00734
700.99220,0.00849
700.02797,0.00939
699.06375,0.01019
698.09952,0.01065
697.13529,0.01055
696.17107,0.01013
695.20684,0.00992
694.24262,0.01009
693.27839,0.01016
692.31416,0.00929
691.34994,0.00688
690.38571,0.00289
689.42149,-0.00196
688.45726,-0.00611
687.49304,-0.00767
686.52881,-0.00564
685.56458,-0.00104
684.60036,0.00343
683.63613,0.00549
682.67191,0.00498
681.70768,0.00356
680.74345,0.00295
679.77923,0.00354
678.81500,0.00488
677.85078,0.00683
676.88655,0.00963
675.92233,0.01268
674.95810,0.01405
673.99387,0.01173
673.02965,0.00573
672.06542,-0.00135
671.10120,-0.00605
670.13697,-0.00635
669.17274,-0.00272
668.20852,0.00220
667.24429,0.00500
666.28007,0.00386
665.31584,-0.00000
664.35161,-0.00376
663.38739,-0.00498
662.42316,-0.00282
661.45894,0.00188
660.49471,0.00745
659.53049,0.01261
658.56626,0.01675
657.60203,0.01932
656.63781,0.01961
655.67358,0.01724
654.70936,0.01272
653.74513,0.00725
652.78090,0.00225
651.81668,-0.00118
650.85245,-0.00252
649.88823,-0.00205
648.92400,-0.00077
647.95978,-0.00005
646.99555,-0.00065
646.03132,-0.00218
645.06710,-0.00351
644.10287,-0.00403
643.13865,-0.00410
642.17442,-0.00427
641.21019,-0.00400
640.24597,-0.00186
639.28174,0.00241
638.31752,0.00651
637.35329,0.00697
636.38907,0.00258
635.42484,-0.00403
634.46061,-0.00813
633.49639,-0.00674
632.53216,-0.00102
631.56794,0.00509
630.60371,0.00822
629.63948,0.00730
628.67526,0.00299
627.71103,-0.00320
626.74681,-0.00888
625.78258,-0.01117
624.81835,-0.00844
623.85413,-0.00208
622.88990,0.00396
621.92568,0.00640
620.96145,0.00513
619.99723,0.00271
619.03300,0.00162
618.06877,0.00268
617.10455,0.00553
616.14032,0.00967
615.17610,0.01414
614.21187,0.01697
613.24764,0.01630
612.28342,0.01242
611.31919,0.00792
610.35497,0.00525
609.39074,0.00419
608.42652,0.00266
607.46229,-0.00011
606.49806,-0.00254
605.53384,-0.00329
604.56961,-0.00343
603.60539,-0.00501
602.64116,-0.00745
601.67693,-0.00719
600.71271,-0.00207
599.74848,0.00480
598.78426,0.00749
597.82003,0.00351
596.85580,-0.00352
595.89158,-0.00785
594.92735,-0.00775
593.96313,-0.00639
592.99890,-0.00663
592.03468,-0.00676
591.07045,-0.00281
590.10622,0.00563
589.14200,0.01402
588.17777,0.01769
587.21355,0.01634
586.24932,0.01340
585.28509,0.01174
584.32087,0.01105
583.35664,0.00987
582.39242,0.00846
581.42819,0.00861
580.46397,0.01066
579.49974,0.01179
578.53551,0.00861
577.57129,0.00103
576.60706,-0.00699
575.64284,-0.01150
574.67861,-0.01196
573.71438,-0.01121
572.75016,-0.01185
571.78593,-0.01353
570.82171,-0.01403
569.85748,-0.01278
568.89326,-0.01251
567.92903,-0.01664
566.96480,-0.02463
566.00058,-0.03060
565.03635,-0.02744
564.07213,-0.01401
563.10790,0.00218
562.14367,0.01155
561.17945,0.01176
560.21522,0.00954
559.25100,0.01346
558.28677,0.02571
557.32254,0.04078
556.35832,0.05003
555.39409,0.04898
554.42987,0.03965
553.46564,0.02545
552.50142,0.00853
551.53719,-0.00763
550.57296,-0.01603
549.60874,-0.00590
548.64451,0.02611
547.68029,0.06970
546.71606,0.09841
545.75183,0.08309
544.78761,0.01732
543.82338,-0.07040
542.85916,-0.13303
541.89493,-0.14646
540.93071,-0.12561
539.96648,-0.09119
539.00225,-0.05127
538.03803,0.01436
537.07380,0.10564
536.10958,0.17266
535.14535,0.18095
534.18112,0.12319
533.21690,0.05395
532.25267,0.02910
531.28845,0.07328
530.32422,0.16993
529.36000,0.24121
528.39577,0.18757
527.43154,0.04457
526.46732,-0.10018
525.50309,-0.19603
524.53887,-0.21412
523.57464,-0.13054
522.61041,0.07407
521.64619,0.36566
520.68196,0.66555
519.71774,0.85434
518.75351,0.77676
517.78928,0.52738
516.82506,0.27947
515.86083,0.12870
514.89661,0.10726
513.93238,0.17223
512.96816,0.28787
512.00393,0.41536
511.03970,0.45223
510.07548,0.32213
509.11125,0.14488
508.14703,0.02877
507.18280,0.00910
506.21857,0.07620
505.25435,0.19329
504.29012,0.31359
503.32590,0.38784
502.36167,0.36760
501.39745,0.28357
500.43322,0.23880
499.46899,0.26409
498.50477,0.35505
497.54054,0.45893
496.57632,0.51486
495.61209,0.49237
494.64786,0.39207
493.68364,0.23175
492.71941,0.12373
491.75519,0.12949
490.79096,0.27032
489.82673,0.54832
488.86251,0.92929
487.89828,0.96888
486.93406,0.57461
485.96983,0.32191
485.00561,0.23803
484.04138,0.23440
483.07715,0.19916
482.11293,0.09777
481.14870,0.03230
480.18448,0.07403
479.22025,0.22954
478.25602,0.43172
477.29180,0.53059
476.32757,0.45528
475.36335,0.28838
474.39912,0.10808
473.43490,-0.05663
472.47067,-0.15978
471.50644,-0.18011
470.54222,-0.12986
469.57799,-0.03840
468.61377,0.04121
467.64954,0.07767
466.68531,0.09707
465.72109,0.13428
464.75686,0.19808
463.79264,0.26922
462.82841,0.30303
461.86419,0.27995
460.89996,0.21621
459.93573,0.14121
458.97151,0.07960
458.00728,0.03784
457.04306,0.00567
456.07883,-0.02310
455.11460,-0.05015
454.15038,-0.06652
453.18615,-0.04127
452.22193,0.09382
451.25770,0.33852
450.29347,0.41834
449.32925,0.30859
448.36502,0.22804
447.40080,0.20162
446.43657,0.21916
445.47235,0.26382
444.50812,0.38110
443.54389,0.55941
442.57967,0.68929
441.61544,0.65151
440.65122,0.40739
439.68699,0.09112
438.72276,-0.15266
437.75854,-0.23828
436.79431,-0.18716
435.83009,-0.04164
434.86586,0.21754
433.90164,0.58270
432.93741,0.89154
431.97318,0.74812
431.00896,0.43986
430.04473,0.14884
429.08051,-0.13178
428.11628,-0.41528
427.15205,-0.54948
426.18783,-0.36163
425.22360,-0.09473
424.25938,0.10590
423.29515,0.20271
422.33092,0.23924
421.36670,0.25787
420.40247,0.29182
419.43825,0.28541
418.47402,0.39766
417.50980,0.90061
416.54557,6.00000
415.58134,6.00000
414.61712,1.26113
413.65289,0.55188
412.68867,0.28849
411.72444,0.07183
410.76021,-0.19296
409.79599,-0.41949
408.83176,-0.49250
407.86754,-0.45758
406.90331,-0.38061
405.93909,-0.29051
404.97486,-0.20764
404.01063,-0.15613
403.04641,-0.11563
402.08218,-0.07618
401.11796,-0.02781
400.15373,0.04309
399.18950,0.14925
398.22528,0.22650
397.26105,0.22930
396.29683,0.18810
395.33260,0.12958
394.36838,0.08710
393.40415,0.08748
392.43992,0.10604
391.47570,0.12852
390.51147,0.13846
389.54725,0.12183
388.58302,0.06493
387.61879,-0.04745
386.65457,-0.19683
385.69034,-0.33396
384.72612,-0.36543
383.76189,-0.24348
382.79766,-0.05752
381.83344,0.09290
380.86921,0.19792
379.90499,0.31524
378.94076,0.45861
377.97654,0.52488
377.01231,0.42994
376.04808,0.29058
375.08386,0.20162
374.11963,0.15354
373.15541,0.11009
372.19118,0.09136
371.22695,0.15953
370.26273,0.29339
369.29850,0.38160
368.33428,0.41554
367.37005,0.40351
366.40583,0.33106
365.44160,0.19169
364.47737,-0.08169
363.51315,-0.31908
362.54892,-0.38883
361.58470,-0.49741
360.62047,-0.51107
359.65624,-0.43998
358.69202,-0.33325
357.72779,-0.21011
356.76357,-0.09148
355.79934,-0.03757
354.83512,-0.07352
353.87089,-0.14061
352.90666,-0.13718
351.94244,-0.02915
350.97821,0.10602
350.01399,0.18765
349.04976,0.21601
