3946.57643,0.00835
3945.61220,0.00865
3944.64798,0.00931
3943.68375,0.01023
3942.71953,0.01103
3941.75530,0.01136
3940.79107,0.01132
3939.82685,0.01135
3938.86262,0.01171
3937.89840,0.01214
3936.93417,0.01219
3935.96994,0.01165
3935.00572,0.01078
3934.04149,0.01006
3933.07727,0.00970
3932.11304,0.00959
3931.14882,0.00950
3930.18459,0.00932
3929.22036,0.00910
3928.25614,0.00899
3927.29191,0.00908
3926.32769,0.00930
3925.36346,0.00938
3924.39923,0.00904
3923.43501,0.00827
3922.47078,0.00749
3921.50656,0.00725
3920.54233,0.00770
3919.57811,0.00845
3918.61388,0.00902
3917.64965,0.00932
3916.68543,0.00966
3915.72120,0.01015
3914.75698,0.01041
3913.79275,0.00992
3912.82852,0.00869
3911.86430,0.00742
3910.90007,0.00690
3909.93585,0.00731
3908.97162,0.00819
3908.00739,0.00901
3907.04317,0.00959
3906.07894,0.01012
3905.11472,0.01068
3904.15049,0.01112
3903.18627,0.01117
3902.22204,0.01075
3901.25781,0.00999
3900.29359,0.00915
3899.32936,0.00853
3898.36514,0.00838
3897.40091,0.00877
3896.43668,0.00951
3895.47246,0.01023
3894.50823,0.01066
3893.54401,0.01079
3892.57978,0.01073
3891.61556,0.01048
3890.65133,0.00988
3889.68710,0.00890
3888.72288,0.00789
3887.75865,0.00742
3886.79443,0.00781
3885.83020,0.00875
3884.86597,0.00955
3883.90175,0.00963
3882.93752,0.00899
3881.97330,0.00807
3881.00907,0.00732
3880.04485,0.00694
3879.08062,0.00697
3878.11639,0.00737
3877.15217,0.00812
3876.18794,0.00904
3875.22372,0.00979
3874.25949,0.01006
3873.29526,0.00981
3872.33104,0.00932
3871.36681,0.00894
3870.40259,0.00887
3869.43836,0.00903
3868.47413,0.00927
3867.50991,0.00944
3866.54568,0.00953
3865.58146,0.00964
3864.61723,0.00986
3863.65301,0.01019
3862.68878,0.01044
3861.72455,0.01034
3860.76033,0.00978
3859.79610,0.00898
3858.83188,0.00839
3857.86765,0.00833
3856.90342,0.00874
3855.93920,0.00932
3854.97497,0.00973
3854.01075,0.00983
3853.04652,0.00970
3852.08230,0.00946
3851.11807,0.00919
3850.15384,0.00893
3849.18962,0.00864
3848.22539,0.00827
3847.26117,0.00792
3846.29694,0.00780
3845.33271,0.00816
3844.36849,0.00897
3843.40426,0.00994
3842.44004,0.01070
3841.47581,0.01114
3840.51159,0.01140
3839.54736,0.01154
3838.58313,0.01141
3837.61891,0.01080
3836.65468,0.00982
3835.69046,0.00885
3834.72623,0.00828
3833.76200,0.00817
3832.79778,0.00837
3831.83355,0.00875
3830.86933,0.00922
3829.90510,0.00967
3828.94087,0.00987
3827.97665,0.00964
3827.01242,0.00903
3826.04820,0.00830
3825.08397,0.00774
3824.11975,0.00750
3823.15552,0.00766
3822.19129,0.00814
3821.22707,0.00866
3820.26284,0.00882
3819.29862,0.00839
3818.33439,0.00763
3817.37016,0.00706
3816.40594,0.00708
3815.44171,0.00765
3814.47749,0.00836
3813.51326,0.00884
3812.54904,0.00897
3811.58481,0.00882
3810.62058,0.00847
3809.65636,0.00810
3808.69213,0.00795
3807.72791,0.00823
3806.76368,0.00894
3805.79945,0.00980
3804.83523,0.01054
3803.87100,0.01105
3802.90678,0.01131
3801.94255,0.01130
3800.97832,0.01094
3800.01410,0.01030
3799.04987,0.00960
3798.08565,0.00910
3797.12142,0.00888
3796.15720,0.00888
3795.19297,0.00905
3794.22874,0.00939
3793.26452,0.00992
3792.30029,0.01058
3791.33607,0.01118
3790.37184,0.01147
3789.40761,0.01127
3788.44339,0.01060
3787.47916,0.00966
3786.51494,0.00878
3785.55071,0.00817
3784.58649,0.00786
3783.62226,0.00777
3782.65803,0.00788
3781.69381,0.00830
3780.72958,0.00906
3779.76536,0.00994
3778.80113,0.01057
3777.83690,0.01070
3776.87268,0.01042
3775.90845,0.01003
3774.94423,0.00979
3773.98000,0.00978
3773.01578,0.00993
3772.05155,0.01013
3771.08732,0.01020
3770.12310,0.00996
3769.15887,0.00941
3768.19465,0.00878
3767.23042,0.00850
3766.26619,0.00876
3765.30197,0.00945
3764.33774,0.01018
3763.37352,0.01060
3762.40929,0.01062
3761.44506,0.01034
3760.48084,0.00990
3759.51661,0.00943
3758.55239,0.00900
3757.58816,0.00869
3756.62394,0.00852
3755.65971,0.00853
3754.69548,0.00876
3753.73126,0.00918
3752.76703,0.00963
3751.80281,0.00992
3750.83858,0.00991
3749.87435,0.00968
3748.91013,0.00943
3747.94590,0.00934
3746.98168,0.00944
3746.01745,0.00963
3745.05323,0.00973
3744.08900,0.00960
3743.12477,0.00920
3742.16055,0.00872
3741.19632,0.00844
3740.23210,0.00857
3739.26787,0.00906
3738.30364,0.00960
3737.33942,0.00985
3736.37519,0.00971
3735.41097,0.00934
3734.44674,0.00902
3733.48251,0.00891
3732.51829,0.00899
3731.55406,0.00916
3730.58984,0.00932
3729.62561,0.00947
3728.66139,0.00965
3727.69716,0.00991
3726.73293,0.01023
3725.76871,0.01049
3724.80448,0.01052
3723.84026,0.01030
3722.87603,0.00993
3721.91180,0.00964
3720.94758,0.00955
3719.98335,0.00962
3719.01913,0.00971
3718.05490,0.00973
3717.09068,0.00966
3716.12645,0.00961
3715.16222,0.00965
3714.19800,0.00978
3713.23377,0.00992
3712.26955,0.00996
3711.30532,0.00985
3710.34109,0.00955
3709.37687,0.00906
3708.41264,0.00841
3707.44842,0.00777
3706.48419,0.00741
3705.51997,0.00760
3704.55574,0.00833
3703.59151,0.00925
3702.62729,0.00989
3701.66306,0.01006
3700.69884,0.00998
3699.73461,0.01006
3698.77038,0.01043
3697.80616,0.01081
3696.84193,0.01083
3695.87771,0.01036
3694.91348,0.00964
3693.94925,0.00899
3692.98503,0.00851
3692.02080,0.00820
3691.05658,0.00809
3690.09235,0.00836
3689.12813,0.00912
3688.16390,0.01014
3687.19967,0.01091
3686.23545,0.01104
3685.27122,0.01061
3684.30700,0.01008
3683.34277,0.00993
3682.37854,0.01026
3681.41432,0.01084
3680.45009,0.01135
3679.48587,0.01168
3678.52164,0.01192
3677.55742,0.01214
3676.59319,0.01228
3675.62896,0.01228
3674.66474,0.01224
3673.70051,0.01237
3672.73629,0.01274
3671.77206,0.01311
3670.80783,0.01318
3669.84361,0.01285
3668.87938,0.01237
3667.91516,0.01201
3666.95093,0.01185
3665.98671,0.01185
3665.02248,0.01198
3664.05825,0.01230
3663.09403,0.01272
3662.12980,0.01296
3661.16558,0.01280
3660.20135,0.01236
3659.23712,0.01208
3658.27290,0.01232
3657.30867,0.01302
3656.34445,0.01374
3655.38022,0.01416
3654.41599,0.01425
3653.45177,0.01423
3652.48754,0.01423
3651.52332,0.01423
3650.55909,0.01416
3649.59487,0.01396
3648.63064,0.01359
3647.66641,0.01300
3646.70219,0.01228
3645.73796,0.01172
3644.77374,0.01164
3643.80951,0.01209
3642.84528,0.01276
3641.88106,0.01322
3640.91683,0.01329
3639.95261,0.01318
3638.98838,0.01319
3638.02416,0.01352
3637.05993,0.01406
3636.09570,0.01463
3635.13148,0.01502
3634.16725,0.01515
3633.20303,0.01499
3632.23880,0.01465
3631.27457,0.01432
3630.31035,0.01420
3629.34612,0.01440
3628.38190,0.01482
3627.41767,0.01525
3626.45344,0.01548
3625.48922,0.01547
3624.52499,0.01532
3623.56077,0.01522
3622.59654,0.01538
3621.63232,0.01580
3620.66809,0.01630
3619.70386,0.01660
3618.73964,0.01654
3617.77541,0.01620
3616.81119,0.01583
3615.84696,0.01565
3614.88273,0.01574
3613.91851,0.01606
3612.95428,0.01645
3611.99006,0.01671
3611.02583,0.01669
3610.06161,0.01639
3609.09738,0.01595
3608.13315,0.01552
3607.16893,0.01519
3606.20470,0.01491
3605.24048,0.01472
3604.27625,0.01476
3603.31202,0.01514
3602.34780,0.01575
3601.38357,0.01633
3600.41935,0.01666
3599.45512,0.01677
3598.49090,0.01679
3597.52667,0.01678
3596.56244,0.01671
3595.59822,0.01660
3594.63399,0.01662
3593.66977,0.01694
3592.70554,0.01750
3591.74131,0.01801
3590.77709,0.01826
3589.81286,0.01822
3588.84864,0.01800
3587.88441,0.01774
3586.92018,0.01749
3585.95596,0.01733
3584.99173,0.01738
3584.02751,0.01761
3583.06328,0.01779
3582.09906,0.01771
3581.13483,0.01742
3580.17060,0.01722
3579.20638,0.01731
3578.24215,0.01753
3577.27793,0.01752
3576.31370,0.01711
3575.34947,0.01654
3574.38525,0.01621
3573.42102,0.01628
3572.45680,0.01661
3571.49257,0.01696
3570.52835,0.01724
3569.56412,0.01755
3568.59989,0.01794
3567.63567,0.01830
3566.67144,0.01845
3565.70722,0.01830
3564.74299,0.01796
3563.77876,0.01769
3562.81454,0.01766
3561.85031,0.01788
3560.88609,0.01821
3559.92186,0.01845
3558.95764,0.01852
3557.99341,0.01849
3557.02918,0.01850
3556.06496,0.01850
3555.10073,0.01831
3554.13651,0.01778
3553.17228,0.01704
3552.20805,0.01645
3551.24383,0.01637
3550.27960,0.01678
3549.31538,0.01730
3548.35115,0.01753
3547.38692,0.01735
3546.42270,0.01696
3545.45847,0.01661
3544.49425,0.01641
3543.53002,0.01640
3542.56580,0.01663
3541.60157,0.01716
3540.63734,0.01787
3539.67312,0.01843
3538.70889,0.01859
3537.74467,0.01846
3536.78044,0.01839
3535.81621,0.01869
3534.85199,0.01926
3533.88776,0.01976
3532.92354,0.01985
3531.95931,0.01951
3530.99509,0.01889
3530.03086,0.01819
3529.06663,0.01759
3528.10241,0.01725
3527.13818,0.01730
3526.17396,0.01772
3525.20973,0.01826
3524.24550,0.01869
3523.28128,0.01894
3522.31705,0.01907
3521.35283,0.01919
3520.38860,0.01928
3519.42437,0.01929
3518.46015,0.01923
3517.49592,0.01915
3516.53170,0.01904
3515.56747,0.01883
3514.60325,0.01855
3513.63902,0.01836
3512.67479,0.01849
3511.71057,0.01899
3510.74634,0.01974
3509.78212,0.02043
3508.81789,0.02078
3507.85366,0.02060
3506.88944,0.01997
3505.92521,0.01927
3504.96099,0.01894
3503.99676,0.01917
3503.03254,0.01970
3502.06831,0.02001
3501.10408,0.01986
3500.13986,0.01950
3499.17563,0.01950
3498.21141,0.02013
3497.24718,0.02113
3496.28295,0.02187
3495.31873,0.02182
3494.35450,0.02090
3493.39028,0.01954
3492.42605,0.01840
3491.46183,0.01805
3490.49760,0.01861
3489.53337,0.01973
3488.56915,0.02079
3487.60492,0.02132
3486.64070,0.02126
3485.67647,0.02081
3484.71224,0.02020
3483.74802,0.01951
3482.78379,0.01887
3481.81957,0.01847
3480.85534,0.01851
3479.89111,0.01901
3478.92689,0.01974
3477.96266,0.02041
3476.99844,0.02079
3476.03421,0.02084
3475.06999,0.02065
3474.10576,0.02043
3473.14153,0.02045
3472.17731,0.02084
3471.21308,0.02151
3470.24886,0.02217
3469.28463,0.02262
3468.32040,0.02282
3467.35618,0.02278
3466.39195,0.02245
3465.42773,0.02173
3464.46350,0.02074
3463.49928,0.01984
3462.53505,0.01941
3461.57082,0.01961
3460.60660,0.02028
3459.64237,0.02115
3458.67815,0.02199
3457.71392,0.02259
3456.74969,0.02282
3455.78547,0.02271
3454.82124,0.02239
3453.85702,0.02201
3452.89279,0.02155
3451.92856,0.02099
3450.96434,0.02050
3450.00011,0.02040
3449.03589,0.02085
3448.07166,0.02152
3447.10744,0.02182
3446.14321,0.02139
3445.17898,0.02051
3444.21476,0.01988
3443.25053,0.02003
3442.28631,0.02091
3441.32208,0.02195
3440.35785,0.02249
3439.39363,0.02221
3438.42940,0.02134
3437.46518,0.02044
3436.50095,0.02004
3435.53673,0.02029
3434.57250,0.02095
3433.60827,0.02162
3432.64405,0.02214
3431.67982,0.02258
3430.71560,0.02306
3429.75137,0.02345
3428.78714,0.02343
3427.82292,0.02288
3426.85869,0.02207
3425.89447,0.02148
3424.93024,0.02144
3423.96602,0.02196
3423.00179,0.02276
3422.03756,0.02348
3421.07334,0.02388
3420.10911,0.02383
3419.14489,0.02338
3418.18066,0.02276
3417.21643,0.02222
3416.25221,0.02194
3415.28798,0.02194
3414.32376,0.02208
3413.35953,0.02221
3412.39530,0.02225
3411.43108,0.02220
3410.46685,0.02213
3409.50263,0.02213
3408.53840,0.02228
3407.57418,0.02262
3406.60995,0.02313
3405.64572,0.02375
3404.68150,0.02438
3403.71727,0.02486
3402.75305,0.02509
3401.78882,0.02502
3400.82459,0.02474
3399.86037,0.02447
3398.89614,0.02440
3397.93192,0.02453
3396.96769,0.02474
3396.00347,0.02488
3395.03924,0.02494
3394.07501,0.02504
3393.11079,0.02521
3392.14656,0.02534
3391.18234,0.02528
3390.21811,0.02499
3389.25388,0.02460
3388.28966,0.02431
3387.32543,0.02412
3386.36121,0.02385
3385.39698,0.02336
3384.43276,0.02266
3383.46853,0.02197
3382.50430,0.02149
3381.54008,0.02125
3380.57585,0.02122
3379.61163,0.02142
3378.64740,0.02190
3377.68317,0.02257
3376.71895,0.02318
3375.75472,0.02342
3374.79050,0.02320
3373.82627,0.02268
3372.86204,0.02214
3371.89782,0.02176
3370.93359,0.02158
3369.96937,0.02155
3369.00514,0.02157
3368.04092,0.02154
3367.07669,0.02142
3366.11246,0.02130
3365.14824,0.02138
3364.18401,0.02175
3363.21979,0.02233
3362.25556,0.02286
3361.29133,0.02318
3360.32711,0.02333
3359.36288,0.02341
3358.39866,0.02342
3357.43443,0.02328
3356.47021,0.02303
3355.50598,0.02282
3354.54175,0.02287
3353.57753,0.02323
3352.61330,0.02379
3351.64908,0.02432
3350.68485,0.02466
3349.72062,0.02465
3348.75640,0.02428
3347.79217,0.02375
3346.82795,0.02338
3345.86372,0.02347
3344.89949,0.02398
3343.93527,0.02460
3342.97104,0.02503
3342.00682,0.02519
3341.04259,0.02521
3340.07837,0.02519
3339.11414,0.02504
3338.14991,0.02467
3337.18569,0.02413
3336.22146,0.02366
3335.25724,0.02351
3334.29301,0.02377
3333.32878,0.02430
3332.36456,0.02488
3331.40033,0.02532
3330.43611,0.02552
3329.47188,0.02552
3328.50766,0.02541
3327.54343,0.02524
3326.57920,0.02502
3325.61498,0.02479
3324.65075,0.02459
3323.68653,0.02451
3322.72230,0.02456
3321.75807,0.02463
3320.79385,0.02463
3319.82962,0.02456
3318.86540,0.02447
3317.90117,0.02437
3316.93695,0.02425
3315.97272,0.02412
3315.00849,0.02414
3314.04427,0.02436
3313.08004,0.02462
3312.11582,0.02461
3311.15159,0.02419
3310.18736,0.02361
3309.22314,0.02335
3308.25891,0.02367
3307.29469,0.02440
3306.33046,0.02512
3305.36623,0.02555
3304.40201,0.02568
3303.43778,0.02570
3302.47356,0.02573
3301.50933,0.02574
3300.54511,0.02558
3299.58088,0.02508
3298.61665,0.02411
3297.65243,0.02280
3296.68820,0.02152
3295.72398,0.02079
3294.75975,0.02091
3293.79552,0.02170
3292.83130,0.02266
3291.86707,0.02332
3290.90285,0.02357
3289.93862,0.02363
3288.97440,0.02371
3288.01017,0.02379
3287.04594,0.02375
3286.08172,0.02349
3285.11749,0.02315
3284.15327,0.02294
3283.18904,0.02302
3282.22481,0.02333
3281.26059,0.02369
3280.29636,0.02395
3279.33214,0.02402
3278.36791,0.02388
3277.40369,0.02352
3276.43946,0.02293
3275.47523,0.02221
3274.51101,0.02162
3273.54678,0.02146
3272.58256,0.02181
3271.61833,0.02249
3270.65410,0.02315
3269.68988,0.02361
3268.72565,0.02390
3267.76143,0.02416
3266.79720,0.02439
3265.83297,0.02449
3264.86875,0.02437
3263.90452,0.02409
3262.94030,0.02380
3261.97607,0.02359
3261.01185,0.02347
3260.04762,0.02342
3259.08339,0.02342
3258.11917,0.02348
3257.15494,0.02351
3256.19072,0.02348
3255.22649,0.02340
3254.26226,0.02334
3253.29804,0.02332
3252.33381,0.02322
3251.36959,0.02288
3250.40536,0.02229
3249.44114,0.02165
3248.47691,0.02125
3247.51268,0.02128
3246.54846,0.02171
3245.58423,0.02228
3244.62001,0.02265
3243.65578,0.02260
3242.69155,0.02224
3241.72733,0.02190
3240.76310,0.02191
3239.79888,0.02227
3238.83465,0.02271
3237.87042,0.02296
3236.90620,0.02301
3235.94197,0.02306
3234.97775,0.02323
3234.01352,0.02339
3233.04930,0.02335
3232.08507,0.02308
3231.12084,0.02278
3230.15662,0.02274
3229.19239,0.02299
3228.22817,0.02330
3227.26394,0.02340
3226.29971,0.02319
3225.33549,0.02282
3224.37126,0.02250
3223.40704,0.02236
3222.44281,0.02236
3221.47859,0.02237
3220.51436,0.02229
3219.55013,0.02211
3218.58591,0.02191
3217.62168,0.02180
3216.65746,0.02188
3215.69323,0.02218
3214.72900,0.02262
3213.76478,0.02303
3212.80055,0.02319
3211.83633,0.02305
3210.87210,0.02278
3209.90788,0.02261
3208.94365,0.02264
3207.97942,0.02274
3207.01520,0.02271
3206.05097,0.02248
3205.08675,0.02219
3204.12252,0.02198
3203.15829,0.02183
3202.19407,0.02160
3201.22984,0.02120
3200.26562,0.02071
3199.30139,0.02034
3198.33716,0.02027
3197.37294,0.02051
3196.40871,0.02094
3195.44449,0.02133
3194.48026,0.02154
3193.51604,0.02163
3192.55181,0.02175
3191.58758,0.02199
3190.62336,0.02219
3189.65913,0.02206
3188.69491,0.02154
3187.73068,0.02097
3186.76645,0.02077
3185.80223,0.02104
3184.83800,0.02140
3183.87378,0.02137
3182.90955,0.02088
3181.94533,0.02026
3180.98110,0.01991
3180.01687,0.01990
3179.05265,0.01998
3178.08842,0.02000
3177.12420,0.01997
3176.15997,0.02006
3175.19574,0.02028
3174.23152,0.02053
3173.26729,0.02069
3172.30307,0.02077
3171.33884,0.02081
3170.37461,0.02083
3169.41039,0.02081
3168.44616,0.02071
3167.48194,0.02051
3166.51771,0.02028
3165.55349,0.02006
3164.58926,0.01986
3163.62503,0.01966
3162.66081,0.01944
3161.69658,0.01933
3160.73236,0.01952
3159.76813,0.02003
3158.80390,0.02059
3157.83968,0.02079
3156.87545,0.02046
3155.91123,0.01986
3154.94700,0.01945
3153.98278,0.01948
3153.01855,0.01981
3152.05432,0.02014
3151.09010,0.02032
3150.12587,0.02035
3149.16165,0.02020
3148.19742,0.01981
3147.23319,0.01921
3146.26897,0.01861
3145.30474,0.01825
3144.34052,0.01816
3143.37629,0.01815
3142.41207,0.01812
3141.44784,0.01818
3140.48361,0.01851
3139.51939,0.01907
3138.55516,0.01956
3137.59094,0.01975
3136.62671,0.01962
3135.66248,0.01938
3134.69826,0.01923
3133.73403,0.01920
3132.76981,0.01925
3131.80558,0.01931
3130.84135,0.01932
3129.87713,0.01926
3128.91290,0.01914
3127.94868,0.01902
3126.98445,0.01887
3126.02023,0.01865
3125.05600,0.01834
3124.09177,0.01809
3123.12755,0.01809
3122.16332,0.01838
3121.19910,0.01874
3120.23487,0.01889
3119.27064,0.01872
3118.30642,0.01838
3117.34219,0.01810
3116.37797,0.01798
3115.41374,0.01801
3114.44952,0.01810
3113.48529,0.01815
3112.52106,0.01806
3111.55684,0.01778
3110.59261,0.01741
3109.62839,0.01715
3108.66416,0.01720
3107.69993,0.01751
3106.73571,0.01787
3105.77148,0.01806
3104.80726,0.01800
3103.84303,0.01774
3102.87881,0.01732
3101.91458,0.01685
3100.95035,0.01649
3099.98613,0.01638
3099.02190,0.01656
3098.05768,0.01689
3097.09345,0.01719
3096.12922,0.01737
3095.16500,0.01752
3094.20077,0.01772
3093.23655,0.01797
3092.27232,0.01815
3091.30809,0.01820
3090.34387,0.01812
3089.37964,0.01800
3088.41542,0.01794
3087.45119,0.01797
3086.48697,0.01803
3085.52274,0.01801
3084.55851,0.01781
3083.59429,0.01741
3082.63006,0.01694
3081.66584,0.01654
3080.70161,0.01630
3079.73738,0.01620
3078.77316,0.01611
3077.80893,0.01591
3076.84471,0.01561
3075.88048,0.01536
3074.91626,0.01530
3073.95203,0.01541
3072.98780,0.01554
3072.02358,0.01552
3071.05935,0.01536
3070.09513,0.01520
3069.13090,0.01519
3068.16667,0.01532
3067.20245,0.01547
3066.23822,0.01553
3065.27400,0.01557
3064.30977,0.01565
3063.34554,0.01579
3062.38132,0.01589
3061.41709,0.01596
3060.45287,0.01606
3059.48864,0.01620
3058.52442,0.01631
3057.56019,0.01628
3056.59596,0.01614
3055.63174,0.01604
3054.66751,0.01608
3053.70329,0.01619
3052.73906,0.01622
3051.77483,0.01617
3050.81061,0.01615
3049.84638,0.01625
3048.88216,0.01635
3047.91793,0.01627
3046.95371,0.01592
3045.98948,0.01538
3045.02525,0.01486
3044.06103,0.01453
3043.09680,0.01448
3042.13258,0.01476
3041.16835,0.01526
3040.20412,0.01574
3039.23990,0.01596
3038.27567,0.01585
3037.31145,0.01565
3036.34722,0.01563
3035.38300,0.01585
3034.41877,0.01607
3033.45454,0.01603
3032.49032,0.01574
3031.52609,0.01539
3030.56187,0.01518
3029.59764,0.01506
3028.63341,0.01491
3027.66919,0.01469
3026.70496,0.01454
3025.74074,0.01461
3024.77651,0.01487
3023.81228,0.01513
3022.84806,0.01518
3021.88383,0.01503
3020.91961,0.01488
3019.95538,0.01486
3018.99116,0.01497
3018.02693,0.01507
3017.06270,0.01501
3016.09848,0.01475
3015.13425,0.01435
3014.17003,0.01393
3013.20580,0.01361
3012.24157,0.01349
3011.27735,0.01363
3010.31312,0.01396
3009.34890,0.01431
3008.38467,0.01453
3007.42045,0.01466
3006.45622,0.01484
3005.49199,0.01517
3004.52777,0.01553
3003.56354,0.01571
3002.59932,0.01555
3001.63509,0.01515
3000.67086,0.01472
2999.70664,0.01444
2998.74241,0.01431
2997.77819,0.01422
2996.81396,0.01407
2995.84974,0.01381
2994.88551,0.01347
2993.92128,0.01317
2992.95706,0.01305
2991.99283,0.01318
2991.02861,0.01349
2990.06438,0.01380
2989.10015,0.01398
2988.13593,0.01402
2987.17170,0.01405
2986.20748,0.01417
2985.24325,0.01432
2984.27902,0.01434
2983.31480,0.01416
2982.35057,0.01382
2981.38635,0.01344
2980.42212,0.01315
2979.45790,0.01303
2978.49367,0.01314
2977.52944,0.01346
2976.56522,0.01390
2975.60099,0.01429
2974.63677,0.01450
2973.67254,0.01451
2972.70831,0.01444
2971.74409,0.01440
2970.77986,0.01443
2969.81564,0.01452
2968.85141,0.01461
2967.88719,0.01465
2966.92296,0.01459
2965.95873,0.01442
2964.99451,0.01425
2964.03028,0.01425
2963.06606,0.01452
2962.10183,0.01492
2961.13760,0.01517
2960.17338,0.01513
2959.20915,0.01492
2958.24493,0.01480
2957.28070,0.01492
2956.31647,0.01516
2955.35225,0.01529
2954.38802,0.01519
2953.42380,0.01493
2952.45957,0.01463
2951.49535,0.01437
2950.53112,0.01415
2949.56689,0.01398
2948.60267,0.01392
2947.63844,0.01396
2946.67422,0.01401
2945.70999,0.01398
2944.74576,0.01390
2943.78154,0.01388
2942.81731,0.01401
2941.85309,0.01426
2940.88886,0.01450
2939.92464,0.01459
2938.96041,0.01457
2937.99618,0.01449
2937.03196,0.01441
2936.06773,0.01425
2935.10351,0.01394
2934.13928,0.01351
2933.17505,0.01316
2932.21083,0.01309
2931.24660,0.01331
2930.28238,0.01364
2929.31815,0.01387
2928.35393,0.01394
2927.38970,0.01395
2926.42547,0.01403
2925.46125,0.01415
2924.49702,0.01422
2923.53280,0.01423
2922.56857,0.01428
2921.60434,0.01445
2920.64012,0.01470
2919.67589,0.01487
2918.71167,0.01486
2917.74744,0.01470
2916.78321,0.01447
2915.81899,0.01419
2914.85476,0.01383
2913.89054,0.01337
2912.92631,0.01286
2911.96209,0.01242
2910.99786,0.01216
2910.03363,0.01215
2909.06941,0.01239
2908.10518,0.01280
2907.14096,0.01319
2906.17673,0.01341
2905.21250,0.01341
2904.24828,0.01325
2903.28405,0.01303
2902.31983,0.01276
2901.35560,0.01242
2900.39138,0.01208
2899.42715,0.01189
2898.46292,0.01199
2897.49870,0.01237
2896.53447,0.01286
2895.57025,0.01328
2894.60602,0.01351
2893.64179,0.01357
2892.67757,0.01353
2891.71334,0.01345
2890.74912,0.01338
2889.78489,0.01330
2888.82066,0.01317
2887.85644,0.01305
2886.89221,0.01302
2885.92799,0.01313
2884.96376,0.01325
2883.99954,0.01323
2883.03531,0.01300
2882.07108,0.01273
2881.10686,0.01266
2880.14263,0.01289
2879.17841,0.01327
2878.21418,0.01358
2877.24995,0.01374
2876.28573,0.01379
2875.32150,0.01382
2874.35728,0.01382
2873.39305,0.01371
2872.42883,0.01343
2871.46460,0.01301
2870.50037,0.01260
2869.53615,0.01235
2868.57192,0.01238
2867.60770,0.01268
2866.64347,0.01303
2865.67924,0.01321
2864.71502,0.01316
2863.75079,0.01300
2862.78657,0.01288
2861.82234,0.01280
2860.85812,0.01264
2859.89389,0.01233
2858.92966,0.01205
2857.96544,0.01201
2857.00121,0.01229
2856.03699,0.01273
2855.07276,0.01307
2854.10853,0.01315
2853.14431,0.01299
2852.18008,0.01273
2851.21586,0.01254
2850.25163,0.01259
2849.28740,0.01296
2848.32318,0.01358
2847.35895,0.01420
2846.39473,0.01458
2845.43050,0.01456
2844.46628,0.01416
2843.50205,0.01356
2842.53782,0.01296
2841.57360,0.01257
2840.60937,0.01247
2839.64515,0.01258
2838.68092,0.01273
2837.71669,0.01276
2836.75247,0.01268
2835.78824,0.01259
2834.82402,0.01258
2833.85979,0.01258
2832.89557,0.01254
2831.93134,0.01242
2830.96711,0.01228
2830.00289,0.01217
2829.03866,0.01210
2828.07444,0.01209
2827.11021,0.01215
2826.14598,0.01228
2825.18176,0.01238
2824.21753,0.01237
2823.25331,0.01223
2822.28908,0.01201
2821.32486,0.01180
2820.36063,0.01162
2819.39640,0.01153
2818.43218,0.01159
2817.46795,0.01185
2816.50373,0.01221
2815.53950,0.01244
2814.57527,0.01237
2813.61105,0.01206
2812.64682,0.01170
2811.68260,0.01148
2810.71837,0.01143
2809.75414,0.01149
2808.78992,0.01163
2807.82569,0.01182
2806.86147,0.01202
2805.89724,0.01218
2804.93302,0.01226
2803.96879,0.01229
2803.00456,0.01229
2802.04034,0.01225
2801.07611,0.01216
2800.11189,0.01206
2799.14766,0.01200
2798.18343,0.01201
2797.21921,0.01204
2796.25498,0.01203
2795.29076,0.01197
2794.32653,0.01190
2793.36231,0.01187
2792.39808,0.01193
2791.43385,0.01209
2790.46963,0.01237
2789.50540,0.01268
2788.54118,0.01291
2787.57695,0.01296
2786.61272,0.01282
2785.64850,0.01256
2784.68427,0.01225
2783.72005,0.01199
2782.75582,0.01189
2781.79159,0.01201
2780.82737,0.01222
2779.86314,0.01226
2778.89892,0.01190
2777.93469,0.01119
2776.97047,0.01044
2776.00624,0.01003
2775.04201,0.01006
2774.07779,0.01037
2773.11356,0.01075
2772.14934,0.01109
2771.18511,0.01139
2770.22088,0.01161
2769.25666,0.01173
2768.29243,0.01177
2767.32821,0.01182
2766.36398,0.01198
2765.39976,0.01221
2764.43553,0.01237
2763.47130,0.01233
2762.50708,0.01212
2761.54285,0.01184
2760.57863,0.01163
2759.61440,0.01157
2758.65017,0.01168
2757.68595,0.01189
2756.72172,0.01208
2755.75750,0.01218
2754.79327,0.01221
2753.82905,0.01224
2752.86482,0.01231
2751.90059,0.01245
2750.93637,0.01264
2749.97214,0.01290
2749.00792,0.01321
2748.04369,0.01344
2747.07946,0.01340
2746.11524,0.01305
2745.15101,0.01253
2744.18679,0.01211
2743.22256,0.01195
2742.25833,0.01200
2741.29411,0.01215
2740.32988,0.01230
2739.36566,0.01242
2738.40143,0.01241
2737.43721,0.01216
2736.47298,0.01170
2735.50875,0.01123
2734.54453,0.01102
2733.58030,0.01116
2732.61608,0.01145
2731.65185,0.01162
2730.68762,0.01160
2729.72340,0.01152
2728.75917,0.01160
2727.79495,0.01194
2726.83072,0.01239
2725.86650,0.01276
2724.90227,0.01286
2723.93804,0.01266
2722.97382,0.01223
2722.00959,0.01178
2721.04537,0.01148
2720.08114,0.01138
2719.11691,0.01137
2718.15269,0.01129
2717.18846,0.01114
2716.22424,0.01103
2715.26001,0.01112
2714.29579,0.01143
2713.33156,0.01180
2712.36733,0.01208
2711.40311,0.01224
2710.43888,0.01232
2709.47466,0.01233
2708.51043,0.01225
2707.54620,0.01207
2706.58198,0.01189
2705.61775,0.01182
2704.65353,0.01183
2703.68930,0.01181
2702.72507,0.01167
2701.76085,0.01145
2700.79662,0.01132
2699.83240,0.01135
2698.86817,0.01148
2697.90395,0.01157
2696.93972,0.01152
2695.97549,0.01137
2695.01127,0.01122
2694.04704,0.01120
2693.08282,0.01135
2692.11859,0.01170
2691.15436,0.01216
2690.19014,0.01255
2689.22591,0.01268
2688.26169,0.01252
2687.29746,0.01227
2686.33324,0.01219
2685.36901,0.01241
2684.40478,0.01282
2683.44056,0.01319
2682.47633,0.01338
2681.51211,0.01339
2680.54788,0.01332
2679.58365,0.01325
2678.61943,0.01320
2677.65520,0.01317
2676.69098,0.01313
2675.72675,0.01304
2674.76252,0.01283
2673.79830,0.01249
2672.83407,0.01211
2671.86985,0.01182
2670.90562,0.01174
2669.94140,0.01183
2668.97717,0.01196
2668.01294,0.01200
2667.04872,0.01190
2666.08449,0.01171
2665.12027,0.01148
2664.15604,0.01126
2663.19181,0.01110
2662.22759,0.01110
2661.26336,0.01132
2660.29914,0.01175
2659.33491,0.01225
2658.37069,0.01264
2657.40646,0.01279
2656.44223,0.01272
2655.47801,0.01252
2654.51378,0.01226
2653.54956,0.01196
2652.58533,0.01164
2651.62110,0.01138
2650.65688,0.01127
2649.69265,0.01138
2648.72843,0.01164
2647.76420,0.01191
2646.79998,0.01209
2645.83575,0.01216
2644.87152,0.01225
2643.90730,0.01244
2642.94307,0.01275
2641.97885,0.01303
2641.01462,0.01308
2640.05039,0.01288
2639.08617,0.01255
2638.12194,0.01230
2637.15772,0.01225
2636.19349,0.01230
2635.22926,0.01234
2634.26504,0.01232
2633.30081,0.01228
2632.33659,0.01222
2631.37236,0.01207
2630.40814,0.01175
2629.44391,0.01134
2628.47968,0.01105
2627.51546,0.01104
2626.55123,0.01128
2625.58701,0.01157
2624.62278,0.01180
2623.65855,0.01201
2622.69433,0.01230
2621.73010,0.01264
2620.76588,0.01287
2619.80165,0.01285
2618.83743,0.01264
2617.87320,0.01243
2616.90897,0.01236
2615.94475,0.01239
2614.98052,0.01235
2614.01630,0.01214
2613.05207,0.01184
2612.08784,0.01167
2611.12362,0.01176
2610.15939,0.01205
2609.19517,0.01230
2608.23094,0.01234
2607.26672,0.01223
2606.30249,0.01216
2605.33826,0.01226
2604.37404,0.01241
2603.40981,0.01241
2602.44559,0.01216
2601.48136,0.01180
2600.51713,0.01158
2599.55291,0.01164
2598.58868,0.01194
2597.62446,0.01233
2596.66023,0.01262
2595.69600,0.01271
2594.73178,0.01257
2593.76755,0.01226
2592.80333,0.01195
2591.83910,0.01178
2590.87488,0.01179
2589.91065,0.01189
2588.94642,0.01204
2587.98220,0.01224
2587.01797,0.01248
2586.05375,0.01272
2585.08952,0.01285
2584.12529,0.01286
2583.16107,0.01279
2582.19684,0.01272
2581.23262,0.01261
2580.26839,0.01239
2579.30417,0.01209
2578.33994,0.01181
2577.37571,0.01163
2576.41149,0.01152
2575.44726,0.01139
2574.48304,0.01129
2573.51881,0.01133
2572.55458,0.01160
2571.59036,0.01202
2570.62613,0.01243
2569.66191,0.01271
2568.69768,0.01284
2567.73345,0.01289
2566.76923,0.01288
2565.80500,0.01278
2564.84078,0.01261
2563.87655,0.01239
2562.91233,0.01215
2561.94810,0.01193
2560.98387,0.01176
2560.01965,0.01172
2559.05542,0.01177
2558.09120,0.01186
2557.12697,0.01190
2556.16274,0.01191
2555.19852,0.01194
2554.23429,0.01200
2553.27007,0.01204
2552.30584,0.01196
2551.34162,0.01178
2550.37739,0.01161
2549.41316,0.01156
2548.44894,0.01167
2547.48471,0.01193
2546.52049,0.01227
2545.55626,0.01258
2544.59203,0.01272
2543.62781,0.01266
2542.66358,0.01248
2541.69936,0.01232
2540.73513,0.01223
2539.77091,0.01215
2538.80668,0.01199
2537.84245,0.01180
2536.87823,0.01173
2535.91400,0.01185
2534.94978,0.01204
2533.98555,0.01213
2533.02132,0.01201
2532.05710,0.01179
2531.09287,0.01162
2530.12865,0.01160
2529.16442,0.01175
2528.20019,0.01201
2527.23597,0.01230
2526.27174,0.01250
2525.30752,0.01250
2524.34329,0.01228
2523.37907,0.01197
2522.41484,0.01172
2521.45061,0.01162
2520.48639,0.01163
2519.52216,0.01165
2518.55794,0.01166
2517.59371,0.01173
2516.62948,0.01194
2515.66526,0.01233
2514.70103,0.01278
2513.73681,0.01311
2512.77258,0.01315
2511.80836,0.01286
2510.84413,0.01236
2509.87990,0.01189
2508.91568,0.01166
2507.95145,0.01171
2506.98723,0.01195
2506.02300,0.01219
2505.05877,0.01229
2504.09455,0.01220
2503.13032,0.01199
2502.16610,0.01181
2501.20187,0.01182
2500.23764,0.01206
2499.27342,0.01244
2498.30919,0.01275
2497.34497,0.01287
2496.38074,0.01280
2495.41652,0.01260
2494.45229,0.01227
2493.48806,0.01184
2492.52384,0.01140
2491.55961,0.01113
2490.59539,0.01117
2489.63116,0.01147
2488.66693,0.01180
2487.70271,0.01196
2486.73848,0.01192
2485.77426,0.01181
2484.81003,0.01173
2483.84581,0.01171
2482.88158,0.01173
2481.91735,0.01181
2480.95313,0.01194
2479.98890,0.01208
2479.02468,0.01216
2478.06045,0.01210
2477.09622,0.01196
2476.13200,0.01183
2475.16777,0.01179
2474.20355,0.01184
2473.23932,0.01195
2472.27510,0.01207
2471.31087,0.01215
2470.34664,0.01218
2469.38242,0.01216
2468.41819,0.01213
2467.45397,0.01208
2466.48974,0.01200
2465.52551,0.01184
2464.56129,0.01163
2463.59706,0.01148
2462.63284,0.01150
2461.66861,0.01168
2460.70438,0.01189
2459.74016,0.01203
2458.77593,0.01206
2457.81171,0.01208
2456.84748,0.01219
2455.88326,0.01240
2454.91903,0.01267
2453.95480,0.01286
2452.99058,0.01290
2452.02635,0.01279
2451.06213,0.01263
2450.09790,0.01253
2449.13367,0.01249
2448.16945,0.01242
2447.20522,0.01223
2446.24100,0.01200
2445.27677,0.01187
2444.31255,0.01193
2443.34832,0.01208
2442.38409,0.01213
2441.41987,0.01202
2440.45564,0.01184
2439.49142,0.01174
2438.52719,0.01177
2437.56296,0.01185
2436.59874,0.01193
2435.63451,0.01203
2434.67029,0.01217
2433.70606,0.01234
2432.74184,0.01241
2431.77761,0.01234
2430.81338,0.01219
2429.84916,0.01206
2428.88493,0.01201
2427.92071,0.01200
2426.95648,0.01195
2425.99225,0.01183
2425.02803,0.01170
2424.06380,0.01161
2423.09958,0.01160
2422.13535,0.01173
2421.17112,0.01199
2420.20690,0.01229
2419.24267,0.01249
2418.27845,0.01254
2417.31422,0.01244
2416.35000,0.01229
2415.38577,0.01213
2414.42154,0.01192
2413.45732,0.01166
2412.49309,0.01143
2411.52887,0.01138
2410.56464,0.01157
2409.60041,0.01184
2408.63619,0.01202
2407.67196,0.01201
2406.70774,0.01192
2405.74351,0.01193
2404.77929,0.01212
2403.81506,0.01236
2402.85083,0.01249
2401.88661,0.01239
2400.92238,0.01214
2399.95816,0.01187
2398.99393,0.01176
2398.02970,0.01187
2397.06548,0.01210
2396.10125,0.01228
2395.13703,0.01228
2394.17280,0.01214
2393.20857,0.01198
2392.24435,0.01193
2391.28012,0.01197
2390.31590,0.01204
2389.35167,0.01210
2388.38745,0.01222
2387.42322,0.01243
2386.45899,0.01266
2385.49477,0.01274
2384.53054,0.01262
2383.56632,0.01243
2382.60209,0.01237
2381.63786,0.01243
2380.67364,0.01245
2379.70941,0.01226
2378.74519,0.01190
2377.78096,0.01160
2376.81674,0.01152
2375.85251,0.01166
2374.88828,0.01183
2373.92406,0.01189
2372.95983,0.01183
2371.99561,0.01176
2371.03138,0.01181
2370.06715,0.01201
2369.10293,0.01229
2368.13870,0.01249
2367.17448,0.01251
2366.21025,0.01236
2365.24603,0.01218
2364.28180,0.01210
2363.31757,0.01216
2362.35335,0.01227
2361.38912,0.01231
2360.42490,0.01222
2359.46067,0.01198
2358.49644,0.01163
2357.53222,0.01126
2356.56799,0.01105
2355.60377,0.01116
2354.63954,0.01157
2353.67531,0.01208
2352.71109,0.01243
2351.74686,0.01253
2350.78264,0.01247
2349.81841,0.01241
2348.85419,0.01246
2347.88996,0.01260
2346.92573,0.01276
2345.96151,0.01284
2344.99728,0.01278
2344.03306,0.01260
2343.06883,0.01243
2342.10460,0.01237
2341.14038,0.01239
2340.17615,0.01236
2339.21193,0.01218
2338.24770,0.01196
2337.28348,0.01184
2336.31925,0.01185
2335.35502,0.01187
2334.39080,0.01179
2333.42657,0.01168
2332.46235,0.01172
2331.49812,0.01194
2330.53389,0.01219
2329.56967,0.01225
2328.60544,0.01207
2327.64122,0.01178
2326.67699,0.01156
2325.71277,0.01150
2324.74854,0.01160
2323.78431,0.01183
2322.82009,0.01216
2321.85586,0.01247
2320.89164,0.01266
2319.92741,0.01268
2318.96318,0.01254
2317.99896,0.01227
2317.03473,0.01193
2316.07051,0.01160
2315.10628,0.01143
2314.14205,0.01153
2313.17783,0.01186
2312.21360,0.01220
2311.24938,0.01238
2310.28515,0.01237
2309.32093,0.01230
2308.35670,0.01232
2307.39247,0.01244
2306.42825,0.01256
2305.46402,0.01258
2304.49980,0.01247
2303.53557,0.01230
2302.57134,0.01216
2301.60712,0.01214
2300.64289,0.01220
2299.67867,0.01226
2298.71444,0.01224
2297.75022,0.01215
2296.78599,0.01208
2295.82176,0.01205
2294.85754,0.01205
2293.89331,0.01199
2292.92909,0.01189
2291.96486,0.01184
2291.00063,0.01190
2290.03641,0.01206
2289.07218,0.01218
2288.10796,0.01215
2287.14373,0.01195
2286.17950,0.01166
2285.21528,0.01144
2284.25105,0.01140
2283.28683,0.01152
2282.32260,0.01168
2281.35838,0.01170
2280.39415,0.01154
2279.42992,0.01133
2278.46570,0.01125
2277.50147,0.01134
2276.53725,0.01148
2275.57302,0.01153
2274.60879,0.01154
2273.64457,0.01164
2272.68034,0.01185
2271.71612,0.01199
2270.75189,0.01192
2269.78767,0.01170
2268.82344,0.01154
2267.85921,0.01157
2266.89499,0.01172
2265.93076,0.01183
2264.96654,0.01181
2264.00231,0.01175
2263.03808,0.01176
2262.07386,0.01188
2261.10963,0.01206
2260.14541,0.01219
2259.18118,0.01223
2258.21696,0.01212
2257.25273,0.01189
2256.28850,0.01165
2255.32428,0.01159
2254.36005,0.01174
2253.39583,0.01199
2252.43160,0.01215
2251.46737,0.01216
2250.50315,0.01211
2249.53892,0.01214
2248.57470,0.01222
2247.61047,0.01220
2246.64624,0.01199
2245.68202,0.01166
2244.71779,0.01135
2243.75357,0.01118
2242.78934,0.01112
2241.82512,0.01114
2240.86089,0.01123
2239.89666,0.01145
2238.93244,0.01174
2237.96821,0.01196
2237.00399,0.01197
2236.03976,0.01180
2235.07553,0.01164
2234.11131,0.01167
2233.14708,0.01192
2232.18286,0.01224
2231.21863,0.01244
2230.25441,0.01242
2229.29018,0.01225
2228.32595,0.01204
2227.36173,0.01190
2226.39750,0.01191
2225.43328,0.01204
2224.46905,0.01218
2223.50482,0.01219
2222.54060,0.01197
2221.57637,0.01159
2220.61215,0.01129
2219.64792,0.01130
2218.68369,0.01163
2217.71947,0.01208
2216.75524,0.01234
2215.79102,0.01226
2214.82679,0.01197
2213.86257,0.01169
2212.89834,0.01162
2211.93411,0.01173
2210.96989,0.01185
2210.00566,0.01183
2209.04144,0.01168
2208.07721,0.01158
2207.11298,0.01167
2206.14876,0.01194
2205.18453,0.01225
2204.22031,0.01246
2203.25608,0.01256
2202.29186,0.01258
2201.32763,0.01255
2200.36340,0.01245
2199.39918,0.01226
2198.43495,0.01207
2197.47073,0.01201
2196.50650,0.01212
2195.54227,0.01231
2194.57805,0.01243
2193.61382,0.01243
2192.64960,0.01234
2191.68537,0.01221
2190.72115,0.01204
2189.75692,0.01180
2188.79269,0.01156
2187.82847,0.01144
2186.86424,0.01155
2185.90002,0.01188
2184.93579,0.01225
2183.97156,0.01248
2183.00734,0.01248
2182.04311,0.01230
2181.07889,0.01206
2180.11466,0.01185
2179.15043,0.01171
2178.18621,0.01163
2177.22198,0.01155
2176.25776,0.01147
2175.29353,0.01138
2174.32931,0.01135
2173.36508,0.01146
2172.40085,0.01174
2171.43663,0.01212
2170.47240,0.01248
2169.50818,0.01267
2168.54395,0.01271
2167.57972,0.01271
2166.61550,0.01278
2165.65127,0.01291
2164.68705,0.01297
2163.72282,0.01288
2162.75860,0.01268
2161.79437,0.01251
2160.83014,0.01248
2159.86592,0.01256
2158.90169,0.01265
2157.93747,0.01268
2156.97324,0.01264
2156.00901,0.01256
2155.04479,0.01245
2154.08056,0.01238
2153.11634,0.01240
2152.15211,0.01252
2151.18789,0.01264
2150.22366,0.01263
2149.25943,0.01244
2148.29521,0.01214
2147.33098,0.01187
2146.36676,0.01173
2145.40253,0.01174
2144.43830,0.01186
2143.47408,0.01207
2142.50985,0.01233
2141.54563,0.01254
2140.58140,0.01259
2139.61717,0.01244
2138.65295,0.01219
2137.68872,0.01199
2136.72450,0.01192
2135.76027,0.01196
2134.79605,0.01203
2133.83182,0.01207
2132.86759,0.01208
2131.90337,0.01210
2130.93914,0.01215
2129.97492,0.01221
2129.01069,0.01230
2128.04646,0.01246
2127.08224,0.01269
2126.11801,0.01297
2125.15379,0.01324
2124.18956,0.01342
2123.22534,0.01345
2122.26111,0.01325
2121.29688,0.01281
2120.33266,0.01223
2119.36843,0.01169
2118.40421,0.01138
2117.43998,0.01137
2116.47575,0.01150
2115.51153,0.01162
2114.54730,0.01167
2113.58308,0.01172
2112.61885,0.01189
2111.65462,0.01213
2110.69040,0.01230
2109.72617,0.01230
2108.76195,0.01217
2107.79772,0.01208
2106.83350,0.01210
2105.86927,0.01220
2104.90504,0.01225
2103.94082,0.01218
2102.97659,0.01202
2102.01237,0.01187
2101.04814,0.01182
2100.08391,0.01191
2099.11969,0.01214
2098.15546,0.01242
2097.19124,0.01262
2096.22701,0.01267
2095.26279,0.01259
2094.29856,0.01247
2093.33433,0.01238
2092.37011,0.01234
2091.40588,0.01231
2090.44166,0.01228
2089.47743,0.01226
2088.51320,0.01221
2087.54898,0.01209
2086.58475,0.01193
2085.62053,0.01184
2084.65630,0.01190
2083.69208,0.01203
2082.72785,0.01205
2081.76362,0.01186
2080.79940,0.01160
2079.83517,0.01154
2078.87095,0.01179
2077.90672,0.01217
2076.94249,0.01239
2075.97827,0.01234
2075.01404,0.01212
2074.04982,0.01195
2073.08559,0.01190
2072.12136,0.01189
2071.15714,0.01188
2070.19291,0.01188
2069.22869,0.01191
2068.26446,0.01190
2067.30024,0.01178
2066.33601,0.01155
2065.37178,0.01134
2064.40756,0.01129
2063.44333,0.01136
2062.47911,0.01146
2061.51488,0.01150
2060.55065,0.01151
2059.58643,0.01155
2058.62220,0.01164
2057.65798,0.01174
2056.69375,0.01178
2055.72953,0.01177
2054.76530,0.01179
2053.80107,0.01189
2052.83685,0.01208
2051.87262,0.01231
2050.90840,0.01252
2049.94417,0.01266
2048.97994,0.01271
2048.01572,0.01262
2047.05149,0.01238
2046.08727,0.01202
2045.12304,0.01169
2044.15882,0.01151
2043.19459,0.01151
2042.23036,0.01158
2041.26614,0.01156
2040.30191,0.01145
2039.33769,0.01135
2038.37346,0.01136
2037.40923,0.01145
2036.44501,0.01147
2035.48078,0.01136
2034.51656,0.01120
2033.55233,0.01115
2032.58810,0.01127
2031.62388,0.01149
2030.65965,0.01169
2029.69543,0.01178
2028.73120,0.01175
2027.76698,0.01164
2026.80275,0.01147
2025.83852,0.01130
2024.87430,0.01117
2023.91007,0.01110
2022.94585,0.01113
2021.98162,0.01130
2021.01739,0.01161
2020.05317,0.01199
2019.08894,0.01229
2018.12472,0.01241
2017.16049,0.01240
2016.19627,0.01240
2015.23204,0.01250
2014.26781,0.01259
2013.30359,0.01254
2012.33936,0.01231
2011.37514,0.01201
2010.41091,0.01178
2009.44668,0.01162
2008.48246,0.01146
2007.51823,0.01130
2006.55401,0.01122
2005.58978,0.01126
2004.62555,0.01140
2003.66133,0.01155
2002.69710,0.01171
2001.73288,0.01190
2000.76865,0.01210
1999.80443,0.01221
1998.84020,0.01216
1997.87597,0.01203
1996.91175,0.01197
1995.94752,0.01205
1994.98330,0.01219
1994.01907,0.01221
1993.05484,0.01203
1992.09062,0.01169
1991.12639,0.01135
1990.16217,0.01115
1989.19794,0.01115
1988.23372,0.01127
1987.26949,0.01142
1986.30526,0.01153
1985.34104,0.01163
1984.37681,0.01175
1983.41259,0.01188
1982.44836,0.01193
1981.48413,0.01184
1980.51991,0.01172
1979.55568,0.01170
1978.59146,0.01178
1977.62723,0.01188
1976.66301,0.01192
1975.69878,0.01193
1974.73455,0.01203
1973.77033,0.01218
1972.80610,0.01222
1971.84188,0.01202
1970.87765,0.01165
1969.91342,0.01131
1968.94920,0.01113
1967.98497,0.01106
1967.02075,0.01098
1966.05652,0.01087
1965.09229,0.01083
1964.12807,0.01099
1963.16384,0.01138
1962.19962,0.01191
1961.23539,0.01241
1960.27117,0.01272
1959.30694,0.01270
1958.34271,0.01236
1957.37849,0.01190
1956.41426,0.01155
1955.45004,0.01145
1954.48581,0.01153
1953.52158,0.01165
1952.55736,0.01170
1951.59313,0.01167
1950.62891,0.01165
1949.66468,0.01169
1948.70046,0.01180
1947.73623,0.01192
1946.77200,0.01193
1945.80778,0.01175
1944.84355,0.01141
1943.87933,0.01108
1942.91510,0.01098
1941.95087,0.01116
1940.98665,0.01146
1940.02242,0.01165
1939.05820,0.01162
1938.09397,0.01147
1937.12974,0.01137
1936.16552,0.01143
1935.20129,0.01166
1934.23707,0.01193
1933.27284,0.01212
1932.30862,0.01213
1931.34439,0.01199
1930.38016,0.01183
1929.41594,0.01179
1928.45171,0.01191
1927.48749,0.01211
1926.52326,0.01221
1925.55903,0.01206
1924.59481,0.01165
1923.63058,0.01111
1922.66636,0.01068
1921.70213,0.01054
1920.73791,0.01073
1919.77368,0.01110
1918.80945,0.01144
1917.84523,0.01161
1916.88100,0.01162
1915.91678,0.01155
1914.95255,0.01141
1913.98832,0.01121
1913.02410,0.01097
1912.05987,0.01080
1911.09565,0.01083
1910.13142,0.01106
1909.16720,0.01138
1908.20297,0.01165
1907.23874,0.01177
1906.27452,0.01171
1905.31029,0.01154
1904.34607,0.01134
1903.38184,0.01120
1902.41761,0.01117
1901.45339,0.01125
1900.48916,0.01142
1899.52494,0.01163
1898.56071,0.01180
1897.59648,0.01180
1896.63226,0.01155
1895.66803,0.01115
1894.70381,0.01085
1893.73958,0.01085
1892.77536,0.01113
1891.81113,0.01142
1890.84690,0.01148
1889.88268,0.01132
1888.91845,0.01117
1887.95423,0.01125
1886.99000,0.01159
1886.02577,0.01200
1885.06155,0.01227
1884.09732,0.01228
1883.13310,0.01210
1882.16887,0.01187
1881.20465,0.01174
1880.24042,0.01169
1879.27619,0.01164
1878.31197,0.01153
1877.34774,0.01143
1876.38352,0.01145
1875.41929,0.01162
1874.45506,0.01178
1873.49084,0.01178
1872.52661,0.01163
1871.56239,0.01151
1870.59816,0.01155
1869.63394,0.01164
1868.66971,0.01157
1867.70548,0.01131
1866.74126,0.01104
1865.77703,0.01095
1864.81281,0.01105
1863.84858,0.01122
1862.88435,0.01135
1861.92013,0.01150
1860.95590,0.01169
1859.99168,0.01185
1859.02745,0.01188
1858.06322,0.01173
1857.09900,0.01147
1856.13477,0.01121
1855.17055,0.01098
1854.20632,0.01083
1853.24210,0.01081
1852.27787,0.01092
1851.31364,0.01110
1850.34942,0.01122
1849.38519,0.01126
1848.42097,0.01129
1847.45674,0.01143
1846.49251,0.01165
1845.52829,0.01185
1844.56406,0.01193
1843.59984,0.01192
1842.63561,0.01193
1841.67139,0.01200
1840.70716,0.01209
1839.74293,0.01208
1838.77871,0.01191
1837.81448,0.01162
1836.85026,0.01131
1835.88603,0.01114
1834.92180,0.01119
1833.95758,0.01139
1832.99335,0.01154
1832.02913,0.01153
1831.06490,0.01139
1830.10067,0.01123
1829.13645,0.01113
1828.17222,0.01108
1827.20800,0.01108
1826.24377,0.01120
1825.27955,0.01147
1824.31532,0.01178
1823.35109,0.01193
1822.38687,0.01183
1821.42264,0.01162
1820.45842,0.01153
1819.49419,0.01163
1818.52996,0.01183
1817.56574,0.01197
1816.60151,0.01205
1815.63729,0.01213
1814.67306,0.01223
1813.70884,0.01226
1812.74461,0.01209
1811.78038,0.01181
1810.81616,0.01157
1809.85193,0.01154
1808.88771,0.01170
1807.92348,0.01189
1806.95925,0.01198
1805.99503,0.01193
1805.03080,0.01181
1804.06658,0.01172
1803.10235,0.01174
1802.13813,0.01188
1801.17390,0.01204
1800.20967,0.01208
1799.24545,0.01197
1798.28122,0.01181
1797.31700,0.01174
1796.35277,0.01184
1795.38854,0.01205
1794.42432,0.01223
1793.46009,0.01233
1792.49587,0.01234
1791.53164,0.01234
1790.56741,0.01234
1789.60319,0.01231
1788.63896,0.01222
1787.67474,0.01204
1786.71051,0.01179
1785.74629,0.01156
1784.78206,0.01145
1783.81783,0.01150
1782.85361,0.01167
1781.88938,0.01189
1780.92516,0.01211
1779.96093,0.01232
1778.99670,0.01251
1778.03248,0.01259
1777.06825,0.01247
1776.10403,0.01214
1775.13980,0.01176
1774.17558,0.01153
1773.21135,0.01154
1772.24712,0.01171
1771.28290,0.01188
1770.31867,0.01200
1769.35445,0.01209
1768.39022,0.01216
1767.42599,0.01218
1766.46177,0.01210
1765.49754,0.01195
1764.53332,0.01177
1763.56909,0.01161
1762.60487,0.01150
1761.64064,0.01146
1760.67641,0.01154
1759.71219,0.01176
1758.74796,0.01204
1757.78374,0.01228
1756.81951,0.01243
1755.85528,0.01255
1754.89106,0.01274
1753.92683,0.01301
1752.96261,0.01327
1751.99838,0.01341
1751.03415,0.01344
1750.06993,0.01343
1749.10570,0.01346
1748.14148,0.01353
1747.17725,0.01365
1746.21303,0.01381
1745.24880,0.01402
1744.28457,0.01422
1743.32035,0.01431
1742.35612,0.01421
1741.39190,0.01397
1740.42767,0.01375
1739.46344,0.01368
1738.49922,0.01378
1737.53499,0.01397
1736.57077,0.01413
1735.60654,0.01422
1734.64232,0.01431
1733.67809,0.01444
1732.71386,0.01463
1731.74964,0.01482
1730.78541,0.01499
1729.82119,0.01517
1728.85696,0.01535
1727.89273,0.01551
1726.92851,0.01554
1725.96428,0.01544
1725.00006,0.01526
1724.03583,0.01512
1723.07160,0.01512
1722.10738,0.01527
1721.14315,0.01556
1720.17893,0.01593
1719.21470,0.01632
1718.25048,0.01663
1717.28625,0.01676
1716.32202,0.01672
1715.35780,0.01659
1714.39357,0.01651
1713.42935,0.01651
1712.46512,0.01654
1711.50089,0.01650
1710.53667,0.01639
1709.57244,0.01626
1708.60822,0.01622
1707.64399,0.01633
1706.67977,0.01653
1705.71554,0.01672
1704.75131,0.01680
1703.78709,0.01675
1702.82286,0.01666
1701.85864,0.01665
1700.89441,0.01681
1699.93018,0.01712
1698.96596,0.01745
1698.00173,0.01771
1697.03751,0.01781
1696.07328,0.01771
1695.10906,0.01743
1694.14483,0.01709
1693.18060,0.01687
1692.21638,0.01687
1691.25215,0.01711
1690.28793,0.01746
1689.32370,0.01779
1688.35947,0.01802
1687.39525,0.01813
1686.43102,0.01812
1685.46680,0.01801
1684.50257,0.01785
1683.53834,0.01772
1682.57412,0.01763
1681.60989,0.01757
1680.64567,0.01749
1679.68144,0.01742
1678.71722,0.01744
1677.75299,0.01760
1676.78876,0.01785
1675.82454,0.01805
1674.86031,0.01810
1673.89609,0.01805
1672.93186,0.01800
1671.96763,0.01808
1671.00341,0.01830
1670.03918,0.01861
1669.07496,0.01891
1668.11073,0.01908
1667.14651,0.01908
1666.18228,0.01895
1665.21805,0.01878
1664.25383,0.01869
1663.28960,0.01872
1662.32538,0.01882
1661.36115,0.01893
1660.39692,0.01898
1659.43270,0.01898
1658.46847,0.01897
1657.50425,0.01897
1656.54002,0.01893
1655.57579,0.01883
1654.61157,0.01867
1653.64734,0.01851
1652.68312,0.01844
1651.71889,0.01847
1650.75467,0.01858
1649.79044,0.01873
1648.82621,0.01895
1647.86199,0.01926
1646.89776,0.01960
1645.93354,0.01976
1644.96931,0.01961
1644.00508,0.01920
1643.04086,0.01877
1642.07663,0.01853
1641.11241,0.01853
1640.14818,0.01860
1639.18396,0.01860
1638.21973,0.01847
1637.25550,0.01827
1636.29128,0.01806
1635.32705,0.01787
1634.36283,0.01770
1633.39860,0.01761
1632.43437,0.01761
1631.47015,0.01766
1630.50592,0.01769
1629.54170,0.01769
1628.57747,0.01769
1627.61325,0.01772
1626.64902,0.01776
1625.68479,0.01776
1624.72057,0.01771
1623.75634,0.01765
1622.79212,0.01761
1621.82789,0.01758
1620.86366,0.01750
1619.89944,0.01732
1618.93521,0.01708
1617.97099,0.01681
1617.00676,0.01654
1616.04253,0.01628
1615.07831,0.01605
1614.11408,0.01586
1613.14986,0.01569
1612.18563,0.01554
1611.22141,0.01540
1610.25718,0.01532
1609.29295,0.01530
1608.32873,0.01532
1607.36450,0.01531
1606.40028,0.01522
1605.43605,0.01505
1604.47182,0.01487
1603.50760,0.01476
1602.54337,0.01478
1601.57915,0.01491
1600.61492,0.01505
1599.65070,0.01508
1598.68647,0.01491
1597.72224,0.01457
1596.75802,0.01421
1595.79379,0.01402
1594.82957,0.01409
1593.86534,0.01439
1592.90111,0.01474
1591.93689,0.01498
1590.97266,0.01495
1590.00844,0.01460
1589.04421,0.01404
1588.07999,0.01351
1587.11576,0.01326
1586.15153,0.01338
1585.18731,0.01373
1584.22308,0.01405
1583.25886,0.01415
1582.29463,0.01405
1581.33040,0.01392
1580.36618,0.01390
1579.40195,0.01400
1578.43773,0.01409
1577.47350,0.01404
1576.50927,0.01379
1575.54505,0.01343
1574.58082,0.01311
1573.61660,0.01292
1572.65237,0.01289
1571.68815,0.01297
1570.72392,0.01310
1569.75969,0.01321
1568.79547,0.01326
1567.83124,0.01320
1566.86702,0.01304
1565.90279,0.01287
1564.93856,0.01282
1563.97434,0.01295
1563.01011,0.01317
1562.04589,0.01338
1561.08166,0.01351
1560.11744,0.01357
1559.15321,0.01354
1558.18898,0.01334
1557.22476,0.01287
1556.26053,0.01221
1555.29631,0.01161
1554.33208,0.01134
1553.36785,0.01152
1552.40363,0.01200
1551.43940,0.01246
1550.47518,0.01268
1549.51095,0.01260
1548.54672,0.01236
1547.58250,0.01219
1546.61827,0.01225
1545.65405,0.01252
1544.68982,0.01281
1543.72560,0.01296
1542.76137,0.01292
1541.79714,0.01278
1540.83292,0.01268
1539.86869,0.01261
1538.90447,0.01253
1537.94024,0.01241
1536.97601,0.01234
1536.01179,0.01238
1535.04756,0.01254
1534.08334,0.01269
1533.11911,0.01273
1532.15489,0.01262
1531.19066,0.01239
1530.22643,0.01213
1529.26221,0.01194
1528.29798,0.01187
1527.33376,0.01190
1526.36953,0.01196
1525.40530,0.01201
1524.44108,0.01207
1523.47685,0.01223
1522.51263,0.01248
1521.54840,0.01265
1520.58418,0.01257
1519.61995,0.01224
1518.65572,0.01186
1517.69150,0.01166
1516.72727,0.01165
1515.76305,0.01172
1514.79882,0.01177
1513.83459,0.01183
1512.87037,0.01196
1511.90614,0.01216
1510.94192,0.01234
1509.97769,0.01247
1509.01346,0.01258
1508.04924,0.01268
1507.08501,0.01265
1506.12079,0.01232
1505.15656,0.01170
1504.19234,0.01106
1503.22811,0.01072
1502.26388,0.01079
1501.29966,0.01112
1500.33543,0.01143
1499.37121,0.01151
1498.40698,0.01133
1497.44275,0.01103
1496.47853,0.01082
1495.51430,0.01084
1494.55008,0.01106
1493.58585,0.01131
1492.62163,0.01139
1491.65740,0.01124
1490.69317,0.01100
1489.72895,0.01088
1488.76472,0.01094
1487.80050,0.01109
1486.83627,0.01112
1485.87204,0.01088
1484.90782,0.01040
1483.94359,0.00982
1482.97937,0.00930
1482.01514,0.00899
1481.05092,0.00893
1480.08669,0.00907
1479.12246,0.00924
1478.15824,0.00925
1477.19401,0.00905
1476.22979,0.00876
1475.26556,0.00862
1474.30133,0.00873
1473.33711,0.00901
1472.37288,0.00934
1471.40866,0.00964
1470.44443,0.00991
1469.48020,0.01005
1468.51598,0.00988
1467.55175,0.00929
1466.58753,0.00843
1465.62330,0.00763
1464.65908,0.00718
1463.69485,0.00706
1462.73062,0.00709
1461.76640,0.00711
1460.80217,0.00710
1459.83795,0.00711
1458.87372,0.00710
1457.90949,0.00698
1456.94527,0.00676
1455.98104,0.00660
1455.01682,0.00663
1454.05259,0.00684
1453.08837,0.00708
1452.12414,0.00719
1451.15991,0.00707
1450.19569,0.00672
1449.23146,0.00621
1448.26724,0.00577
1447.30301,0.00561
1446.33878,0.00585
1445.37456,0.00642
1444.41033,0.00712
1443.44611,0.00771
1442.48188,0.00798
1441.51765,0.00780
1440.55343,0.00720
1439.58920,0.00645
1438.62498,0.00597
1437.66075,0.00602
1436.69653,0.00656
1435.73230,0.00728
1434.76807,0.00797
1433.80385,0.00860
1432.83962,0.00917
1431.87540,0.00949
1430.91117,0.00927
1429.94694,0.00846
1428.98272,0.00741
1428.01849,0.00675
1427.05427,0.00689
1426.09004,0.00777
1425.12582,0.00893
1424.16159,0.00987
1423.19736,0.01030
1422.23314,0.01024
1421.26891,0.00991
1420.30469,0.00951
1419.34046,0.00918
1418.37623,0.00894
1417.41201,0.00875
1416.44778,0.00859
1415.48356,0.00845
1414.51933,0.00833
1413.55511,0.00824
1412.59088,0.00820
1411.62665,0.00825
1410.66243,0.00836
1409.69820,0.00851
1408.73398,0.00864
1407.76975,0.00871
1406.80552,0.00862
1405.84130,0.00825
1404.87707,0.00758
1403.91285,0.00678
1402.94862,0.00622
1401.98439,0.00618
1401.02017,0.00665
1400.05594,0.00733
1399.09172,0.00787
1398.12749,0.00814
1397.16327,0.00820
1396.19904,0.00818
1395.23481,0.00812
1394.27059,0.00799
1393.30636,0.00783
1392.34214,0.00771
1391.37791,0.00768
1390.41368,0.00776
1389.44946,0.00791
1388.48523,0.00810
1387.52101,0.00824
1386.55678,0.00824
1385.59256,0.00802
1384.62833,0.00766
1383.66410,0.00734
1382.69988,0.00726
1381.73565,0.00746
1380.77143,0.00782
1379.80720,0.00806
1378.84297,0.00801
1377.87875,0.00771
1376.91452,0.00745
1375.95030,0.00755
1374.98607,0.00807
1374.02184,0.00877
1373.05762,0.00928
1372.09339,0.00945
1371.12917,0.00939
1370.16494,0.00931
1369.20072,0.00929
1368.23649,0.00927
1367.27226,0.00918
1366.30804,0.00901
1365.34381,0.00881
1364.37959,0.00861
1363.41536,0.00841
1362.45113,0.00820
1361.48691,0.00797
1360.52268,0.00772
1359.55846,0.00745
1358.59423,0.00724
1357.63001,0.00717
1356.66578,0.00723
1355.70155,0.00732
1354.73733,0.00731
1353.77310,0.00716
1352.80888,0.00693
1351.84465,0.00669
1350.88042,0.00655
1349.91620,0.00663
1348.95197,0.00697
1347.98775,0.00747
1347.02352,0.00793
1346.05930,0.00825
1345.09507,0.00856
1344.13084,0.00902
1343.16662,0.00957
1342.20239,0.00987
1341.23817,0.00962
1340.27394,0.00891
1339.30971,0.00816
1338.34549,0.00770
1337.38126,0.00749
1336.41704,0.00729
1335.45281,0.00700
1334.48858,0.00677
1333.52436,0.00684
1332.56013,0.00724
1331.59591,0.00779
1330.63168,0.00827
1329.66746,0.00845
1328.70323,0.00820
1327.73900,0.00750
1326.77478,0.00664
1325.81055,0.00610
1324.84633,0.00621
1323.88210,0.00692
1322.91787,0.00772
1321.95365,0.00808
1320.98942,0.00777
1320.02520,0.00698
1319.06097,0.00615
1318.09675,0.00572
1317.13252,0.00591
1316.16829,0.00662
1315.20407,0.00745
1314.23984,0.00802
1313.27562,0.00815
1312.31139,0.00786
1311.34716,0.00720
1310.38294,0.00626
1309.41871,0.00533
1308.45449,0.00489
1307.49026,0.00523
1306.52604,0.00613
1305.56181,0.00692
1304.59758,0.00708
1303.63336,0.00671
1302.66913,0.00627
1301.70491,0.00607
1300.74068,0.00600
1299.77645,0.00587
1298.81223,0.00571
1297.84800,0.00566
1296.88378,0.00567
1295.91955,0.00556
1294.95532,0.00537
1293.99110,0.00548
1293.02687,0.00624
1292.06265,0.00752
1291.09842,0.00878
1290.13420,0.00948
1289.16997,0.00953
1288.20574,0.00913
1287.24152,0.00854
1286.27729,0.00794
1285.31307,0.00752
1284.34884,0.00748
1283.38461,0.00782
1282.42039,0.00830
1281.45616,0.00853
1280.49194,0.00834
1279.52771,0.00785
1278.56349,0.00735
1277.59926,0.00705
1276.63503,0.00700
1275.67081,0.00715
1274.70658,0.00732
1273.74236,0.00729
1272.77813,0.00689
1271.81390,0.00620
1270.84968,0.00560
1269.88545,0.00558
1268.92123,0.00636
1267.95700,0.00766
1266.99277,0.00887
1266.02855,0.00943
1265.06432,0.00923
1264.10010,0.00867
1263.13587,0.00821
1262.17165,0.00793
1261.20742,0.00757
1260.24319,0.00688
1259.27897,0.00611
1258.31474,0.00581
1257.35052,0.00629
1256.38629,0.00722
1255.42206,0.00791
1254.45784,0.00790
1253.49361,0.00733
1252.52939,0.00670
1251.56516,0.00632
1250.60094,0.00611
1249.63671,0.00588
1248.67248,0.00558
1247.70826,0.00536
1246.74403,0.00537
1245.77981,0.00560
1244.81558,0.00596
1243.85135,0.00635
1242.88713,0.00677
1241.92290,0.00721
1240.95868,0.00762
1239.99445,0.00790
1239.03023,0.00786
1238.06600,0.00730
1237.10177,0.00623
1236.13755,0.00497
1235.17332,0.00406
1234.20910,0.00401
1233.24487,0.00488
1232.28064,0.00631
1231.31642,0.00769
1230.35219,0.00853
1229.38797,0.00868
1228.42374,0.00831
1227.45951,0.00769
1226.49529,0.00702
1225.53106,0.00635
1224.56684,0.00562
1223.60261,0.00490
1222.63839,0.00443
1221.67416,0.00444
1220.70993,0.00502
1219.74571,0.00596
1218.78148,0.00694
1217.81726,0.00773
1216.85303,0.00815
1215.88880,0.00809
1214.92458,0.00750
1213.96035,0.00662
1212.99613,0.00587
1212.03190,0.00565
1211.06768,0.00595
1210.10345,0.00636
1209.13922,0.00648
1208.17500,0.00623
1207.21077,0.00583
1206.24655,0.00549
1205.28232,0.00520
1204.31809,0.00489
1203.35387,0.00458
1202.38964,0.00442
1201.42542,0.00451
1200.46119,0.00472
1199.49697,0.00488
1198.53274,0.00485
1197.56851,0.00460
1196.60429,0.00410
1195.64006,0.00336
1194.67584,0.00258
1193.71161,0.00205
1192.74738,0.00205
1191.78316,0.00260
1190.81893,0.00346
1189.85471,0.00437
1188.89048,0.00513
1187.92625,0.00561
1186.96203,0.00567
1185.99780,0.00531
1185.03358,0.00474
1184.06935,0.00436
1183.10513,0.00444
1182.14090,0.00489
1181.17667,0.00535
1180.21245,0.00548
1179.24822,0.00525
1178.28400,0.00488
1177.31977,0.00456
1176.35554,0.00432
1175.39132,0.00405
1174.42709,0.00370
1173.46287,0.00340
1172.49864,0.00335
1171.53442,0.00360
1170.57019,0.00391
1169.60596,0.00390
1168.64174,0.00346
1167.67751,0.00300
1166.71329,0.00317
1165.74906,0.00417
1164.78483,0.00549
1163.82061,0.00632
1162.85638,0.00638
1161.89216,0.00623
1160.92793,0.00659
1159.96370,0.00742
1158.99948,0.00790
1158.03525,0.00724
1157.07103,0.00555
1156.10680,0.00369
1155.14258,0.00240
1154.17835,0.00173
1153.21412,0.00146
1152.24990,0.00166
1151.28567,0.00271
1150.32145,0.00471
1149.35722,0.00696
1148.39299,0.00834
1147.42877,0.00809
1146.46454,0.00630
1145.50032,0.00355
1144.53609,0.00053
1143.57187,-0.00227
1142.60764,-0.00444
1141.64341,-0.00571
1140.67919,-0.00604
1139.71496,-0.00558
1138.75074,-0.00443
1137.78651,-0.00260
1136.82228,-0.00007
1135.85806,0.00290
1134.89383,0.00578
1133.92961,0.00801
1132.96538,0.00928
1132.00116,0.00955
1131.03693,0.00893
1130.07270,0.00750
1129.10848,0.00537
1128.14425,0.00267
1127.18003,-0.00036
1126.21580,-0.00322
1125.25157,-0.00511
1124.28735,-0.00530
1123.32312,-0.00379
1122.35890,-0.00155
1121.39467,-0.00003
1120.43044,0.00012
1119.46622,-0.00031
1118.50199,0.00026
1117.53777,0.00253
1116.57354,0.00529
1115.60932,0.00635
1114.64509,0.00460
1113.68086,0.00134
1112.71664,-0.00081
1111.75241,-0.00013
1110.78819,0.00273
1109.82396,0.00557
1108.85973,0.00676
1107.89551,0.00638
1106.93128,0.00542
1105.96706,0.00441
1105.00283,0.00315
1104.03861,0.00176
1103.07438,0.00112
1102.11015,0.00215
1101.14593,0.00449
1100.18170,0.00656
1099.21748,0.00690
1098.25325,0.00538
1097.28902,0.00298
1096.32480,0.00068
1095.36057,-0.00108
1094.39635,-0.00208
1093.43212,-0.00201
1092.46790,-0.00075
1091.50367,0.00114
1090.53944,0.00270
1089.57522,0.00349
1088.61099,0.00390
1087.64677,0.00459
1086.68254,0.00565
1085.71831,0.00657
1084.75409,0.00694
1083.78986,0.00689
1082.82564,0.00676
1081.86141,0.00654
1080.89718,0.00596
1079.93296,0.00503
1078.96873,0.00425
1078.00451,0.00421
1077.04028,0.00511
1076.07606,0.00661
1075.11183,0.00813
1074.14760,0.00919
1073.18338,0.00954
1072.21915,0.00917
1071.25493,0.00832
1070.29070,0.00725
1069.32647,0.00608
1068.36225,0.00479
1067.39802,0.00357
1066.43380,0.00299
1065.46957,0.00367
1064.50535,0.00559
1063.54112,0.00786
1062.57689,0.00929
1061.61267,0.00932
1060.64844,0.00832
1059.68422,0.00714
1058.71999,0.00641
1057.75576,0.00629
1056.79154,0.00665
1055.82731,0.00735
1054.86309,0.00826
1053.89886,0.00915
1052.93463,0.00969
1051.97041,0.00967
1051.00618,0.00919
1050.04196,0.00865
1049.07773,0.00833
1048.11351,0.00817
1047.14928,0.00778
1046.18505,0.00686
1045.22083,0.00566
1044.25660,0.00493
1043.29238,0.00530
1042.32815,0.00667
1041.36392,0.00819
1040.39970,0.00894
1039.43547,0.00856
1038.47125,0.00736
1037.50702,0.00589
1036.54280,0.00453
1035.57857,0.00356
1034.61434,0.00321
1033.65012,0.00361
1032.68589,0.00455
1031.72167,0.00542
1030.75744,0.00571
1029.79321,0.00540
1028.82899,0.00497
1027.86476,0.00494
1026.90054,0.00546
1025.93631,0.00632
1024.97209,0.00717
1024.00786,0.00771
1023.04363,0.00781
1022.07941,0.00757
1021.11518,0.00729
1020.15096,0.00743
1019.18673,0.00822
1018.22250,0.00936
1017.25828,0.01001
1016.29405,0.00935
1015.32983,0.00721
1014.36560,0.00428
1013.40137,0.00169
1012.43715,0.00020
1011.47292,-0.00025
1010.50870,-0.00016
1009.54447,0.00017
1008.58025,0.00096
1007.61602,0.00239
1006.65179,0.00403
1005.68757,0.00492
1004.72334,0.00457
1003.75912,0.00354
1002.79489,0.00294
1001.83066,0.00314
1000.86644,0.00336
999.90221,0.00258
998.93799,0.00077
997.97376,-0.00087
997.00954,-0.00099
996.04531,0.00084
995.08108,0.00401
994.11686,0.00741
993.15263,0.00995
992.18841,0.01064
991.22418,0.00894
990.25995,0.00528
989.29573,0.00117
988.33150,-0.00157
987.36728,-0.00213
986.40305,-0.00118
985.43882,-0.00019
984.47460,-0.00016
983.51037,-0.00105
982.54615,-0.00208
981.58192,-0.00243
980.61770,-0.00179
979.65347,-0.00039
978.68924,0.00124
977.72502,0.00257
976.76079,0.00332
975.79657,0.00348
974.83234,0.00315
973.86811,0.00266
972.90389,0.00252
971.93966,0.00327
970.97544,0.00483
970.01121,0.00624
969.04699,0.00634
968.08276,0.00480
967.11853,0.00265
966.15431,0.00145
965.19008,0.00204
964.22586,0.00388
963.26163,0.00564
962.29740,0.00605
961.33318,0.00460
960.36895,0.00177
959.40473,-0.00102
958.44050,-0.00220
957.47628,-0.00128
956.51205,0.00048
955.54782,0.00106
954.58360,-0.00035
953.61937,-0.00257
952.65515,-0.00380
951.69092,-0.00360
950.72669,-0.00308
949.76247,-0.00317
948.79824,-0.00343
947.83402,-0.00282
946.86979,-0.00135
945.90556,-0.00021
944.94134,-0.00014
943.97711,-0.00039
943.01289,0.00040
942.04866,0.00238
941.08444,0.00431
940.12021,0.00506
939.15598,0.00465
938.19176,0.00358
937.22753,0.00174
936.26331,-0.00134
935.29908,-0.00501
934.33485,-0.00717
933.37063,-0.00603
932.40640,-0.00203
931.44218,0.00231
930.47795,0.00457
929.51373,0.00428
928.54950,0.00281
927.58527,0.00182
926.62105,0.00195
925.65682,0.00275
924.69260,0.00327
923.72837,0.00263
922.76414,0.00045
921.79992,-0.00280
920.83569,-0.00601
919.87147,-0.00799
918.90724,-0.00819
917.94302,-0.00686
916.97879,-0.00474
916.01456,-0.00270
915.05034,-0.00155
914.08611,-0.00165
913.12189,-0.00257
912.15766,-0.00328
911.19343,-0.00314
910.22921,-0.00267
909.26498,-0.00304
908.30076,-0.00462
907.33653,-0.00647
906.37230,-0.00728
905.40808,-0.00666
904.44385,-0.00516
903.47963,-0.00332
902.51540,-0.00123
901.55118,0.00078
900.58695,0.00144
899.62272,-0.00050
898.65850,-0.00458
897.69427,-0.00824
896.73005,-0.00875
895.76582,-0.00551
894.80159,-0.00042
893.83737,0.00385
892.87314,0.00590
891.90892,0.00597
890.94469,0.00479
889.98047,0.00263
889.01624,-0.00065
888.05201,-0.00496
887.08779,-0.00959
886.12356,-0.01356
885.15934,-0.01611
884.19511,-0.01687
883.23088,-0.01582
882.26666,-0.01314
881.30243,-0.00930
880.33821,-0.00512
879.37398,-0.00138
878.40975,0.00152
877.44553,0.00372
876.48130,0.00545
875.51708,0.00672
874.55285,0.00725
873.58863,0.00696
872.62440,0.00613
871.66017,0.00514
870.69595,0.00404
869.73172,0.00260
868.76750,0.00094
867.80327,-0.00012
866.83904,0.00020
865.87482,0.00136
864.91059,0.00137
863.94637,-0.00160
862.98214,-0.00723
862.01792,-0.01275
861.05369,-0.01511
860.08946,-0.01361
859.12524,-0.01021
858.16101,-0.00750
857.19679,-0.00656
856.23256,-0.00658
855.26833,-0.00623
854.30411,-0.00486
853.33988,-0.00269
852.37566,-0.00029
851.41143,0.00156
850.44721,0.00193
849.48298,0.00022
848.51875,-0.00293
847.55453,-0.00543
846.59030,-0.00516
845.62608,-0.00172
844.66185,0.00324
843.69762,0.00760
842.73340,0.01050
841.76917,0.01231
840.80495,0.01325
839.84072,0.01260
838.87649,0.00958
837.91227,0.00467
836.94804,-0.00038
835.98382,-0.00390
835.01959,-0.00544
834.05537,-0.00521
833.09114,-0.00323
832.12691,0.00045
831.16269,0.00465
830.19846,0.00717
829.23424,0.00675
828.27001,0.00470
827.30578,0.00376
826.34156,0.00508
825.37733,0.00683
824.41311,0.00625
823.44888,0.00291
822.48466,-0.00069
821.52043,-0.00163
820.55620,0.00070
819.59198,0.00433
818.62775,0.00664
817.66353,0.00618
816.69930,0.00305
815.73507,-0.00128
814.77085,-0.00430
813.80662,-0.00376
812.84240,0.00053
811.87817,0.00607
810.91395,0.00940
809.94972,0.00872
808.98549,0.00514
808.02127,0.00129
807.05704,-0.00106
806.09282,-0.00179
805.12859,-0.00138
804.16436,0.00004
803.20014,0.00233
802.23591,0.00468
801.27169,0.00594
800.30746,0.00553
799.34323,0.00377
798.37901,0.00138
797.41478,-0.00097
796.45056,-0.00261
795.48633,-0.00285
794.52211,-0.00145
793.55788,0.00081
792.59365,0.00262
791.62943,0.00330
790.66520,0.00322
789.70098,0.00304
788.73675,0.00267
787.77252,0.00135
786.80830,-0.00128
785.84407,-0.00456
784.87985,-0.00720
783.91562,-0.00831
782.95140,-0.00787
781.98717,-0.00661
781.02294,-0.00565
780.05872,-0.00603
779.09449,-0.00786
778.13027,-0.00972
777.16604,-0.00918
776.20181,-0.00468
775.23759,0.00277
774.27336,0.00991
773.30914,0.01347
772.34491,0.01260
771.38068,0.00917
770.41646,0.00597
769.45223,0.00455
768.48801,0.00443
767.52378,0.00396
766.55956,0.00181
765.59533,-0.00190
764.63110,-0.00569
763.66688,-0.00765
762.70265,-0.00689
761.73843,-0.00426
760.77420,-0.00190
759.80997,-0.00159
758.84575,-0.00346
757.88152,-0.00600
756.91730,-0.00729
755.95307,-0.00645
754.98885,-0.00407
754.02462,-0.00144
753.06039,0.00071
752.09617,0.00253
751.13194,0.00432
750.16772,0.00563
749.20349,0.00539
748.23926,0.00321
747.27504,0.00005
746.31081,-0.00247
745.34659,-0.00358
744.38236,-0.00382
743.41814,-0.00408
742.45391,-0.00430
741.48968,-0.00367
740.52546,-0.00177
739.56123,0.00073
738.59701,0.00277
737.63278,0.00375
736.66855,0.00349
735.70433,0.00172
734.74010,-0.00164
733.77588,-0.00551
732.81165,-0.00780
731.84742,-0.00718
730.88320,-0.00449
729.91897,-0.00197
728.95475,-0.00076
727.99052,0.00014
727.02630,0.00211
726.06207,0.00477
725.09784,0.00618
724.13362,0.00529
723.16939,0.00330
722.20517,0.00224
721.24094,0.00261
720.27671,0.00310
719.31249,0.00268
718.34826,0.00201
717.38404,0.00249
716.41981,0.00439
715.45559,0.00653
714.49136,0.00744
713.52713,0.00662
712.56291,0.00453
711.59868,0.00193
710.63446,-0.00024
709.67023,-0.00096
708.70600,0.00035
707.74178,0.00330
706.77755,0.00663
705.81333,0.00912
704.84910,0.01028
703.88487,0.01017
702.92065,0.00901
701.95642,0.00716
700.99220,0.00542
700.02797,0.00473
699.06375,0.00539
698.09952,0.00662
697.13529,0.00719
696.17107,0.00656
695.20684,0.00516
694.24262,0.00371
693.27839,0.00237
692.31416,0.00080
691.34994,-0.00133
690.38571,-0.00405
689.42149,-0.00715
688.45726,-0.01008
687.49304,-0.01171
686.52881,-0.01082
685.56458,-0.00735
684.60036,-0.00300
683.63613,-0.00013
682.67191,0.00006
681.70768,-0.00156
680.74345,-0.00304
679.77923,-0.00315
678.81500,-0.00206
677.85078,-0.00060
676.88655,0.00080
675.92233,0.00234
674.95810,0.00427
673.99387,0.00632
673.02965,0.00760
672.06542,0.00715
671.10120,0.00486
670.13697,0.00196
669.17274,0.00050
668.20852,0.00167
667.24429,0.00417
666.28007,0.00480
665.31584,0.00189
664.35161,-0.00256
663.38739,-0.00459
662.42316,-0.00169
661.45894,0.00495
660.49471,0.01136
659.53049,0.01410
658.56626,0.01250
657.60203,0.00832
656.63781,0.00388
655.67358,0.00061
654.70936,-0.00118
653.74513,-0.00195
652.78090,-0.00260
651.81668,-0.00385
650.85245,-0.00547
649.88823,-0.00607
648.92400,-0.00445
647.95978,-0.00094
646.99555,0.00250
646.03132,0.00394
645.06710,0.00314
644.10287,0.00148
643.13865,0.00026
642.17442,-0.00044
641.21019,-0.00119
640.24597,-0.00196
639.28174,-0.00193
638.31752,-0.00086
637.35329,0.00022
636.38907,-0.00007
635.42484,-0.00186
634.46061,-0.00352
633.49639,-0.00333
632.53216,-0.00137
631.56794,0.00049
630.60371,0.00058
629.63948,-0.00112
628.67526,-0.00356
627.71103,-0.00586
626.74681,-0.00753
625.78258,-0.00767
624.81835,-0.00526
623.85413,-0.00104
622.88990,0.00190
621.92568,0.00039
620.96145,-0.00554
619.99723,-0.01211
619.03300,-0.01509
618.06877,-0.01343
617.10455,-0.00947
616.14032,-0.00594
615.17610,-0.00354
614.21187,-0.00159
613.24764,0.00023
612.28342,0.00142
611.31919,0.00159
610.35497,0.00076
609.39074,-0.00119
608.42652,-0.00439
607.46229,-0.00792
606.49806,-0.00989
605.53384,-0.00973
604.56961,-0.00961
603.60539,-0.01191
602.64116,-0.01499
601.67693,-0.01335
600.71271,-0.00377
599.74848,0.00931
598.78426,0.01689
597.82003,0.01447
596.85580,0.00668
595.89158,0.00174
594.92735,0.00194
593.96313,0.00209
592.99890,-0.00278
592.03468,-0.01031
591.07045,-0.01305
590.10622,-0.00712
589.14200,0.00390
588.17777,0.01314
587.21355,0.01641
586.24932,0.01413
585.28509,0.00952
584.32087,0.00555
583.35664,0.00392
582.39242,0.00447
581.42819,0.00486
580.46397,0.00246
579.49974,-0.00273
578.53551,-0.00746
577.57129,-0.00834
576.60706,-0.00456
575.64284,0.00128
574.67861,0.00600
573.71438,0.00841
572.75016,0.00925
571.78593,0.00931
570.82171,0.00931
569.85748,0.01052
568.89326,0.01307
567.92903,0.01509
566.96480,0.01396
566.00058,0.01005
565.03635,0.00774
564.07213,0.01010
563.10790,0.01378
562.14367,0.01299
561.17945,0.00834
560.21522,0.00817
559.25100,0.01916
558.28677,0.03588
557.32254,0.04222
556.35832,0.02732
555.39409,0.00026
554.42987,-0.01811
553.46564,-0.01522
552.50142,0.00347
551.53719,0.01826
550.57296,0.01477
549.60874,0.00015
548.64451,-0.00961
547.68029,-0.00861
546.71606,-0.00656
545.75183,-0.01712
544.78761,-0.04301
543.82338,-0.06817
542.85916,-0.06733
541.89493,-0.03458
540.93071,0.00099
539.96648,0.01751
539.00225,0.01743
538.03803,0.03562
537.07380,0.08728
536.10958,0.13299
535.14535,0.12608
534.18112,0.07299
533.21690,0.01519
532.25267,-0.01243
531.28845,0.00496
530.32422,0.05318
529.36000,0.10082
528.39577,0.11293
527.43154,0.07354
526.46732,0.00548
525.50309,-0.06131
524.53887,-0.09989
523.57464,-0.07349
522.61041,0.04171
521.64619,0.20040
520.68196,0.32241
519.71774,0.36660
518.75351,0.33780
517.78928,0.26091
516.82506,0.19039
515.86083,0.17736
514.89661,0.21951
513.93238,0.25493
512.96816,0.25173
512.00393,0.22810
511.03970,0.21031
510.07548,0.19503
509.11125,0.17002
508.14703,0.14780
507.18280,0.15861
506.21857,0.20290
505.25435,0.23241
504.29012,0.21670
503.32590,0.15143
502.36167,0.08562
501.39745,0.06326
500.43322,0.09063
499.46899,0.14076
498.50477,0.17734
497.54054,0.20941
496.57632,0.26849
495.61209,0.32507
494.64786,0.23982
493.68364,0.05783
492.71941,-0.03421
491.75519,-0.00140
490.79096,0.11968
489.82673,0.23725
488.86251,0.24978
487.89828,0.15174
486.93406,0.01380
485.96983,-0.09468
485.00561,-0.14188
484.04138,-0.13113
483.07715,-0.07572
482.11293,0.01808
481.14870,0.13798
480.18448,0.24343
479.22025,0.30335
478.25602,0.33990
477.29180,0.38236
476.32757,0.39485
475.36335,0.31879
474.39912,0.15747
473.43490,-0.00451
472.47067,-0.11275
471.50644,-0.13282
470.54222,-0.09003
469.57799,-0.00517
468.61377,0.06480
467.64954,0.12654
466.68531,0.22402
465.72109,0.36943
464.75686,0.60861
463.79264,0.94514
462.82841,1.05162
461.86419,0.76458
460.89996,0.47371
459.93573,0.24725
458.97151,0.08347
458.00728,0.02212
457.04306,0.06146
456.07883,0.13933
455.11460,0.18415
454.15038,0.14847
453.18615,0.03784
452.22193,-0.06890
451.25770,-0.07147
450.29347,0.00887
449.32925,0.09765
448.36502,0.14900
447.40080,0.13750
446.43657,0.05428
445.47235,-0.06782
444.50812,-0.10735
443.54389,-0.00985
442.57967,0.12028
441.61544,0.20183
440.65122,0.20834
439.68699,0.15797
438.72276,0.13377
437.75854,0.19059
436.79431,0.26264
435.83009,0.27132
434.86586,0.32562
433.90164,0.40271
432.93741,0.48545
431.97318,0.50938
431.00896,0.40280
430.04473,0.18083
429.08051,-0.11436
428.11628,-0.44298
427.15205,-0.62609
426.18783,-0.48890
425.22360,-0.26305
424.25938,-0.07035
423.29515,0.09569
422.33092,0.25267
421.36670,0.30103
420.40247,0.22566
419.43825,0.12607
418.47402,0.05189
417.50980,0.00502
416.54557,-0.00634
415.58134,0.02559
414.61712,0.06068
413.65289,0.04446
412.68867,-0.02662
411.72444,-0.13062
410.76021,-0.24453
409.79599,-0.31136
408.83176,-0.28919
407.86754,-0.23323
406.90331,-0.15865
405.93909,-0.04469
404.97486,0.06430
404.01063,0.04503
403.04641,-0.07137
402.08218,-0.20040
401.11796,-0.29412
400.15373,-0.31330
399.18950,-0.18778
398.22528,0.05622
397.26105,0.32639
396.29683,0.59678
395.33260,0.78482
394.36838,0.69790
393.40415,0.42288
392.43992,0.16847
391.47570,0.02870
390.51147,-0.03528
389.54725,-0.04600
388.58302,0.01222
387.61879,0.09078
386.65457,0.13078
385.69034,0.05313
384.72612,-0.09333
383.76189,-0.15194
382.79766,-0.10684
381.83344,-0.01584
380.86921,0.07800
379.90499,0.17747
378.94076,0.27257
377.97654,0.35743
377.01231,0.43646
376.04808,0.49898
375.08386,0.51494
374.11963,0.46075
373.15541,0.32626
372.19118,0.15890
371.22695,0.06186
370.26273,0.07404
369.29850,0.13797
368.33428,0.22019
367.37005,0.31247
366.40583,0.38434
365.44160,0.31753
364.47737,-0.07622
363.51315,-0.38315
362.54892,-0.41177
361.58470,-0.39729
360.62047,-0.25816
359.65624,-0.09976
358.69202,0.02483
357.72779,0.51481
356.76357,1.50846
355.79934,1.29360
354.83512,0.52198
353.87089,0.18576
352.90666,-0.04647
351.94244,-0.12567
350.97821,-0.09850
350.01399,-0.01996
349.04976,0.08890
