3946.57643,0.00555
3945.61220,0.00414
3944.64798,0.00326
3943.68375,0.00324
3942.71953,0.00401
3941.75530,0.00511
3940.79107,0.00616
3939.82685,0.00708
3938.86262,0.00802
3937.89840,0.00894
3936.93417,0.00952
3935.96994,0.00944
3935.00572,0.00876
3934.04149,0.00792
3933.07727,0.00728
3932.11304,0.00691
3931.14882,0.00672
3930.18459,0.00667
3929.22036,0.00678
3928.25614,0.00685
3927.29191,0.00649
3926.32769,0.00549
3925.36346,0.00405
3924.39923,0.00270
3923.43501,0.00183
3922.47078,0.00159
3921.50656,0.00192
3920.54233,0.00265
3919.57811,0.00355
3918.61388,0.00428
3917.64965,0.00468
3916.68543,0.00494
3915.72120,0.00534
3914.75698,0.00585
3913.79275,0.00611
3912.82852,0.00587
3911.86430,0.00537
3910.90007,0.00520
3909.93585,0.00567
3908.97162,0.00652
3908.00739,0.00720
3907.04317,0.00743
3906.07894,0.00736
3905.11472,0.00730
3904.15049,0.00736
3903.18627,0.00734
3902.22204,0.00694
3901.25781,0.00598
3900.29359,0.00466
3899.32936,0.00357
3898.36514,0.00333
3897.40091,0.00413
3896.43668,0.00551
3895.47246,0.00670
3894.50823,0.00727
3893.54401,0.00731
3892.57978,0.00708
3891.61556,0.00657
3890.65133,0.00561
3889.68710,0.00435
3888.72288,0.00335
3887.75865,0.00319
3886.79443,0.00379
3885.83020,0.00456
3884.86597,0.00490
3883.90175,0.00482
3882.93752,0.00474
3881.97330,0.00497
3881.00907,0.00544
3880.04485,0.00589
3879.08062,0.00612
3878.11639,0.00616
3877.15217,0.00610
3876.18794,0.00595
3875.22372,0.00567
3874.25949,0.00528
3873.29526,0.00489
3872.33104,0.00472
3871.36681,0.00496
3870.40259,0.00557
3869.43836,0.00630
3868.47413,0.00678
3867.50991,0.00688
3866.54568,0.00677
3865.58146,0.00680
3864.61723,0.00718
3863.65301,0.00786
3862.68878,0.00854
3861.72455,0.00886
3860.76033,0.00851
3859.79610,0.00745
3858.83188,0.00599
3857.86765,0.00475
3856.90342,0.00422
3855.93920,0.00446
3854.97497,0.00512
3854.01075,0.00580
3853.04652,0.00634
3852.08230,0.00678
3851.11807,0.00702
3850.15384,0.00680
3849.18962,0.00602
3848.22539,0.00501
3847.26117,0.00434
3846.29694,0.00440
3845.33271,0.00509
3844.36849,0.00598
3843.40426,0.00664
3842.44004,0.00691
3841.47581,0.00682
3840.51159,0.00650
3839.54736,0.00612
3838.58313,0.00585
3837.61891,0.00575
3836.65468,0.00572
3835.69046,0.00561
3834.72623,0.00541
3833.76200,0.00527
3832.79778,0.00539
3831.83355,0.00583
3830.86933,0.00643
3829.90510,0.00687
3828.94087,0.00685
3827.97665,0.00624
3827.01242,0.00525
3826.04820,0.00433
3825.08397,0.00398
3824.11975,0.00439
3823.15552,0.00537
3822.19129,0.00640
3821.22707,0.00697
3820.26284,0.00683
3819.29862,0.00611
3818.33439,0.00522
3817.37016,0.00454
3816.40594,0.00432
3815.44171,0.00457
3814.47749,0.00510
3813.51326,0.00566
3812.54904,0.00605
3811.58481,0.00619
3810.62058,0.00604
3809.65636,0.00572
3808.69213,0.00545
3807.72791,0.00542
3806.76368,0.00571
3805.79945,0.00619
3804.83523,0.00668
3803.87100,0.00709
3802.90678,0.00742
3801.94255,0.00763
3800.97832,0.00760
3800.01410,0.00727
3799.04987,0.00677
3798.08565,0.00638
3797.12142,0.00629
3796.15720,0.00647
3795.19297,0.00674
3794.22874,0.00698
3793.26452,0.00718
3792.30029,0.00738
3791.33607,0.00759
3790.37184,0.00773
3789.40761,0.00773
3788.44339,0.00754
3787.47916,0.00715
3786.51494,0.00663
3785.55071,0.00614
3784.58649,0.00586
3783.62226,0.00589
3782.65803,0.00621
3781.69381,0.00669
3780.72958,0.00719
3779.76536,0.00758
3778.80113,0.00770
3777.83690,0.00745
3776.87268,0.00694
3775.90845,0.00647
3774.94423,0.00635
3773.98000,0.00659
3773.01578,0.00686
3772.05155,0.00680
3771.08732,0.00635
3770.12310,0.00580
3769.15887,0.00554
3768.19465,0.00573
3767.23042,0.00624
3766.26619,0.00688
3765.30197,0.00748
3764.33774,0.00792
3763.37352,0.00809
3762.40929,0.00798
3761.44506,0.00768
3760.48084,0.00740
3759.51661,0.00720
3758.55239,0.00695
3757.58816,0.00652
3756.62394,0.00599
3755.65971,0.00563
3754.69548,0.00563
3753.73126,0.00594
3752.76703,0.00628
3751.80281,0.00649
3750.83858,0.00658
3749.87435,0.00666
3748.91013,0.00673
3747.94590,0.00674
3746.98168,0.00668
3746.01745,0.00662
3745.05323,0.00665
3744.08900,0.00671
3743.12477,0.00676
3742.16055,0.00683
3741.19632,0.00704
3740.23210,0.00738
3739.26787,0.00765
3738.30364,0.00757
3737.33942,0.00708
3736.37519,0.00646
3735.41097,0.00610
3734.44674,0.00620
3733.48251,0.00663
3732.51829,0.00707
3731.55406,0.00730
3730.58984,0.00728
3729.62561,0.00718
3728.66139,0.00716
3727.69716,0.00731
3726.73293,0.00758
3725.76871,0.00782
3724.80448,0.00788
3723.84026,0.00775
3722.87603,0.00753
3721.91180,0.00733
3720.94758,0.00721
3719.98335,0.00717
3719.01913,0.00715
3718.05490,0.00712
3717.09068,0.00706
3716.12645,0.00703
3715.16222,0.00710
3714.19800,0.00734
3713.23377,0.00769
3712.26955,0.00802
3711.30532,0.00814
3710.34109,0.00800
3709.37687,0.00767
3708.41264,0.00723
3707.44842,0.00677
3706.48419,0.00637
3705.51997,0.00620
3704.55574,0.00640
3703.59151,0.00692
3702.62729,0.00744
3701.66306,0.00765
3700.69884,0.00746
3699.73461,0.00706
3698.77038,0.00670
3697.80616,0.00650
3696.84193,0.00642
3695.87771,0.00641
3694.91348,0.00651
3693.94925,0.00670
3692.98503,0.00679
3692.02080,0.00660
3691.05658,0.00619
3690.09235,0.00591
3689.12813,0.00613
3688.16390,0.00684
3687.19967,0.00767
3686.23545,0.00819
3685.27122,0.00834
3684.30700,0.00834
3683.34277,0.00840
3682.37854,0.00854
3681.41432,0.00866
3680.45009,0.00877
3679.48587,0.00898
3678.52164,0.00932
3677.55742,0.00959
3676.59319,0.00957
3675.62896,0.00930
3674.66474,0.00918
3673.70051,0.00952
3672.73629,0.01019
3671.77206,0.01069
3670.80783,0.01060
3669.84361,0.01000
3668.87938,0.00936
3667.91516,0.00907
3666.95093,0.00910
3665.98671,0.00917
3665.02248,0.00912
3664.05825,0.00909
3663.09403,0.00930
3662.12980,0.00981
3661.16558,0.01042
3660.20135,0.01097
3659.23712,0.01148
3658.27290,0.01208
3657.30867,0.01275
3656.34445,0.01327
3655.38022,0.01336
3654.41599,0.01299
3653.45177,0.01243
3652.48754,0.01207
3651.52332,0.01206
3650.55909,0.01228
3649.59487,0.01245
3648.63064,0.01234
3647.66641,0.01194
3646.70219,0.01139
3645.73796,0.01089
3644.77374,0.01060
3643.80951,0.01061
3642.84528,0.01095
3641.88106,0.01149
3640.91683,0.01205
3639.95261,0.01246
3638.98838,0.01270
3638.02416,0.01283
3637.05993,0.01298
3636.09570,0.01313
3635.13148,0.01317
3634.16725,0.01304
3633.20303,0.01282
3632.23880,0.01271
3631.27457,0.01289
3630.31035,0.01332
3629.34612,0.01378
3628.38190,0.01403
3627.41767,0.01398
3626.45344,0.01372
3625.48922,0.01346
3624.52499,0.01333
3623.56077,0.01339
3622.59654,0.01365
3621.63232,0.01404
3620.66809,0.01444
3619.70386,0.01463
3618.73964,0.01448
3617.77541,0.01400
3616.81119,0.01342
3615.84696,0.01303
3614.88273,0.01304
3613.91851,0.01340
3612.95428,0.01390
3611.99006,0.01429
3611.02583,0.01442
3610.06161,0.01436
3609.09738,0.01420
3608.13315,0.01400
3607.16893,0.01371
3606.20470,0.01338
3605.24048,0.01320
3604.27625,0.01340
3603.31202,0.01397
3602.34780,0.01461
3601.38357,0.01496
3600.41935,0.01496
3599.45512,0.01482
3598.49090,0.01478
3597.52667,0.01480
3596.56244,0.01468
3595.59822,0.01444
3594.63399,0.01435
3593.66977,0.01470
3592.70554,0.01540
3591.74131,0.01601
3590.77709,0.01621
3589.81286,0.01605
3588.84864,0.01587
3587.88441,0.01593
3586.92018,0.01620
3585.95596,0.01646
3584.99173,0.01652
3584.02751,0.01629
3583.06328,0.01585
3582.09906,0.01539
3581.13483,0.01518
3580.17060,0.01539
3579.20638,0.01591
3578.24215,0.01637
3577.27793,0.01644
3576.31370,0.01610
3575.34947,0.01562
3574.38525,0.01528
3573.42102,0.01523
3572.45680,0.01549
3571.49257,0.01599
3570.52835,0.01656
3569.56412,0.01690
3568.59989,0.01675
3567.63567,0.01613
3566.67144,0.01541
3565.70722,0.01505
3564.74299,0.01519
3563.77876,0.01558
3562.81454,0.01586
3561.85031,0.01584
3560.88609,0.01565
3559.92186,0.01555
3558.95764,0.01566
3557.99341,0.01588
3557.02918,0.01599
3556.06496,0.01587
3555.10073,0.01555
3554.13651,0.01522
3553.17228,0.01503
3552.20805,0.01500
3551.24383,0.01509
3550.27960,0.01523
3549.31538,0.01540
3548.35115,0.01558
3547.38692,0.01571
3546.42270,0.01571
3545.45847,0.01564
3544.49425,0.01565
3543.53002,0.01587
3542.56580,0.01627
3541.60157,0.01673
3540.63734,0.01711
3539.67312,0.01738
3538.70889,0.01756
3537.74467,0.01775
3536.78044,0.01801
3535.81621,0.01837
3534.85199,0.01877
3533.88776,0.01903
3532.92354,0.01894
3531.95931,0.01847
3530.99509,0.01782
3530.03086,0.01733
3529.06663,0.01718
3528.10241,0.01733
3527.13818,0.01754
3526.17396,0.01762
3525.20973,0.01757
3524.24550,0.01751
3523.28128,0.01756
3522.31705,0.01771
3521.35283,0.01782
3520.38860,0.01773
3519.42437,0.01743
3518.46015,0.01712
3517.49592,0.01699
3516.53170,0.01706
3515.56747,0.01712
3514.60325,0.01695
3513.63902,0.01659
3512.67479,0.01629
3511.71057,0.01631
3510.74634,0.01670
3509.78212,0.01728
3508.81789,0.01770
3507.85366,0.01769
3506.88944,0.01718
3505.92521,0.01635
3504.96099,0.01564
3503.99676,0.01546
3503.03254,0.01594
3502.06831,0.01682
3501.10408,0.01767
3500.13986,0.01825
3499.17563,0.01860
3498.21141,0.01890
3497.24718,0.01916
3496.28295,0.01921
3495.31873,0.01885
3494.35450,0.01812
3493.39028,0.01729
3492.42605,0.01678
3491.46183,0.01686
3490.49760,0.01748
3489.53337,0.01833
3488.56915,0.01894
3487.60492,0.01901
3486.64070,0.01853
3485.67647,0.01776
3484.71224,0.01703
3483.74802,0.01658
3482.78379,0.01644
3481.81957,0.01658
3480.85534,0.01693
3479.89111,0.01743
3478.92689,0.01799
3477.96266,0.01848
3476.99844,0.01879
3476.03421,0.01887
3475.06999,0.01873
3474.10576,0.01850
3473.14153,0.01842
3472.17731,0.01870
3471.21308,0.01943
3470.24886,0.02050
3469.28463,0.02155
3468.32040,0.02217
3467.35618,0.02207
3466.39195,0.02130
3465.42773,0.02027
3464.46350,0.01953
3463.49928,0.01945
3462.53505,0.02001
3461.57082,0.02090
3460.60660,0.02179
3459.64237,0.02245
3458.67815,0.02276
3457.71392,0.02266
3456.74969,0.02215
3455.78547,0.02143
3454.82124,0.02077
3453.85702,0.02033
3452.89279,0.02006
3451.92856,0.01983
3450.96434,0.01972
3450.00011,0.01993
3449.03589,0.02060
3448.07166,0.02151
3447.10744,0.02217
3446.14321,0.02224
3445.17898,0.02176
3444.21476,0.02110
3443.25053,0.02062
3442.28631,0.02046
3441.32208,0.02045
3440.35785,0.02045
3439.39363,0.02041
3438.42940,0.02039
3437.46518,0.02044
3436.50095,0.02054
3435.53673,0.02059
3434.57250,0.02065
3433.60827,0.02089
3432.64405,0.02149
3431.67982,0.02235
3430.71560,0.02308
3429.75137,0.02320
3428.78714,0.02259
3427.82292,0.02159
3426.85869,0.02075
3425.89447,0.02040
3424.93024,0.02042
3423.96602,0.02047
3423.00179,0.02031
3422.03756,0.02004
3421.07334,0.01993
3420.10911,0.02007
3419.14489,0.02021
3418.18066,0.01997
3417.21643,0.01933
3416.25221,0.01872
3415.28798,0.01873
3414.32376,0.01950
3413.35953,0.02056
3412.39530,0.02118
3411.43108,0.02109
3410.46685,0.02070
3409.50263,0.02067
3408.53840,0.02130
3407.57418,0.02229
3406.60995,0.02316
3405.64572,0.02366
3404.68150,0.02391
3403.71727,0.02404
3402.75305,0.02398
3401.78882,0.02356
3400.82459,0.02282
3399.86037,0.02211
3398.89614,0.02183
3397.93192,0.02211
3396.96769,0.02273
3396.00347,0.02330
3395.03924,0.02364
3394.07501,0.02376
3393.11079,0.02378
3392.14656,0.02370
3391.18234,0.02345
3390.21811,0.02302
3389.25388,0.02252
3388.28966,0.02215
3387.32543,0.02202
3386.36121,0.02205
3385.39698,0.02204
3384.43276,0.02189
3383.46853,0.02156
3382.50430,0.02113
3381.54008,0.02069
3380.57585,0.02037
3379.61163,0.02031
3378.64740,0.02060
3377.68317,0.02114
3376.71895,0.02167
3375.75472,0.02190
3374.79050,0.02177
3373.82627,0.02142
3372.86204,0.02110
3371.89782,0.02095
3370.93359,0.02099
3369.96937,0.02107
3369.00514,0.02107
3368.04092,0.02094
3367.07669,0.02073
3366.11246,0.02054
3365.14824,0.02043
3364.18401,0.02044
3363.21979,0.02064
3362.25556,0.02105
3361.29133,0.02167
3360.32711,0.02226
3359.36288,0.02245
3358.39866,0.02199
3357.43443,0.02099
3356.47021,0.01989
3355.50598,0.01920
3354.54175,0.01919
3353.57753,0.01979
3352.61330,0.02065
3351.64908,0.02141
3350.68485,0.02182
3349.72062,0.02185
3348.75640,0.02164
3347.79217,0.02140
3346.82795,0.02129
3345.86372,0.02130
3344.89949,0.02140
3343.93527,0.02157
3342.97104,0.02188
3342.00682,0.02235
3341.04259,0.02282
3340.07837,0.02304
3339.11414,0.02279
3338.14991,0.02212
3337.18569,0.02134
3336.22146,0.02083
3335.25724,0.02080
3334.29301,0.02115
3333.32878,0.02159
3332.36456,0.02190
3331.40033,0.02211
3330.43611,0.02237
3329.47188,0.02270
3328.50766,0.02294
3327.54343,0.02286
3326.57920,0.02252
3325.61498,0.02221
3324.65075,0.02222
3323.68653,0.02251
3322.72230,0.02279
3321.75807,0.02279
3320.79385,0.02252
3319.82962,0.02218
3318.86540,0.02200
3317.90117,0.02211
3316.93695,0.02248
3315.97272,0.02300
3315.00849,0.02341
3314.04427,0.02344
3313.08004,0.02294
3312.11582,0.02210
3311.15159,0.02128
3310.18736,0.02080
3309.22314,0.02078
3308.25891,0.02113
3307.29469,0.02173
3306.33046,0.02246
3305.36623,0.02315
3304.40201,0.02363
3303.43778,0.02382
3302.47356,0.02377
3301.50933,0.02355
3300.54511,0.02315
3299.58088,0.02250
3298.61665,0.02165
3297.65243,0.02082
3296.68820,0.02034
3295.72398,0.02043
3294.75975,0.02102
3293.79552,0.02184
3292.83130,0.02255
3291.86707,0.02292
3290.90285,0.02294
3289.93862,0.02272
3288.97440,0.02238
3288.01017,0.02193
3287.04594,0.02135
3286.08172,0.02072
3285.11749,0.02030
3284.15327,0.02039
3283.18904,0.02100
3282.22481,0.02181
3281.26059,0.02232
3280.29636,0.02227
3279.33214,0.02175
3278.36791,0.02104
3277.40369,0.02035
3276.43946,0.01975
3275.47523,0.01926
3274.51101,0.01901
3273.54678,0.01912
3272.58256,0.01951
3271.61833,0.01996
3270.65410,0.02033
3269.68988,0.02070
3268.72565,0.02124
3267.76143,0.02198
3266.79720,0.02266
3265.83297,0.02294
3264.86875,0.02270
3263.90452,0.02215
3262.94030,0.02158
3261.97607,0.02118
3261.01185,0.02095
3260.04762,0.02088
3259.08339,0.02093
3258.11917,0.02102
3257.15494,0.02098
3256.19072,0.02075
3255.22649,0.02046
3254.26226,0.02039
3253.29804,0.02070
3252.33381,0.02123
3251.36959,0.02169
3250.40536,0.02188
3249.44114,0.02181
3248.47691,0.02161
3247.51268,0.02138
3246.54846,0.02114
3245.58423,0.02091
3244.62001,0.02071
3243.65578,0.02053
3242.69155,0.02041
3241.72733,0.02046
3240.76310,0.02077
3239.79888,0.02120
3238.83465,0.02145
3237.87042,0.02127
3236.90620,0.02076
3235.94197,0.02031
3234.97775,0.02026
3234.01352,0.02053
3233.04930,0.02079
3232.08507,0.02084
3231.12084,0.02076
3230.15662,0.02081
3229.19239,0.02106
3228.22817,0.02133
3227.26394,0.02140
3226.29971,0.02118
3225.33549,0.02078
3224.37126,0.02032
3223.40704,0.01992
3222.44281,0.01961
3221.47859,0.01943
3220.51436,0.01941
3219.55013,0.01957
3218.58591,0.01989
3217.62168,0.02027
3216.65746,0.02058
3215.69323,0.02073
3214.72900,0.02071
3213.76478,0.02052
3212.80055,0.02015
3211.83633,0.01965
3210.87210,0.01921
3209.90788,0.01912
3208.94365,0.01954
3207.97942,0.02028
3207.01520,0.02083
3206.05097,0.02082
3205.08675,0.02027
3204.12252,0.01960
3203.15829,0.01921
3202.19407,0.01915
3201.22984,0.01922
3200.26562,0.01924
3199.30139,0.01920
3198.33716,0.01918
3197.37294,0.01920
3196.40871,0.01923
3195.44449,0.01927
3194.48026,0.01933
3193.51604,0.01948
3192.55181,0.01974
3191.58758,0.02008
3190.62336,0.02045
3189.65913,0.02070
3188.69491,0.02072
3187.73068,0.02051
3186.76645,0.02020
3185.80223,0.01994
3184.83800,0.01973
3183.87378,0.01947
3182.90955,0.01911
3181.94533,0.01877
3180.98110,0.01865
3180.01687,0.01877
3179.05265,0.01896
3178.08842,0.01903
3177.12420,0.01896
3176.15997,0.01885
3175.19574,0.01882
3174.23152,0.01885
3173.26729,0.01888
3172.30307,0.01884
3171.33884,0.01874
3170.37461,0.01859
3169.41039,0.01843
3168.44616,0.01833
3167.48194,0.01836
3166.51771,0.01852
3165.55349,0.01871
3164.58926,0.01877
3163.62503,0.01864
3162.66081,0.01835
3161.69658,0.01803
3160.73236,0.01784
3159.76813,0.01784
3158.80390,0.01799
3157.83968,0.01821
3156.87545,0.01845
3155.91123,0.01866
3154.94700,0.01884
3153.98278,0.01896
3153.01855,0.01902
3152.05432,0.01901
3151.09010,0.01896
3150.12587,0.01888
3149.16165,0.01875
3148.19742,0.01853
3147.23319,0.01819
3146.26897,0.01772
3145.30474,0.01716
3144.34052,0.01658
3143.37629,0.01616
3142.41207,0.01609
3141.44784,0.01642
3140.48361,0.01696
3139.51939,0.01740
3138.55516,0.01755
3137.59094,0.01740
3136.62671,0.01710
3135.66248,0.01678
3134.69826,0.01653
3133.73403,0.01645
3132.76981,0.01661
3131.80558,0.01697
3130.84135,0.01733
3129.87713,0.01747
3128.91290,0.01734
3127.94868,0.01709
3126.98445,0.01685
3126.02023,0.01661
3125.05600,0.01633
3124.09177,0.01604
3123.12755,0.01586
3122.16332,0.01588
3121.19910,0.01602
3120.23487,0.01612
3119.27064,0.01608
3118.30642,0.01585
3117.34219,0.01546
3116.37797,0.01501
3115.41374,0.01473
3114.44952,0.01479
3113.48529,0.01519
3112.52106,0.01566
3111.55684,0.01593
3110.59261,0.01587
3109.62839,0.01562
3108.66416,0.01532
3107.69993,0.01503
3106.73571,0.01479
3105.77148,0.01469
3104.80726,0.01481
3103.84303,0.01508
3102.87881,0.01529
3101.91458,0.01529
3100.95035,0.01517
3099.98613,0.01514
3099.02190,0.01522
3098.05768,0.01523
3097.09345,0.01501
3096.12922,0.01465
3095.16500,0.01439
3094.20077,0.01437
3093.23655,0.01455
3092.27232,0.01483
3091.30809,0.01517
3090.34387,0.01555
3089.37964,0.01586
3088.41542,0.01594
3087.45119,0.01571
3086.48697,0.01528
3085.52274,0.01482
3084.55851,0.01441
3083.59429,0.01408
3082.63006,0.01387
3081.66584,0.01382
3080.70161,0.01390
3079.73738,0.01392
3078.77316,0.01377
3077.80893,0.01350
3076.84471,0.01328
3075.88048,0.01319
3074.91626,0.01313
3073.95203,0.01300
3072.98780,0.01286
3072.02358,0.01286
3071.05935,0.01308
3070.09513,0.01346
3069.13090,0.01383
3068.16667,0.01411
3067.20245,0.01427
3066.23822,0.01428
3065.27400,0.01411
3064.30977,0.01384
3063.34554,0.01361
3062.38132,0.01353
3061.41709,0.01366
3060.45287,0.01393
3059.48864,0.01425
3058.52442,0.01450
3057.56019,0.01453
3056.59596,0.01429
3055.63174,0.01388
3054.66751,0.01358
3053.70329,0.01357
3052.73906,0.01377
3051.77483,0.01395
3050.81061,0.01400
3049.84638,0.01395
3048.88216,0.01391
3047.91793,0.01381
3046.95371,0.01350
3045.98948,0.01304
3045.02525,0.01274
3044.06103,0.01287
3043.09680,0.01343
3042.13258,0.01406
3041.16835,0.01442
3040.20412,0.01437
3039.23990,0.01399
3038.27567,0.01349
3037.31145,0.01306
3036.34722,0.01287
3035.38300,0.01297
3034.41877,0.01323
3033.45454,0.01342
3032.49032,0.01344
3031.52609,0.01341
3030.56187,0.01355
3029.59764,0.01388
3028.63341,0.01418
3027.66919,0.01422
3026.70496,0.01402
3025.74074,0.01374
3024.77651,0.01347
3023.81228,0.01313
3022.84806,0.01266
3021.88383,0.01217
3020.91961,0.01190
3019.95538,0.01199
3018.99116,0.01229
3018.02693,0.01251
3017.06270,0.01249
3016.09848,0.01225
3015.13425,0.01196
3014.17003,0.01176
3013.20580,0.01175
3012.24157,0.01194
3011.27735,0.01229
3010.31312,0.01268
3009.34890,0.01293
3008.38467,0.01290
3007.42045,0.01260
3006.45622,0.01221
3005.49199,0.01201
3004.52777,0.01216
3003.56354,0.01259
3002.59932,0.01304
3001.63509,0.01325
3000.67086,0.01318
2999.70664,0.01299
2998.74241,0.01285
2997.77819,0.01274
2996.81396,0.01251
2995.84974,0.01208
2994.88551,0.01156
2993.92128,0.01120
2992.95706,0.01114
2991.99283,0.01133
2991.02861,0.01159
2990.06438,0.01172
2989.10015,0.01165
2988.13593,0.01145
2987.17170,0.01128
2986.20748,0.01130
2985.24325,0.01151
2984.27902,0.01176
2983.31480,0.01190
2982.35057,0.01190
2981.38635,0.01185
2980.42212,0.01187
2979.45790,0.01195
2978.49367,0.01199
2977.52944,0.01187
2976.56522,0.01164
2975.60099,0.01140
2974.63677,0.01127
2973.67254,0.01130
2972.70831,0.01145
2971.74409,0.01166
2970.77986,0.01185
2969.81564,0.01194
2968.85141,0.01191
2967.88719,0.01178
2966.92296,0.01164
2965.95873,0.01159
2964.99451,0.01174
2964.03028,0.01211
2963.06606,0.01258
2962.10183,0.01290
2961.13760,0.01287
2960.17338,0.01250
2959.20915,0.01207
2958.24493,0.01181
2957.28070,0.01178
2956.31647,0.01179
2955.35225,0.01167
2954.38802,0.01139
2953.42380,0.01106
2952.45957,0.01081
2951.49535,0.01076
2950.53112,0.01095
2949.56689,0.01134
2948.60267,0.01170
2947.63844,0.01179
2946.67422,0.01151
2945.70999,0.01105
2944.74576,0.01077
2943.78154,0.01087
2942.81731,0.01125
2941.85309,0.01166
2940.88886,0.01194
2939.92464,0.01208
2938.96041,0.01216
2937.99618,0.01217
2937.03196,0.01210
2936.06773,0.01198
2935.10351,0.01189
2934.13928,0.01183
2933.17505,0.01175
2932.21083,0.01165
2931.24660,0.01160
2930.28238,0.01169
2929.31815,0.01187
2928.35393,0.01203
2927.38970,0.01212
2926.42547,0.01215
2925.46125,0.01216
2924.49702,0.01218
2923.53280,0.01217
2922.56857,0.01217
2921.60434,0.01223
2920.64012,0.01233
2919.67589,0.01236
2918.71167,0.01223
2917.74744,0.01193
2916.78321,0.01154
2915.81899,0.01113
2914.85476,0.01071
2913.89054,0.01032
2912.92631,0.01004
2911.96209,0.00998
2910.99786,0.01018
2910.03363,0.01059
2909.06941,0.01106
2908.10518,0.01149
2907.14096,0.01180
2906.17673,0.01195
2905.21250,0.01192
2904.24828,0.01172
2903.28405,0.01141
2902.31983,0.01106
2901.35560,0.01070
2900.39138,0.01031
2899.42715,0.00988
2898.46292,0.00947
2897.49870,0.00925
2896.53447,0.00938
2895.57025,0.00989
2894.60602,0.01065
2893.64179,0.01142
2892.67757,0.01202
2891.71334,0.01240
2890.74912,0.01253
2889.78489,0.01239
2888.82066,0.01192
2887.85644,0.01123
2886.89221,0.01063
2885.92799,0.01043
2884.96376,0.01070
2883.99954,0.01118
2883.03531,0.01150
2882.07108,0.01146
2881.10686,0.01119
2880.14263,0.01093
2879.17841,0.01082
2878.21418,0.01088
2877.24995,0.01103
2876.28573,0.01124
2875.32150,0.01152
2874.35728,0.01179
2873.39305,0.01191
2872.42883,0.01176
2871.46460,0.01129
2870.50037,0.01058
2869.53615,0.00984
2868.57192,0.00926
2867.60770,0.00896
2866.64347,0.00898
2865.67924,0.00926
2864.71502,0.00973
2863.75079,0.01029
2862.78657,0.01074
2861.82234,0.01088
2860.85812,0.01057
2859.89389,0.00995
2858.92966,0.00934
2857.96544,0.00908
2857.00121,0.00927
2856.03699,0.00973
2855.07276,0.01018
2854.10853,0.01043
2853.14431,0.01045
2852.18008,0.01034
2851.21586,0.01025
2850.25163,0.01029
2849.28740,0.01048
2848.32318,0.01076
2847.35895,0.01105
2846.39473,0.01129
2845.43050,0.01141
2844.46628,0.01134
2843.50205,0.01101
2842.53782,0.01050
2841.57360,0.01008
2840.60937,0.01002
2839.64515,0.01034
2838.68092,0.01074
2837.71669,0.01086
2836.75247,0.01063
2835.78824,0.01029
2834.82402,0.01009
2833.85979,0.01001
2832.89557,0.00986
2831.93134,0.00957
2830.96711,0.00926
2830.00289,0.00910
2829.03866,0.00913
2828.07444,0.00923
2827.11021,0.00938
2826.14598,0.00962
2825.18176,0.01001
2824.21753,0.01044
2823.25331,0.01070
2822.28908,0.01067
2821.32486,0.01040
2820.36063,0.01001
2819.39640,0.00964
2818.43218,0.00941
2817.46795,0.00939
2816.50373,0.00954
2815.53950,0.00970
2814.57527,0.00968
2813.61105,0.00941
2812.64682,0.00906
2811.68260,0.00882
2810.71837,0.00879
2809.75414,0.00892
2808.78992,0.00912
2807.82569,0.00937
2806.86147,0.00961
2805.89724,0.00974
2804.93302,0.00962
2803.96879,0.00928
2803.00456,0.00885
2802.04034,0.00852
2801.07611,0.00838
2800.11189,0.00845
2799.14766,0.00867
2798.18343,0.00899
2797.21921,0.00928
2796.25498,0.00945
2795.29076,0.00950
2794.32653,0.00952
2793.36231,0.00956
2792.39808,0.00959
2791.43385,0.00954
2790.46963,0.00945
2789.50540,0.00944
2788.54118,0.00958
2787.57695,0.00981
2786.61272,0.00997
2785.64850,0.00996
2784.68427,0.00980
2783.72005,0.00960
2782.75582,0.00953
2781.79159,0.00964
2780.82737,0.00984
2779.86314,0.00993
2778.89892,0.00975
2777.93469,0.00931
2776.97047,0.00886
2776.00624,0.00861
2775.04201,0.00861
2774.07779,0.00868
2773.11356,0.00866
2772.14934,0.00864
2771.18511,0.00880
2770.22088,0.00924
2769.25666,0.00976
2768.29243,0.01006
2767.32821,0.01004
2766.36398,0.00987
2765.39976,0.00977
2764.43553,0.00977
2763.47130,0.00968
2762.50708,0.00939
2761.54285,0.00898
2760.57863,0.00871
2759.61440,0.00875
2758.65017,0.00905
2757.68595,0.00936
2756.72172,0.00953
2755.75750,0.00954
2754.79327,0.00949
2753.82905,0.00945
2752.86482,0.00942
2751.90059,0.00939
2750.93637,0.00941
2749.97214,0.00956
2749.00792,0.00980
2748.04369,0.00994
2747.07946,0.00983
2746.11524,0.00955
2745.15101,0.00933
2744.18679,0.00935
2743.22256,0.00954
2742.25833,0.00968
2741.29411,0.00963
2740.32988,0.00948
2739.36566,0.00942
2738.40143,0.00954
2737.43721,0.00977
2736.47298,0.00999
2735.50875,0.01011
2734.54453,0.01009
2733.58030,0.00991
2732.61608,0.00961
2731.65185,0.00930
2730.68762,0.00913
2729.72340,0.00920
2728.75917,0.00943
2727.79495,0.00966
2726.83072,0.00979
2725.86650,0.00985
2724.90227,0.00989
2723.93804,0.00988
2722.97382,0.00975
2722.00959,0.00952
2721.04537,0.00934
2720.08114,0.00933
2719.11691,0.00945
2718.15269,0.00955
2717.18846,0.00950
2716.22424,0.00939
2715.26001,0.00940
2714.29579,0.00962
2713.33156,0.00998
2712.36733,0.01024
2711.40311,0.01024
2710.43888,0.00999
2709.47466,0.00961
2708.51043,0.00927
2707.54620,0.00909
2706.58198,0.00914
2705.61775,0.00942
2704.65353,0.00979
2703.68930,0.01009
2702.72507,0.01018
2701.76085,0.01006
2700.79662,0.00979
2699.83240,0.00941
2698.86817,0.00899
2697.90395,0.00865
2696.93972,0.00858
2695.97549,0.00884
2695.01127,0.00922
2694.04704,0.00936
2693.08282,0.00909
2692.11859,0.00862
2691.15436,0.00835
2690.19014,0.00846
2689.22591,0.00878
2688.26169,0.00899
2687.29746,0.00897
2686.33324,0.00883
2685.36901,0.00870
2684.40478,0.00866
2683.44056,0.00870
2682.47633,0.00884
2681.51211,0.00909
2680.54788,0.00939
2679.58365,0.00962
2678.61943,0.00974
2677.65520,0.00982
2676.69098,0.00995
2675.72675,0.01010
2674.76252,0.01017
2673.79830,0.01012
2672.83407,0.00998
2671.86985,0.00981
2670.90562,0.00959
2669.94140,0.00935
2668.97717,0.00915
2668.01294,0.00908
2667.04872,0.00910
2666.08449,0.00907
2665.12027,0.00892
2664.15604,0.00875
2663.19181,0.00880
2662.22759,0.00913
2661.26336,0.00959
2660.29914,0.00993
2659.33491,0.00999
2658.37069,0.00981
2657.40646,0.00956
2656.44223,0.00937
2655.47801,0.00931
2654.51378,0.00938
2653.54956,0.00952
2652.58533,0.00965
2651.62110,0.00974
2650.65688,0.00985
2649.69265,0.01002
2648.72843,0.01021
2647.76420,0.01031
2646.79998,0.01022
2645.83575,0.00994
2644.87152,0.00961
2643.90730,0.00935
2642.94307,0.00919
2641.97885,0.00911
2641.01462,0.00908
2640.05039,0.00909
2639.08617,0.00915
2638.12194,0.00928
2637.15772,0.00946
2636.19349,0.00966
2635.22926,0.00977
2634.26504,0.00969
2633.30081,0.00936
2632.33659,0.00889
2631.37236,0.00847
2630.40814,0.00831
2629.44391,0.00847
2628.47968,0.00884
2627.51546,0.00922
2626.55123,0.00946
2625.58701,0.00955
2624.62278,0.00961
2623.65855,0.00977
2622.69433,0.01004
2621.73010,0.01032
2620.76588,0.01050
2619.80165,0.01054
2618.83743,0.01048
2617.87320,0.01035
2616.90897,0.01020
2615.94475,0.01009
2614.98052,0.01006
2614.01630,0.01012
2613.05207,0.01021
2612.08784,0.01031
2611.12362,0.01045
2610.15939,0.01059
2609.19517,0.01065
2608.23094,0.01054
2607.26672,0.01032
2606.30249,0.01019
2605.33826,0.01029
2604.37404,0.01048
2603.40981,0.01043
2602.44559,0.01000
2601.48136,0.00940
2600.51713,0.00906
2599.55291,0.00922
2598.58868,0.00973
2597.62446,0.01026
2596.66023,0.01052
2595.69600,0.01041
2594.73178,0.01002
2593.76755,0.00949
2592.80333,0.00903
2591.83910,0.00882
2590.87488,0.00891
2589.91065,0.00916
2588.94642,0.00935
2587.98220,0.00938
2587.01797,0.00929
2586.05375,0.00918
2585.08952,0.00912
2584.12529,0.00913
2583.16107,0.00914
2582.19684,0.00913
2581.23262,0.00907
2580.26839,0.00900
2579.30417,0.00901
2578.33994,0.00910
2577.37571,0.00918
2576.41149,0.00910
2575.44726,0.00886
2574.48304,0.00864
2573.51881,0.00865
2572.55458,0.00892
2571.59036,0.00930
2570.62613,0.00956
2569.66191,0.00968
2568.69768,0.00972
2567.73345,0.00975
2566.76923,0.00975
2565.80500,0.00976
2564.84078,0.00985
2563.87655,0.01003
2562.91233,0.01018
2561.94810,0.01011
2560.98387,0.00979
2560.01965,0.00943
2559.05542,0.00933
2558.09120,0.00961
2557.12697,0.01012
2556.16274,0.01055
2555.19852,0.01066
2554.23429,0.01041
2553.27007,0.00997
2552.30584,0.00954
2551.34162,0.00925
2550.37739,0.00913
2549.41316,0.00909
2548.44894,0.00910
2547.48471,0.00916
2546.52049,0.00931
2545.55626,0.00949
2544.59203,0.00959
2543.62781,0.00957
2542.66358,0.00951
2541.69936,0.00952
2540.73513,0.00963
2539.77091,0.00973
2538.80668,0.00973
2537.84245,0.00963
2536.87823,0.00957
2535.91400,0.00965
2534.94978,0.00983
2533.98555,0.00999
2533.02132,0.01000
2532.05710,0.00986
2531.09287,0.00967
2530.12865,0.00953
2529.16442,0.00949
2528.20019,0.00951
2527.23597,0.00949
2526.27174,0.00941
2525.30752,0.00934
2524.34329,0.00933
2523.37907,0.00936
2522.41484,0.00937
2521.45061,0.00933
2520.48639,0.00933
2519.52216,0.00945
2518.55794,0.00968
2517.59371,0.00986
2516.62948,0.00990
2515.66526,0.00986
2514.70103,0.00984
2513.73681,0.00989
2512.77258,0.00990
2511.80836,0.00975
2510.84413,0.00944
2509.87990,0.00914
2508.91568,0.00908
2507.95145,0.00934
2506.98723,0.00985
2506.02300,0.01037
2505.05877,0.01064
2504.09455,0.01050
2503.13032,0.01009
2502.16610,0.00970
2501.20187,0.00958
2500.23764,0.00974
2499.27342,0.00995
2498.30919,0.01003
2497.34497,0.00995
2496.38074,0.00986
2495.41652,0.00983
2494.45229,0.00983
2493.48806,0.00980
2492.52384,0.00966
2491.55961,0.00941
2490.59539,0.00911
2489.63116,0.00890
2488.66693,0.00895
2487.70271,0.00930
2486.73848,0.00980
2485.77426,0.01013
2484.81003,0.01008
2483.84581,0.00966
2482.88158,0.00912
2481.91735,0.00869
2480.95313,0.00849
2479.98890,0.00852
2479.02468,0.00876
2478.06045,0.00914
2477.09622,0.00951
2476.13200,0.00969
2475.16777,0.00962
2474.20355,0.00943
2473.23932,0.00928
2472.27510,0.00927
2471.31087,0.00937
2470.34664,0.00950
2469.38242,0.00962
2468.41819,0.00968
2467.45397,0.00961
2466.48974,0.00943
2465.52551,0.00922
2464.56129,0.00909
2463.59706,0.00906
2462.63284,0.00903
2461.66861,0.00890
2460.70438,0.00873
2459.74016,0.00870
2458.77593,0.00892
2457.81171,0.00934
2456.84748,0.00977
2455.88326,0.01010
2454.91903,0.01028
2453.95480,0.01033
2452.99058,0.01026
2452.02635,0.01012
2451.06213,0.01000
2450.09790,0.01000
2449.13367,0.01013
2448.16945,0.01029
2447.20522,0.01037
2446.24100,0.01032
2445.27677,0.01018
2444.31255,0.00997
2443.34832,0.00973
2442.38409,0.00949
2441.41987,0.00934
2440.45564,0.00937
2439.49142,0.00957
2438.52719,0.00980
2437.56296,0.00994
2436.59874,0.00995
2435.63451,0.00991
2434.67029,0.00991
2433.70606,0.00993
2432.74184,0.00988
2431.77761,0.00969
2430.81338,0.00941
2429.84916,0.00917
2428.88493,0.00910
2427.92071,0.00921
2426.95648,0.00944
2425.99225,0.00967
2425.02803,0.00982
2424.06380,0.00984
2423.09958,0.00975
2422.13535,0.00959
2421.17112,0.00944
2420.20690,0.00935
2419.24267,0.00933
2418.27845,0.00936
2417.31422,0.00940
2416.35000,0.00946
2415.38577,0.00958
2414.42154,0.00972
2413.45732,0.00980
2412.49309,0.00977
2411.52887,0.00969
2410.56464,0.00965
2409.60041,0.00974
2408.63619,0.00991
2407.67196,0.01007
2406.70774,0.01015
2405.74351,0.01015
2404.77929,0.01017
2403.81506,0.01023
2402.85083,0.01031
2401.88661,0.01030
2400.92238,0.01018
2399.95816,0.01000
2398.99393,0.00990
2398.02970,0.00997
2397.06548,0.01017
2396.10125,0.01035
2395.13703,0.01037
2394.17280,0.01020
2393.20857,0.00998
2392.24435,0.00985
2391.28012,0.00986
2390.31590,0.01000
2389.35167,0.01020
2388.38745,0.01043
2387.42322,0.01061
2386.45899,0.01059
2385.49477,0.01035
2384.53054,0.01001
2383.56632,0.00985
2382.60209,0.01001
2381.63786,0.01037
2380.67364,0.01062
2379.70941,0.01059
2378.74519,0.01035
2377.78096,0.01012
2376.81674,0.00996
2375.85251,0.00979
2374.88828,0.00949
2373.92406,0.00911
2372.95983,0.00881
2371.99561,0.00871
2371.03138,0.00875
2370.06715,0.00887
2369.10293,0.00910
2368.13870,0.00946
2367.17448,0.00986
2366.21025,0.01009
2365.24603,0.00997
2364.28180,0.00959
2363.31757,0.00922
2362.35335,0.00903
2361.38912,0.00895
2360.42490,0.00876
2359.46067,0.00833
2358.49644,0.00783
2357.53222,0.00760
2356.56799,0.00791
2355.60377,0.00871
2354.63954,0.00966
2353.67531,0.01041
2352.71109,0.01080
2351.74686,0.01089
2350.78264,0.01082
2349.81841,0.01068
2348.85419,0.01048
2347.88996,0.01023
2346.92573,0.00998
2345.96151,0.00974
2344.99728,0.00951
2344.03306,0.00928
2343.06883,0.00913
2342.10460,0.00912
2341.14038,0.00923
2340.17615,0.00927
2339.21193,0.00912
2338.24770,0.00888
2337.28348,0.00880
2336.31925,0.00903
2335.35502,0.00945
2334.39080,0.00976
2333.42657,0.00983
2332.46235,0.00974
2331.49812,0.00966
2330.53389,0.00966
2329.56967,0.00966
2328.60544,0.00957
2327.64122,0.00940
2326.67699,0.00923
2325.71277,0.00914
2324.74854,0.00920
2323.78431,0.00937
2322.82009,0.00961
2321.85586,0.00983
2320.89164,0.00997
2319.92741,0.01000
2318.96318,0.00994
2317.99896,0.00976
2317.03473,0.00946
2316.07051,0.00913
2315.10628,0.00898
2314.14205,0.00917
2313.17783,0.00960
2312.21360,0.01001
2311.24938,0.01011
2310.28515,0.00988
2309.32093,0.00950
2308.35670,0.00918
2307.39247,0.00900
2306.42825,0.00896
2305.46402,0.00909
2304.49980,0.00937
2303.53557,0.00971
2302.57134,0.00992
2301.60712,0.00986
2300.64289,0.00961
2299.67867,0.00941
2298.71444,0.00949
2297.75022,0.00982
2296.78599,0.01017
2295.82176,0.01028
2294.85754,0.01008
2293.89331,0.00971
2292.92909,0.00941
2291.96486,0.00931
2291.00063,0.00939
2290.03641,0.00952
2289.07218,0.00962
2288.10796,0.00968
2287.14373,0.00971
2286.17950,0.00964
2285.21528,0.00938
2284.25105,0.00898
2283.28683,0.00865
2282.32260,0.00860
2281.35838,0.00883
2280.39415,0.00919
2279.42992,0.00951
2278.46570,0.00975
2277.50147,0.00995
2276.53725,0.01008
2275.57302,0.01010
2274.60879,0.01008
2273.64457,0.01017
2272.68034,0.01044
2271.71612,0.01069
2270.75189,0.01059
2269.78767,0.01006
2268.82344,0.00941
2267.85921,0.00901
2266.89499,0.00902
2265.93076,0.00922
2264.96654,0.00937
2264.00231,0.00941
2263.03808,0.00946
2262.07386,0.00961
2261.10963,0.00980
2260.14541,0.00991
2259.18118,0.00990
2258.21696,0.00976
2257.25273,0.00951
2256.28850,0.00925
2255.32428,0.00914
2254.36005,0.00930
2253.39583,0.00969
2252.43160,0.01006
2251.46737,0.01022
2250.50315,0.01029
2249.53892,0.01054
2248.57470,0.01106
2247.61047,0.01161
2246.64624,0.01178
2245.68202,0.01143
2244.71779,0.01079
2243.75357,0.01022
2242.78934,0.00991
2241.82512,0.00980
2240.86089,0.00979
2239.89666,0.00981
2238.93244,0.00984
2237.96821,0.00980
2237.00399,0.00962
2236.03976,0.00934
2235.07553,0.00913
2234.11131,0.00915
2233.14708,0.00940
2232.18286,0.00975
2231.21863,0.01002
2230.25441,0.01013
2229.29018,0.01008
2228.32595,0.00995
2227.36173,0.00985
2226.39750,0.00987
2225.43328,0.00995
2224.46905,0.01001
2223.50482,0.00996
2222.54060,0.00981
2221.57637,0.00965
2220.61215,0.00954
2219.64792,0.00951
2218.68369,0.00956
2217.71947,0.00970
2216.75524,0.00988
2215.79102,0.01001
2214.82679,0.00999
2213.86257,0.00988
2212.89834,0.00991
2211.93411,0.01021
2210.96989,0.01065
2210.00566,0.01095
2209.04144,0.01091
2208.07721,0.01062
2207.11298,0.01031
2206.14876,0.01013
2205.18453,0.01003
2204.22031,0.00997
2203.25608,0.00998
2202.29186,0.01013
2201.32763,0.01034
2200.36340,0.01045
2199.39918,0.01038
2198.43495,0.01019
2197.47073,0.01003
2196.50650,0.00997
2195.54227,0.00992
2194.57805,0.00986
2193.61382,0.00985
2192.64960,0.00997
2191.68537,0.01018
2190.72115,0.01030
2189.75692,0.01021
2188.79269,0.00995
2187.82847,0.00970
2186.86424,0.00961
2185.90002,0.00971
2184.93579,0.00989
2183.97156,0.00999
2183.00734,0.00997
2182.04311,0.00987
2181.07889,0.00980
2180.11466,0.00977
2179.15043,0.00975
2178.18621,0.00972
2177.22198,0.00973
2176.25776,0.00991
2175.29353,0.01026
2174.32931,0.01066
2173.36508,0.01090
2172.40085,0.01092
2171.43663,0.01082
2170.47240,0.01075
2169.50818,0.01072
2168.54395,0.01064
2167.57972,0.01047
2166.61550,0.01030
2165.65127,0.01021
2164.68705,0.01023
2163.72282,0.01029
2162.75860,0.01032
2161.79437,0.01035
2160.83014,0.01038
2159.86592,0.01041
2158.90169,0.01042
2157.93747,0.01041
2156.97324,0.01038
2156.00901,0.01026
2155.04479,0.01000
2154.08056,0.00974
2153.11634,0.00971
2152.15211,0.01006
2151.18789,0.01061
2150.22366,0.01098
2149.25943,0.01094
2148.29521,0.01065
2147.33098,0.01042
2146.36676,0.01043
2145.40253,0.01056
2144.43830,0.01065
2143.47408,0.01065
2142.50985,0.01065
2141.54563,0.01065
2140.58140,0.01056
2139.61717,0.01030
2138.65295,0.00993
2137.68872,0.00962
2136.72450,0.00949
2135.76027,0.00951
2134.79605,0.00962
2133.83182,0.00980
2132.86759,0.01005
2131.90337,0.01033
2130.93914,0.01056
2129.97492,0.01067
2129.01069,0.01064
2128.04646,0.01052
2127.08224,0.01036
2126.11801,0.01021
2125.15379,0.01014
2124.18956,0.01018
2123.22534,0.01032
2122.26111,0.01048
2121.29688,0.01056
2120.33266,0.01049
2119.36843,0.01030
2118.40421,0.01005
2117.43998,0.00989
2116.47575,0.00988
2115.51153,0.01002
2114.54730,0.01022
2113.58308,0.01037
2112.61885,0.01048
2111.65462,0.01059
2110.69040,0.01072
2109.72617,0.01076
2108.76195,0.01063
2107.79772,0.01039
2106.83350,0.01020
2105.86927,0.01016
2104.90504,0.01024
2103.94082,0.01026
2102.97659,0.01011
2102.01237,0.00986
2101.04814,0.00965
2100.08391,0.00962
2099.11969,0.00975
2098.15546,0.00992
2097.19124,0.01001
2096.22701,0.01004
2095.26279,0.01007
2094.29856,0.01016
2093.33433,0.01025
2092.37011,0.01021
2091.40588,0.00997
2090.44166,0.00966
2089.47743,0.00950
2088.51320,0.00959
2087.54898,0.00982
2086.58475,0.01003
2085.62053,0.01017
2084.65630,0.01030
2083.69208,0.01047
2082.72785,0.01059
2081.76362,0.01054
2080.79940,0.01035
2079.83517,0.01017
2078.87095,0.01012
2077.90672,0.01014
2076.94249,0.01014
2075.97827,0.01005
2075.01404,0.00997
2074.04982,0.01001
2073.08559,0.01014
2072.12136,0.01027
2071.15714,0.01025
2070.19291,0.01005
2069.22869,0.00971
2068.26446,0.00937
2067.30024,0.00918
2066.33601,0.00922
2065.37178,0.00945
2064.40756,0.00974
2063.44333,0.00992
2062.47911,0.00997
2061.51488,0.00996
2060.55065,0.01000
2059.58643,0.01013
2058.62220,0.01033
2057.65798,0.01054
2056.69375,0.01065
2055.72953,0.01058
2054.76530,0.01033
2053.80107,0.01004
2052.83685,0.00986
2051.87262,0.00983
2050.90840,0.00987
2049.94417,0.00990
2048.97994,0.00994
2048.01572,0.01009
2047.05149,0.01029
2046.08727,0.01040
2045.12304,0.01034
2044.15882,0.01020
2043.19459,0.01011
2042.23036,0.01008
2041.26614,0.00999
2040.30191,0.00980
2039.33769,0.00962
2038.37346,0.00958
2037.40923,0.00965
2036.44501,0.00964
2035.48078,0.00947
2034.51656,0.00926
2033.55233,0.00921
2032.58810,0.00937
2031.62388,0.00961
2030.65965,0.00976
2029.69543,0.00981
2028.73120,0.00981
2027.76698,0.00981
2026.80275,0.00976
2025.83852,0.00964
2024.87430,0.00950
2023.91007,0.00946
2022.94585,0.00956
2021.98162,0.00982
2021.01739,0.01014
2020.05317,0.01043
2019.08894,0.01057
2018.12472,0.01052
2017.16049,0.01031
2016.19627,0.01001
2015.23204,0.00969
2014.26781,0.00938
2013.30359,0.00912
2012.33936,0.00898
2011.37514,0.00901
2010.41091,0.00913
2009.44668,0.00918
2008.48246,0.00908
2007.51823,0.00890
2006.55401,0.00879
2005.58978,0.00884
2004.62555,0.00900
2003.66133,0.00918
2002.69710,0.00934
2001.73288,0.00949
2000.76865,0.00963
1999.80443,0.00974
1998.84020,0.00985
1997.87597,0.00999
1996.91175,0.01015
1995.94752,0.01029
1994.98330,0.01031
1994.01907,0.01019
1993.05484,0.01000
1992.09062,0.00984
1991.12639,0.00980
1990.16217,0.00991
1989.19794,0.01009
1988.23372,0.01024
1987.26949,0.01025
1986.30526,0.01013
1985.34104,0.01000
1984.37681,0.00996
1983.41259,0.01002
1982.44836,0.01009
1981.48413,0.01009
1980.51991,0.01002
1979.55568,0.00993
1978.59146,0.00987
1977.62723,0.00986
1976.66301,0.00991
1975.69878,0.01003
1974.73455,0.01016
1973.77033,0.01020
1972.80610,0.01009
1971.84188,0.00985
1970.87765,0.00959
1969.91342,0.00940
1968.94920,0.00929
1967.98497,0.00925
1967.02075,0.00929
1966.05652,0.00941
1965.09229,0.00956
1964.12807,0.00967
1963.16384,0.00974
1962.19962,0.00985
1961.23539,0.01003
1960.27117,0.01017
1959.30694,0.01015
1958.34271,0.00994
1957.37849,0.00968
1956.41426,0.00956
1955.45004,0.00962
1954.48581,0.00979
1953.52158,0.00994
1952.55736,0.01001
1951.59313,0.00997
1950.62891,0.00984
1949.66468,0.00970
1948.70046,0.00963
1947.73623,0.00961
1946.77200,0.00951
1945.80778,0.00923
1944.84355,0.00879
1943.87933,0.00842
1942.91510,0.00833
1941.95087,0.00855
1940.98665,0.00896
1940.02242,0.00941
1939.05820,0.00982
1938.09397,0.01014
1937.12974,0.01029
1936.16552,0.01023
1935.20129,0.01001
1934.23707,0.00979
1933.27284,0.00967
1932.30862,0.00966
1931.34439,0.00970
1930.38016,0.00976
1929.41594,0.00985
1928.45171,0.00995
1927.48749,0.01000
1926.52326,0.00991
1925.55903,0.00962
1924.59481,0.00915
1923.63058,0.00858
1922.66636,0.00807
1921.70213,0.00782
1920.73791,0.00794
1919.77368,0.00839
1918.80945,0.00897
1917.84523,0.00944
1916.88100,0.00966
1915.91678,0.00962
1914.95255,0.00941
1913.98832,0.00915
1913.02410,0.00895
1912.05987,0.00888
1911.09565,0.00891
1910.13142,0.00896
1909.16720,0.00896
1908.20297,0.00895
1907.23874,0.00904
1906.27452,0.00923
1905.31029,0.00945
1904.34607,0.00961
1903.38184,0.00967
1902.41761,0.00968
1901.45339,0.00967
1900.48916,0.00966
1899.52494,0.00965
1898.56071,0.00966
1897.59648,0.00968
1896.63226,0.00969
1895.66803,0.00965
1894.70381,0.00961
1893.73958,0.00965
1892.77536,0.00979
1891.81113,0.00998
1890.84690,0.01005
1889.88268,0.00993
1888.91845,0.00970
1887.95423,0.00949
1886.99000,0.00940
1886.02577,0.00943
1885.06155,0.00950
1884.09732,0.00950
1883.13310,0.00943
1882.16887,0.00932
1881.20465,0.00928
1880.24042,0.00934
1879.27619,0.00944
1878.31197,0.00952
1877.34774,0.00957
1876.38352,0.00962
1875.41929,0.00968
1874.45506,0.00965
1873.49084,0.00948
1872.52661,0.00926
1871.56239,0.00916
1870.59816,0.00926
1869.63394,0.00940
1868.66971,0.00939
1867.70548,0.00919
1866.74126,0.00897
1865.77703,0.00887
1864.81281,0.00889
1863.84858,0.00889
1862.88435,0.00887
1861.92013,0.00890
1860.95590,0.00909
1859.99168,0.00938
1859.02745,0.00958
1858.06322,0.00959
1857.09900,0.00943
1856.13477,0.00922
1855.17055,0.00910
1854.20632,0.00913
1853.24210,0.00928
1852.27787,0.00950
1851.31364,0.00964
1850.34942,0.00964
1849.38519,0.00957
1848.42097,0.00962
1847.45674,0.00987
1846.49251,0.01021
1845.52829,0.01043
1844.56406,0.01038
1843.59984,0.01016
1842.63561,0.00997
1841.67139,0.00990
1840.70716,0.00989
1839.74293,0.00983
1838.77871,0.00970
1837.81448,0.00957
1836.85026,0.00952
1835.88603,0.00959
1834.92180,0.00974
1833.95758,0.00992
1832.99335,0.01003
1832.02913,0.01001
1831.06490,0.00984
1830.10067,0.00955
1829.13645,0.00928
1828.17222,0.00914
1827.20800,0.00920
1826.24377,0.00938
1825.27955,0.00956
1824.31532,0.00960
1823.35109,0.00952
1822.38687,0.00943
1821.42264,0.00943
1820.45842,0.00950
1819.49419,0.00954
1818.52996,0.00947
1817.56574,0.00937
1816.60151,0.00939
1815.63729,0.00962
1814.67306,0.00999
1813.70884,0.01033
1812.74461,0.01047
1811.78038,0.01039
1810.81616,0.01019
1809.85193,0.01002
1808.88771,0.01001
1807.92348,0.01020
1806.95925,0.01046
1805.99503,0.01062
1805.03080,0.01057
1804.06658,0.01033
1803.10235,0.01007
1802.13813,0.00997
1801.17390,0.01005
1800.20967,0.01023
1799.24545,0.01035
1798.28122,0.01030
1797.31700,0.01008
1796.35277,0.00979
1795.38854,0.00962
1794.42432,0.00967
1793.46009,0.00992
1792.49587,0.01019
1791.53164,0.01030
1790.56741,0.01024
1789.60319,0.01014
1788.63896,0.01014
1787.67474,0.01028
1786.71051,0.01049
1785.74629,0.01068
1784.78206,0.01076
1783.81783,0.01069
1782.85361,0.01050
1781.88938,0.01025
1780.92516,0.01007
1779.96093,0.01001
1778.99670,0.01002
1778.03248,0.01002
1777.06825,0.00995
1776.10403,0.00986
1775.13980,0.00981
1774.17558,0.00983
1773.21135,0.00991
1772.24712,0.01004
1771.28290,0.01026
1770.31867,0.01053
1769.35445,0.01077
1768.39022,0.01088
1767.42599,0.01085
1766.46177,0.01075
1765.49754,0.01062
1764.53332,0.01045
1763.56909,0.01027
1762.60487,0.01014
1761.64064,0.01013
1760.67641,0.01026
1759.71219,0.01046
1758.74796,0.01065
1757.78374,0.01078
1756.81951,0.01091
1755.85528,0.01108
1754.89106,0.01128
1753.92683,0.01146
1752.96261,0.01151
1751.99838,0.01140
1751.03415,0.01117
1750.06993,0.01098
1749.10570,0.01097
1748.14148,0.01119
1747.17725,0.01156
1746.21303,0.01194
1745.24880,0.01225
1744.28457,0.01246
1743.32035,0.01252
1742.35612,0.01238
1741.39190,0.01205
1740.42767,0.01168
1739.46344,0.01147
1738.49922,0.01156
1737.53499,0.01191
1736.57077,0.01236
1735.60654,0.01277
1734.64232,0.01304
1733.67809,0.01316
1732.71386,0.01319
1731.74964,0.01318
1730.78541,0.01316
1729.82119,0.01314
1728.85696,0.01312
1727.89273,0.01310
1726.92851,0.01309
1725.96428,0.01302
1725.00006,0.01284
1724.03583,0.01258
1723.07160,0.01239
1722.10738,0.01243
1721.14315,0.01273
1720.17893,0.01312
1719.21470,0.01340
1718.25048,0.01351
1717.28625,0.01355
1716.32202,0.01366
1715.35780,0.01386
1714.39357,0.01407
1713.42935,0.01420
1712.46512,0.01421
1711.50089,0.01412
1710.53667,0.01395
1709.57244,0.01378
1708.60822,0.01374
1707.64399,0.01384
1706.67977,0.01402
1705.71554,0.01411
1704.75131,0.01412
1703.78709,0.01412
1702.82286,0.01423
1701.85864,0.01437
1700.89441,0.01445
1699.93018,0.01445
1698.96596,0.01453
1698.00173,0.01480
1697.03751,0.01520
1696.07328,0.01547
1695.10906,0.01547
1694.14483,0.01529
1693.18060,0.01515
1692.21638,0.01523
1691.25215,0.01550
1690.28793,0.01582
1689.32370,0.01604
1688.35947,0.01613
1687.39525,0.01612
1686.43102,0.01615
1685.46680,0.01630
1684.50257,0.01654
1683.53834,0.01677
1682.57412,0.01683
1681.60989,0.01666
1680.64567,0.01632
1679.68144,0.01593
1678.71722,0.01566
1677.75299,0.01562
1676.78876,0.01587
1675.82454,0.01632
1674.86031,0.01677
1673.89609,0.01700
1672.93186,0.01697
1671.96763,0.01679
1671.00341,0.01665
1670.03918,0.01669
1669.07496,0.01692
1668.11073,0.01727
1667.14651,0.01762
1666.18228,0.01780
1665.21805,0.01771
1664.25383,0.01738
1663.28960,0.01699
1662.32538,0.01680
1661.36115,0.01692
1660.39692,0.01726
1659.43270,0.01761
1658.46847,0.01785
1657.50425,0.01794
1656.54002,0.01787
1655.57579,0.01761
1654.61157,0.01717
1653.64734,0.01667
1652.68312,0.01630
1651.71889,0.01618
1650.75467,0.01625
1649.79044,0.01643
1648.82621,0.01668
1647.86199,0.01700
1646.89776,0.01730
1645.93354,0.01741
1644.96931,0.01728
1644.00508,0.01705
1643.04086,0.01695
1642.07663,0.01708
1641.11241,0.01731
1640.14818,0.01739
1639.18396,0.01724
1638.21973,0.01700
1637.25550,0.01688
1636.29128,0.01693
1635.32705,0.01698
1634.36283,0.01687
1633.39860,0.01661
1632.43437,0.01637
1631.47015,0.01627
1630.50592,0.01628
1629.54170,0.01624
1628.57747,0.01603
1627.61325,0.01570
1626.64902,0.01545
1625.68479,0.01542
1624.72057,0.01563
1623.75634,0.01599
1622.79212,0.01629
1621.82789,0.01638
1620.86366,0.01617
1619.89944,0.01573
1618.93521,0.01521
1617.97099,0.01479
1617.00676,0.01455
1616.04253,0.01444
1615.07831,0.01436
1614.11408,0.01425
1613.14986,0.01410
1612.18563,0.01394
1611.22141,0.01381
1610.25718,0.01377
1609.29295,0.01384
1608.32873,0.01397
1607.36450,0.01404
1606.40028,0.01393
1605.43605,0.01367
1604.47182,0.01341
1603.50760,0.01330
1602.54337,0.01333
1601.57915,0.01338
1600.61492,0.01335
1599.65070,0.01321
1598.68647,0.01300
1597.72224,0.01273
1596.75802,0.01244
1595.79379,0.01219
1594.82957,0.01208
1593.86534,0.01218
1592.90111,0.01243
1591.93689,0.01267
1590.97266,0.01274
1590.00844,0.01254
1589.04421,0.01208
1588.07999,0.01151
1587.11576,0.01102
1586.15153,0.01079
1585.18731,0.01086
1584.22308,0.01113
1583.25886,0.01141
1582.29463,0.01164
1581.33040,0.01183
1580.36618,0.01201
1579.40195,0.01214
1578.43773,0.01208
1577.47350,0.01183
1576.50927,0.01145
1575.54505,0.01107
1574.58082,0.01078
1573.61660,0.01063
1572.65237,0.01066
1571.68815,0.01090
1570.72392,0.01130
1569.75969,0.01171
1568.79547,0.01192
1567.83124,0.01187
1566.86702,0.01162
1565.90279,0.01130
1564.93856,0.01102
1563.97434,0.01088
1563.01011,0.01091
1562.04589,0.01110
1561.08166,0.01135
1560.11744,0.01157
1559.15321,0.01172
1558.18898,0.01182
1557.22476,0.01180
1556.26053,0.01155
1555.29631,0.01104
1554.33208,0.01047
1553.36785,0.01014
1552.40363,0.01023
1551.43940,0.01061
1550.47518,0.01093
1549.51095,0.01098
1548.54672,0.01083
1547.58250,0.01070
1546.61827,0.01075
1545.65405,0.01093
1544.68982,0.01109
1543.72560,0.01116
1542.76137,0.01114
1541.79714,0.01108
1540.83292,0.01098
1539.86869,0.01082
1538.90447,0.01061
1537.94024,0.01045
1536.97601,0.01039
1536.01179,0.01043
1535.04756,0.01051
1534.08334,0.01059
1533.11911,0.01062
1532.15489,0.01059
1531.19066,0.01053
1530.22643,0.01047
1529.26221,0.01042
1528.29798,0.01041
1527.33376,0.01038
1526.36953,0.01029
1525.40530,0.01015
1524.44108,0.01007
1523.47685,0.01019
1522.51263,0.01051
1521.54840,0.01087
1520.58418,0.01105
1519.61995,0.01093
1518.65572,0.01059
1517.69150,0.01023
1516.72727,0.00997
1515.76305,0.00983
1514.79882,0.00975
1513.83459,0.00973
1512.87037,0.00977
1511.90614,0.00987
1510.94192,0.01002
1509.97769,0.01024
1509.01346,0.01052
1508.04924,0.01079
1507.08501,0.01091
1506.12079,0.01071
1505.15656,0.01022
1504.19234,0.00967
1503.22811,0.00935
1502.26388,0.00938
1501.29966,0.00967
1500.33543,0.01000
1499.37121,0.01017
1498.40698,0.01009
1497.44275,0.00982
1496.47853,0.00950
1495.51430,0.00929
1494.55008,0.00923
1493.58585,0.00919
1492.62163,0.00901
1491.65740,0.00874
1490.69317,0.00865
1489.72895,0.00897
1488.76472,0.00960
1487.80050,0.01011
1486.83627,0.01006
1485.87204,0.00941
1484.90782,0.00852
1483.94359,0.00784
1482.97937,0.00758
1482.01514,0.00769
1481.05092,0.00803
1480.08669,0.00851
1479.12246,0.00898
1478.15824,0.00921
1477.19401,0.00905
1476.22979,0.00855
1475.26556,0.00801
1474.30133,0.00770
1473.33711,0.00772
1472.37288,0.00792
1471.40866,0.00816
1470.44443,0.00834
1469.48020,0.00843
1468.51598,0.00840
1467.55175,0.00823
1466.58753,0.00801
1465.62330,0.00779
1464.65908,0.00756
1463.69485,0.00723
1462.73062,0.00684
1461.76640,0.00661
1460.80217,0.00676
1459.83795,0.00719
1458.87372,0.00754
1457.90949,0.00754
1456.94527,0.00720
1455.98104,0.00677
1455.01682,0.00640
1454.05259,0.00602
1453.08837,0.00563
1452.12414,0.00536
1451.15991,0.00534
1450.19569,0.00548
1449.23146,0.00547
1448.26724,0.00514
1447.30301,0.00468
1446.33878,0.00446
1445.37456,0.00464
1444.41033,0.00513
1443.44611,0.00570
1442.48188,0.00625
1441.51765,0.00665
1440.55343,0.00683
1439.58920,0.00676
1438.62498,0.00665
1437.66075,0.00676
1436.69653,0.00718
1435.73230,0.00767
1434.76807,0.00795
1433.80385,0.00803
1432.83962,0.00814
1431.87540,0.00847
1430.91117,0.00887
1429.94694,0.00903
1428.98272,0.00880
1428.01849,0.00837
1427.05427,0.00802
1426.09004,0.00788
1425.12582,0.00790
1424.16159,0.00804
1423.19736,0.00843
1422.23314,0.00916
1421.26891,0.01006
1420.30469,0.01062
1419.34046,0.01031
1418.37623,0.00907
1417.41201,0.00743
1416.44778,0.00615
1415.48356,0.00563
1414.51933,0.00575
1413.55511,0.00607
1412.59088,0.00628
1411.62665,0.00641
1410.66243,0.00664
1409.69820,0.00705
1408.73398,0.00745
1407.76975,0.00756
1406.80552,0.00727
1405.84130,0.00670
1404.87707,0.00611
1403.91285,0.00577
1402.94862,0.00577
1401.98439,0.00599
1401.02017,0.00622
1400.05594,0.00628
1399.09172,0.00619
1398.12749,0.00606
1397.16327,0.00603
1396.19904,0.00609
1395.23481,0.00616
1394.27059,0.00616
1393.30636,0.00609
1392.34214,0.00594
1391.37791,0.00573
1390.41368,0.00554
1389.44946,0.00551
1388.48523,0.00572
1387.52101,0.00606
1386.55678,0.00635
1385.59256,0.00647
1384.62833,0.00651
1383.66410,0.00656
1382.69988,0.00654
1381.73565,0.00628
1380.77143,0.00578
1379.80720,0.00532
1378.84297,0.00529
1377.87875,0.00579
1376.91452,0.00660
1375.95030,0.00730
1374.98607,0.00765
1374.02184,0.00768
1373.05762,0.00761
1372.09339,0.00766
1371.12917,0.00786
1370.16494,0.00805
1369.20072,0.00802
1368.23649,0.00773
1367.27226,0.00736
1366.30804,0.00712
1365.34381,0.00707
1364.37959,0.00706
1363.41536,0.00698
1362.45113,0.00696
1361.48691,0.00713
1360.52268,0.00741
1359.55846,0.00751
1358.59423,0.00728
1357.63001,0.00690
1356.66578,0.00673
1355.70155,0.00688
1354.73733,0.00711
1353.77310,0.00717
1352.80888,0.00711
1351.84465,0.00723
1350.88042,0.00765
1349.91620,0.00817
1348.95197,0.00840
1347.98775,0.00821
1347.02352,0.00780
1346.05930,0.00755
1345.09507,0.00765
1344.13084,0.00801
1343.16662,0.00828
1342.20239,0.00812
1341.23817,0.00745
1340.27394,0.00660
1339.30971,0.00605
1338.34549,0.00603
1337.38126,0.00633
1336.41704,0.00655
1335.45281,0.00653
1334.48858,0.00646
1333.52436,0.00662
1332.56013,0.00704
1331.59591,0.00754
1330.63168,0.00799
1329.66746,0.00835
1328.70323,0.00854
1327.73900,0.00839
1326.77478,0.00782
1325.81055,0.00707
1324.84633,0.00657
1323.88210,0.00654
1322.91787,0.00674
1321.95365,0.00677
1320.98942,0.00650
1320.02520,0.00609
1319.06097,0.00577
1318.09675,0.00563
1317.13252,0.00565
1316.16829,0.00589
1315.20407,0.00645
1314.23984,0.00727
1313.27562,0.00808
1312.31139,0.00856
1311.34716,0.00854
1310.38294,0.00812
1309.41871,0.00760
1308.45449,0.00734
1307.49026,0.00751
1306.52604,0.00795
1305.56181,0.00816
1304.59758,0.00777
1303.63336,0.00689
1302.66913,0.00606
1301.70491,0.00574
1300.74068,0.00590
1299.77645,0.00611
1298.81223,0.00602
1297.84800,0.00561
1296.88378,0.00503
1295.91955,0.00443
1294.95532,0.00390
1293.99110,0.00366
1293.02687,0.00392
1292.06265,0.00470
1291.09842,0.00569
1290.13420,0.00653
1289.16997,0.00705
1288.20574,0.00730
1287.24152,0.00739
1286.27729,0.00742
1285.31307,0.00746
1284.34884,0.00762
1283.38461,0.00790
1282.42039,0.00816
1281.45616,0.00827
1280.49194,0.00830
1279.52771,0.00838
1278.56349,0.00847
1277.59926,0.00834
1276.63503,0.00782
1275.67081,0.00712
1274.70658,0.00665
1273.74236,0.00664
1272.77813,0.00692
1271.81390,0.00713
1270.84968,0.00715
1269.88545,0.00711
1268.92123,0.00720
1267.95700,0.00731
1266.99277,0.00718
1266.02855,0.00666
1265.06432,0.00596
1264.10010,0.00548
1263.13587,0.00549
1262.17165,0.00591
1261.20742,0.00639
1260.24319,0.00661
1259.27897,0.00657
1258.31474,0.00649
1257.35052,0.00657
1256.38629,0.00678
1255.42206,0.00692
1254.45784,0.00686
1253.49361,0.00669
1252.52939,0.00657
1251.56516,0.00656
1250.60094,0.00653
1249.63671,0.00638
1248.67248,0.00606
1247.70826,0.00566
1246.74403,0.00525
1245.77981,0.00495
1244.81558,0.00492
1243.85135,0.00525
1242.88713,0.00581
1241.92290,0.00628
1240.95868,0.00644
1239.99445,0.00630
1239.03023,0.00609
1238.06600,0.00594
1237.10177,0.00578
1236.13755,0.00549
1235.17332,0.00513
1234.20910,0.00487
1233.24487,0.00485
1232.28064,0.00510
1231.31642,0.00556
1230.35219,0.00618
1229.38797,0.00675
1228.42374,0.00693
1227.45951,0.00646
1226.49529,0.00541
1225.53106,0.00421
1224.56684,0.00337
1223.60261,0.00315
1222.63839,0.00349
1221.67416,0.00425
1220.70993,0.00534
1219.74571,0.00659
1218.78148,0.00769
1217.81726,0.00829
1216.85303,0.00821
1215.88880,0.00754
1214.92458,0.00659
1213.96035,0.00569
1212.99613,0.00508
1212.03190,0.00484
1211.06768,0.00479
1210.10345,0.00466
1209.13922,0.00425
1208.17500,0.00370
1207.21077,0.00335
1206.24655,0.00345
1205.28232,0.00390
1204.31809,0.00438
1203.35387,0.00464
1202.38964,0.00464
1201.42542,0.00440
1200.46119,0.00390
1199.49697,0.00322
1198.53274,0.00266
1197.56851,0.00263
1196.60429,0.00332
1195.64006,0.00445
1194.67584,0.00545
1193.71161,0.00595
1192.74738,0.00591
1191.78316,0.00549
1190.81893,0.00482
1189.85471,0.00402
1188.89048,0.00329
1187.92625,0.00294
1186.96203,0.00312
1185.99780,0.00361
1185.03358,0.00399
1184.06935,0.00404
1183.10513,0.00387
1182.14090,0.00375
1181.17667,0.00375
1180.21245,0.00368
1179.24822,0.00341
1178.28400,0.00314
1177.31977,0.00316
1176.35554,0.00346
1175.39132,0.00364
1174.42709,0.00333
1173.46287,0.00260
1172.49864,0.00192
1171.53442,0.00164
1170.57019,0.00168
1169.60596,0.00179
1168.64174,0.00193
1167.67751,0.00240
1166.71329,0.00343
1165.74906,0.00479
1164.78483,0.00593
1163.82061,0.00654
1162.85638,0.00674
1161.89216,0.00685
1160.92793,0.00696
1159.96370,0.00690
1158.99948,0.00648
1158.03525,0.00568
1157.07103,0.00458
1156.10680,0.00330
1155.14258,0.00199
1154.17835,0.00094
1153.21412,0.00050
1152.24990,0.00082
1151.28567,0.00175
1150.32145,0.00298
1149.35722,0.00425
1148.39299,0.00527
1147.42877,0.00573
1146.46454,0.00527
1145.50032,0.00379
1144.53609,0.00163
1143.57187,-0.00054
1142.60764,-0.00212
1141.64341,-0.00285
1140.67919,-0.00277
1139.71496,-0.00206
1138.75074,-0.00094
1137.78651,0.00031
1136.82228,0.00140
1135.85806,0.00205
1134.89383,0.00222
1133.92961,0.00215
1132.96538,0.00229
1132.00116,0.00303
1131.03693,0.00437
1130.07270,0.00584
1129.10848,0.00678
1128.14425,0.00675
1127.18003,0.00583
1126.21580,0.00456
1125.25157,0.00360
1124.28735,0.00331
1123.32312,0.00346
1122.35890,0.00339
1121.39467,0.00245
1120.43044,0.00071
1119.46622,-0.00085
1118.50199,-0.00100
1117.53777,0.00054
1116.57354,0.00266
1115.60932,0.00365
1114.64509,0.00272
1113.68086,0.00073
1112.71664,-0.00067
1111.75241,-0.00045
1110.78819,0.00106
1109.82396,0.00286
1108.85973,0.00435
1107.89551,0.00560
1106.93128,0.00678
1105.96706,0.00755
1105.00283,0.00715
1104.03861,0.00519
1103.07438,0.00213
1102.11015,-0.00088
1101.14593,-0.00277
1100.18170,-0.00326
1099.21748,-0.00291
1098.25325,-0.00255
1097.28902,-0.00257
1096.32480,-0.00259
1095.36057,-0.00198
1094.39635,-0.00063
1093.43212,0.00082
1092.46790,0.00174
1091.50367,0.00207
1090.53944,0.00234
1089.57522,0.00285
1088.61099,0.00326
1087.64677,0.00312
1086.68254,0.00260
1085.71831,0.00236
1084.75409,0.00280
1083.78986,0.00354
1082.82564,0.00398
1081.86141,0.00405
1080.89718,0.00418
1079.93296,0.00455
1078.96873,0.00472
1078.00451,0.00429
1077.04028,0.00373
1076.07606,0.00417
1075.11183,0.00615
1074.14760,0.00884
1073.18338,0.01071
1072.21915,0.01089
1071.25493,0.00974
1070.29070,0.00820
1069.32647,0.00686
1068.36225,0.00578
1067.39802,0.00498
1066.43380,0.00472
1065.46957,0.00517
1064.50535,0.00607
1063.54112,0.00699
1062.57689,0.00769
1061.61267,0.00820
1060.64844,0.00852
1059.68422,0.00847
1058.71999,0.00794
1057.75576,0.00718
1056.79154,0.00658
1055.82731,0.00627
1054.86309,0.00604
1053.89886,0.00570
1052.93463,0.00534
1051.97041,0.00509
1051.00618,0.00486
1050.04196,0.00442
1049.07773,0.00389
1048.11351,0.00374
1047.14928,0.00429
1046.18505,0.00530
1045.22083,0.00623
1044.25660,0.00683
1043.29238,0.00736
1042.32815,0.00799
1041.36392,0.00840
1040.39970,0.00809
1039.43547,0.00705
1038.47125,0.00586
1037.50702,0.00504
1036.54280,0.00441
1035.57857,0.00351
1034.61434,0.00237
1033.65012,0.00175
1032.68589,0.00236
1031.72167,0.00395
1030.75744,0.00542
1029.79321,0.00573
1028.82899,0.00470
1027.86476,0.00299
1026.90054,0.00148
1025.93631,0.00083
1024.97209,0.00134
1024.00786,0.00290
1023.04363,0.00498
1022.07941,0.00683
1021.11518,0.00796
1020.15096,0.00847
1019.18673,0.00882
1018.22250,0.00920
1017.25828,0.00926
1016.29405,0.00845
1015.32983,0.00663
1014.36560,0.00422
1013.40137,0.00201
1012.43715,0.00066
1011.47292,0.00053
1010.50870,0.00160
1009.54447,0.00348
1008.58025,0.00554
1007.61602,0.00705
1006.65179,0.00755
1005.68757,0.00699
1004.72334,0.00573
1003.75912,0.00443
1002.79489,0.00370
1001.83066,0.00370
1000.86644,0.00403
999.90221,0.00393
998.93799,0.00294
997.97376,0.00130
997.00954,-0.00019
996.04531,-0.00072
995.08108,0.00002
994.11686,0.00170
993.15263,0.00355
992.18841,0.00463
991.22418,0.00429
990.25995,0.00264
989.29573,0.00052
988.33150,-0.00110
987.36728,-0.00185
986.40305,-0.00206
985.43882,-0.00212
984.47460,-0.00191
983.51037,-0.00113
982.54615,0.00004
981.58192,0.00091
980.61770,0.00117
979.65347,0.00146
978.68924,0.00267
977.72502,0.00464
976.76079,0.00587
975.79657,0.00489
974.83234,0.00194
973.86811,-0.00098
972.90389,-0.00178
971.93966,-0.00016
970.97544,0.00219
970.01121,0.00326
969.04699,0.00238
968.08276,0.00053
967.11853,-0.00083
966.15431,-0.00113
965.19008,-0.00094
964.22586,-0.00119
963.26163,-0.00209
962.29740,-0.00296
961.33318,-0.00307
960.36895,-0.00222
959.40473,-0.00074
958.44050,0.00098
957.47628,0.00263
956.51205,0.00370
955.54782,0.00353
954.58360,0.00188
953.61937,-0.00041
952.65515,-0.00185
951.69092,-0.00149
950.72669,0.00018
949.76247,0.00179
948.79824,0.00228
947.83402,0.00153
946.86979,0.00006
945.90556,-0.00166
944.94134,-0.00320
943.97711,-0.00399
943.01289,-0.00338
942.04866,-0.00121
941.08444,0.00184
940.12021,0.00447
939.15598,0.00541
938.19176,0.00395
937.22753,0.00022
936.26331,-0.00462
935.29908,-0.00862
934.33485,-0.00992
933.37063,-0.00793
932.40640,-0.00395
931.44218,-0.00033
930.47795,0.00126
929.51373,0.00080
928.54950,-0.00029
927.58527,-0.00045
926.62105,0.00086
925.65682,0.00296
924.69260,0.00461
923.72837,0.00498
922.76414,0.00411
921.79992,0.00258
920.83569,0.00079
919.87147,-0.00118
918.90724,-0.00306
917.94302,-0.00397
916.97879,-0.00305
916.01456,-0.00067
915.05034,0.00144
914.08611,0.00169
913.12189,0.00036
912.15766,-0.00065
911.19343,0.00005
910.22921,0.00174
909.26498,0.00244
908.30076,0.00129
907.33653,-0.00054
906.37230,-0.00132
905.40808,-0.00066
904.44385,0.00052
903.47963,0.00136
902.51540,0.00179
901.55118,0.00176
900.58695,0.00060
899.62272,-0.00227
898.65850,-0.00600
897.69427,-0.00848
896.73005,-0.00805
895.76582,-0.00505
894.80159,-0.00130
893.83737,0.00171
892.87314,0.00388
891.90892,0.00574
890.94469,0.00703
889.98047,0.00658
889.01624,0.00354
888.05201,-0.00154
887.08779,-0.00687
886.12356,-0.01064
885.15934,-0.01213
884.19511,-0.01178
883.23088,-0.01046
882.26666,-0.00880
881.30243,-0.00727
880.33821,-0.00646
879.37398,-0.00682
878.40975,-0.00804
877.44553,-0.00891
876.48130,-0.00832
875.51708,-0.00636
874.55285,-0.00415
873.58863,-0.00242
872.62440,-0.00081
871.66017,0.00120
870.69595,0.00292
869.73172,0.00287
868.76750,0.00082
867.80327,-0.00130
866.83904,-0.00130
865.87482,0.00043
864.91059,0.00096
863.94637,-0.00205
862.98214,-0.00743
862.01792,-0.01151
861.05369,-0.01184
860.08946,-0.00936
859.12524,-0.00666
858.16101,-0.00488
857.19679,-0.00304
856.23256,-0.00013
855.26833,0.00329
854.30411,0.00570
853.33988,0.00638
852.37566,0.00585
851.41143,0.00471
850.44721,0.00287
849.48298,0.00017
848.51875,-0.00272
847.55453,-0.00448
846.59030,-0.00432
845.62608,-0.00258
844.66185,-0.00001
843.69762,0.00301
842.73340,0.00632
841.76917,0.00919
840.80495,0.01020
839.84072,0.00830
838.87649,0.00387
837.91227,-0.00133
836.94804,-0.00521
835.98382,-0.00659
835.01959,-0.00561
834.05537,-0.00311
833.09114,0.00014
832.12691,0.00363
831.16269,0.00687
830.19846,0.00919
829.23424,0.01008
828.27001,0.00967
827.30578,0.00867
826.34156,0.00758
825.37733,0.00617
824.41311,0.00377
823.44888,0.00028
822.48466,-0.00329
821.52043,-0.00528
820.55620,-0.00461
819.59198,-0.00173
818.62775,0.00163
817.66353,0.00336
816.69930,0.00231
815.73507,-0.00075
814.77085,-0.00321
813.80662,-0.00262
812.84240,0.00119
811.87817,0.00583
810.91395,0.00847
809.94972,0.00813
808.98549,0.00593
808.02127,0.00337
807.05704,0.00094
806.09282,-0.00140
805.12859,-0.00292
804.16436,-0.00230
803.20014,0.00072
802.23591,0.00449
801.27169,0.00678
800.30746,0.00667
799.34323,0.00485
798.37901,0.00233
797.41478,-0.00030
796.45056,-0.00238
795.48633,-0.00272
794.52211,-0.00062
793.55788,0.00292
792.59365,0.00568
791.62943,0.00635
790.66520,0.00570
789.70098,0.00533
788.73675,0.00561
787.77252,0.00532
786.80830,0.00345
785.84407,0.00059
784.87985,-0.00173
783.91562,-0.00267
782.95140,-0.00253
781.98717,-0.00189
781.02294,-0.00105
780.05872,-0.00040
779.09449,-0.00071
778.13027,-0.00233
777.16604,-0.00425
776.20181,-0.00458
775.23759,-0.00245
774.27336,0.00086
773.30914,0.00280
772.34491,0.00185
771.38068,-0.00123
770.41646,-0.00405
769.45223,-0.00452
768.48801,-0.00244
767.52378,0.00049
766.55956,0.00204
765.59533,0.00108
764.63110,-0.00152
763.66688,-0.00370
762.70265,-0.00390
761.73843,-0.00219
760.77420,-0.00004
759.80997,0.00116
758.84575,0.00107
757.88152,0.00025
756.91730,-0.00050
755.95307,-0.00064
754.98885,-0.00011
754.02462,0.00059
753.06039,0.00080
752.09617,0.00047
751.13194,0.00053
750.16772,0.00230
749.20349,0.00599
748.23926,0.01004
747.27504,0.01231
746.31081,0.01196
745.34659,0.01005
744.38236,0.00812
743.41814,0.00668
742.45391,0.00514
741.48968,0.00301
740.52546,0.00050
739.56123,-0.00180
738.59701,-0.00365
737.63278,-0.00509
736.66855,-0.00599
735.70433,-0.00620
734.74010,-0.00587
733.77588,-0.00536
732.81165,-0.00465
731.84742,-0.00323
730.88320,-0.00079
729.91897,0.00196
728.95475,0.00364
727.99052,0.00326
727.02630,0.00090
726.06207,-0.00261
725.09784,-0.00634
724.13362,-0.00934
723.16939,-0.01045
722.20517,-0.00868
721.24094,-0.00418
720.27671,0.00148
719.31249,0.00623
718.34826,0.00868
717.38404,0.00855
716.41981,0.00648
715.45559,0.00351
714.49136,0.00065
713.52713,-0.00150
712.56291,-0.00279
711.59868,-0.00334
710.63446,-0.00325
709.67023,-0.00248
708.70600,-0.00107
707.74178,0.00070
706.77755,0.00243
705.81333,0.00375
704.84910,0.00439
703.88487,0.00410
702.92065,0.00301
701.95642,0.00188
700.99220,0.00184
700.02797,0.00352
699.06375,0.00641
698.09952,0.00928
697.13529,0.01114
696.17107,0.01192
695.20684,0.01195
694.24262,0.01130
693.27839,0.00982
692.31416,0.00764
691.34994,0.00514
690.38571,0.00253
689.42149,-0.00026
688.45726,-0.00289
687.49304,-0.00427
686.52881,-0.00350
685.56458,-0.00120
684.60036,0.00069
683.63613,0.00095
682.67191,0.00042
681.70768,0.00104
680.74345,0.00355
679.77923,0.00655
678.81500,0.00817
677.85078,0.00819
676.88655,0.00808
675.92233,0.00904
674.95810,0.01059
673.99387,0.01112
673.02965,0.00965
672.06542,0.00672
671.10120,0.00386
670.13697,0.00232
669.17274,0.00230
668.20852,0.00278
667.24429,0.00192
666.28007,-0.00143
665.31584,-0.00629
664.35161,-0.01013
663.38739,-0.01061
662.42316,-0.00716
661.45894,-0.00138
660.49471,0.00431
659.53049,0.00835
658.56626,0.01033
657.60203,0.01027
656.63781,0.00828
655.67358,0.00503
654.70936,0.00175
653.74513,-0.00051
652.78090,-0.00161
651.81668,-0.00217
650.85245,-0.00265
649.88823,-0.00282
648.92400,-0.00227
647.95978,-0.00104
646.99555,0.00040
646.03132,0.00166
645.06710,0.00245
644.10287,0.00221
643.13865,0.00023
642.17442,-0.00339
641.21019,-0.00716
640.24597,-0.00902
639.28174,-0.00816
638.31752,-0.00581
637.35329,-0.00412
636.38907,-0.00409
635.42484,-0.00479
634.46061,-0.00424
633.49639,-0.00119
632.53216,0.00387
631.56794,0.00913
630.60371,0.01267
629.63948,0.01334
628.67526,0.01114
627.71103,0.00753
626.74681,0.00503
625.78258,0.00563
624.81835,0.00919
623.85413,0.01335
622.88990,0.01543
621.92568,0.01449
620.96145,0.01142
619.99723,0.00744
619.03300,0.00313
618.06877,-0.00088
617.10455,-0.00307
616.14032,-0.00202
615.17610,0.00128
614.21187,0.00324
613.24764,0.00070
612.28342,-0.00545
611.31919,-0.01053
610.35497,-0.01022
609.39074,-0.00455
608.42652,0.00257
607.46229,0.00738
606.49806,0.00899
605.53384,0.00780
604.56961,0.00364
603.60539,-0.00280
602.64116,-0.00818
601.67693,-0.00848
600.71271,-0.00382
599.74848,0.00060
598.78426,0.00034
597.82003,-0.00269
596.85580,-0.00288
595.89158,0.00095
594.92735,0.00166
593.96313,-0.00837
592.99890,-0.02611
592.03468,-0.03854
591.07045,-0.03475
590.10622,-0.01628
589.14200,0.00429
588.17777,0.01487
587.21355,0.01378
586.24932,0.00823
585.28509,0.00524
584.32087,0.00605
583.35664,0.00805
582.39242,0.00944
581.42819,0.01112
580.46397,0.01509
579.49974,0.02096
578.53551,0.02512
577.57129,0.02313
576.60706,0.01401
575.64284,0.00204
574.67861,-0.00573
573.71438,-0.00489
572.75016,0.00348
571.78593,0.01444
570.82171,0.02370
569.85748,0.03043
568.89326,0.03473
567.92903,0.03529
566.96480,0.02998
566.00058,0.01929
565.03635,0.00703
564.07213,-0.00356
563.10790,-0.01240
562.14367,-0.02001
561.17945,-0.02467
560.21522,-0.02380
559.25100,-0.01828
558.28677,-0.01361
557.32254,-0.01422
556.35832,-0.01787
555.39409,-0.01764
554.42987,-0.00763
553.46564,0.01337
552.50142,0.04335
551.53719,0.07830
550.57296,0.10958
549.60874,0.12472
548.64451,0.11662
547.68029,0.09454
546.71606,0.07465
545.75183,0.06656
544.78761,0.07045
543.82338,0.08293
542.85916,0.10571
541.89493,0.13935
540.93071,0.16812
539.96648,0.17610
539.00225,0.15815
538.03803,0.13808
537.07380,0.13786
536.10958,0.14757
535.14535,0.14197
534.18112,0.11009
533.21690,0.06307
532.25267,0.02509
531.28845,0.01121
530.32422,0.01039
529.36000,-0.00255
528.39577,-0.04908
527.43154,-0.12246
526.46732,-0.20064
525.50309,-0.24722
524.53887,-0.23015
523.57464,-0.14598
522.61041,-0.01469
521.64619,0.10891
520.68196,0.19181
519.71774,0.22841
518.75351,0.21844
517.78928,0.17712
516.82506,0.14220
515.86083,0.14500
514.89661,0.16609
513.93238,0.16900
512.96816,0.15686
512.00393,0.14456
511.03970,0.13987
510.07548,0.12620
509.11125,0.10198
508.14703,0.09478
507.18280,0.12967
506.21857,0.17953
505.25435,0.19377
504.29012,0.16116
503.32590,0.12179
502.36167,0.10820
501.39745,0.14424
500.43322,0.25341
499.46899,0.41494
498.50477,0.54259
497.54054,0.50239
496.57632,0.32770
495.61209,0.15745
494.64786,0.04440
493.68364,-0.00751
492.71941,-0.00411
491.75519,0.03663
490.79096,0.07794
489.82673,0.11358
488.86251,0.16482
487.89828,0.23843
486.93406,0.30055
485.96983,0.27582
485.00561,0.18732
484.04138,0.09020
483.07715,0.03083
482.11293,0.02350
481.14870,0.07882
480.18448,0.20555
479.22025,0.35352
478.25602,0.42220
477.29180,0.37548
476.32757,0.27997
475.36335,0.20540
474.39912,0.17230
473.43490,0.16055
472.47067,0.09087
471.50644,-0.05499
470.54222,-0.17997
469.57799,-0.22537
468.61377,-0.18527
467.64954,-0.09954
466.68531,-0.00812
465.72109,0.07554
464.75686,0.16442
463.79264,0.24860
462.82841,0.28516
461.86419,0.25644
460.89996,0.18284
459.93573,0.09484
458.97151,0.02121
458.00728,-0.01152
457.04306,0.00616
456.07883,0.03707
455.11460,0.04582
454.15038,0.01291
453.18615,-0.05220
452.22193,-0.10010
451.25770,-0.06057
450.29347,0.05282
449.32925,0.18184
448.36502,0.27605
447.40080,0.27766
446.43657,0.15270
445.47235,-0.01689
444.50812,-0.07746
443.54389,0.00870
442.57967,0.09540
441.61544,0.09802
440.65122,0.02867
439.68699,-0.04476
438.72276,-0.01697
437.75854,0.23658
436.79431,1.01289
435.83009,6.00000
434.86586,6.00000
433.90164,0.74150
432.93741,0.38581
431.97318,0.21492
431.00896,0.08902
430.04473,-0.01640
429.08051,-0.15791
428.11628,-0.40670
427.15205,-0.64367
426.18783,-0.60717
425.22360,-0.46511
424.25938,-0.34303
423.29515,-0.25642
422.33092,-0.15713
421.36670,-0.03356
420.40247,0.09187
419.43825,0.17504
418.47402,0.19406
417.50980,0.16465
416.54557,0.14114
415.58134,0.22169
414.61712,0.35643
413.65289,0.39580
412.68867,0.23068
411.72444,-0.02580
410.76021,-0.25697
409.79599,-0.34394
408.83176,-0.20504
407.86754,0.03079
406.90331,0.17727
405.93909,0.18804
404.97486,0.15389
404.01063,0.09047
403.04641,0.00784
402.08218,-0.07167
401.11796,-0.10426
400.15373,-0.01091
399.18950,0.37940
398.22528,2.19677
397.26105,6.00000
396.29683,1.93972
395.33260,0.71559
394.36838,0.34304
393.40415,0.13767
392.43992,0.02974
391.47570,-0.01318
390.51147,-0.02427
389.54725,-0.03904
388.58302,-0.08116
387.61879,-0.15496
386.65457,-0.25167
385.69034,-0.34910
384.72612,-0.37678
383.76189,-0.28075
382.79766,-0.12540
381.83344,0.00205
380.86921,0.05175
379.90499,0.03134
378.94076,0.00038
377.97654,0.02264
377.01231,0.11890
376.04808,0.26874
375.08386,0.39755
374.11963,0.40325
373.15541,0.29606
372.19118,0.19021
371.22695,0.21077
370.26273,0.32991
369.29850,0.40888
368.33428,0.38009
367.37005,0.27771
366.40583,0.13650
365.44160,-0.02839
364.47737,-0.23775
363.51315,-0.41719
362.54892,-0.50454
361.58470,-0.64966
360.62047,-0.67641
359.65624,-0.58680
358.69202,-0.44674
357.72779,-0.29197
356.76357,-0.13811
355.79934,-0.03792
354.83512,-0.04173
353.87089,-0.13204
352.90666,-0.19220
351.94244,-0.11643
350.97821,0.11462
350.01399,0.57504
349.04976,6.00000
