3946.57643,0.01553
3945.61220,0.01516
3944.64798,0.01470
3943.68375,0.01414
3942.71953,0.01349
3941.75530,0.01286
3940.79107,0.01251
3939.82685,0.01275
3938.86262,0.01370
3937.89840,0.01506
3936.93417,0.01617
3935.96994,0.01646
3935.00572,0.01588
3934.04149,0.01484
3933.07727,0.01389
3932.11304,0.01339
3931.14882,0.01348
3930.18459,0.01417
3929.22036,0.01528
3928.25614,0.01640
3927.29191,0.01706
3926.32769,0.01712
3925.36346,0.01680
3924.39923,0.01644
3923.43501,0.01614
3922.47078,0.01581
3921.50656,0.01537
3920.54233,0.01487
3919.57811,0.01434
3918.61388,0.01377
3917.64965,0.01325
3916.68543,0.01315
3915.72120,0.01368
3914.75698,0.01457
3913.79275,0.01513
3912.82852,0.01496
3911.86430,0.01440
3910.90007,0.01424
3909.93585,0.01485
3908.97162,0.01581
3908.00739,0.01641
3907.04317,0.01639
3906.07894,0.01611
3905.11472,0.01603
3904.15049,0.01624
3903.18627,0.01639
3902.22204,0.01610
3901.25781,0.01529
3900.29359,0.01422
3899.32936,0.01331
3898.36514,0.01302
3897.40091,0.01354
3896.43668,0.01469
3895.47246,0.01594
3894.50823,0.01678
3893.54401,0.01699
3892.57978,0.01669
3891.61556,0.01610
3890.65133,0.01527
3889.68710,0.01423
3888.72288,0.01323
3887.75865,0.01272
3886.79443,0.01302
3885.83020,0.01395
3884.86597,0.01491
3883.90175,0.01536
3882.93752,0.01520
3881.97330,0.01481
3881.00907,0.01455
3880.04485,0.01449
3879.08062,0.01447
3878.11639,0.01440
3877.15217,0.01441
3876.18794,0.01471
3875.22372,0.01524
3874.25949,0.01569
3873.29526,0.01573
3872.33104,0.01535
3871.36681,0.01482
3870.40259,0.01449
3869.43836,0.01446
3868.47413,0.01457
3867.50991,0.01468
3866.54568,0.01479
3865.58146,0.01510
3864.61723,0.01569
3863.65301,0.01635
3862.68878,0.01663
3861.72455,0.01616
3860.76033,0.01501
3859.79610,0.01373
3858.83188,0.01296
3857.86765,0.01298
3856.90342,0.01357
3855.93920,0.01430
3854.97497,0.01490
3854.01075,0.01531
3853.04652,0.01555
3852.08230,0.01556
3851.11807,0.01530
3850.15384,0.01485
3849.18962,0.01435
3848.22539,0.01381
3847.26117,0.01323
3846.29694,0.01277
3845.33271,0.01273
3844.36849,0.01333
3843.40426,0.01431
3842.44004,0.01511
3841.47581,0.01539
3840.51159,0.01527
3839.54736,0.01512
3838.58313,0.01510
3837.61891,0.01500
3836.65468,0.01462
3835.69046,0.01406
3834.72623,0.01361
3833.76200,0.01342
3832.79778,0.01338
3831.83355,0.01333
3830.86933,0.01326
3829.90510,0.01329
3828.94087,0.01345
3827.97665,0.01366
3827.01242,0.01385
3826.04820,0.01402
3825.08397,0.01422
3824.11975,0.01444
3823.15552,0.01462
3822.19129,0.01466
3821.22707,0.01445
3820.26284,0.01394
3819.29862,0.01321
3818.33439,0.01256
3817.37016,0.01233
3816.40594,0.01270
3815.44171,0.01351
3814.47749,0.01438
3813.51326,0.01506
3812.54904,0.01546
3811.58481,0.01556
3810.62058,0.01532
3809.65636,0.01484
3808.69213,0.01438
3807.72791,0.01425
3806.76368,0.01453
3805.79945,0.01497
3804.83523,0.01527
3803.87100,0.01533
3802.90678,0.01527
3801.94255,0.01521
3800.97832,0.01514
3800.01410,0.01501
3799.04987,0.01484
3798.08565,0.01468
3797.12142,0.01462
3796.15720,0.01468
3795.19297,0.01489
3794.22874,0.01524
3793.26452,0.01565
3792.30029,0.01604
3791.33607,0.01635
3790.37184,0.01659
3789.40761,0.01676
3788.44339,0.01682
3787.47916,0.01668
3786.51494,0.01628
3785.55071,0.01569
3784.58649,0.01505
3783.62226,0.01455
3782.65803,0.01433
3781.69381,0.01446
3780.72958,0.01486
3779.76536,0.01534
3778.80113,0.01572
3777.83690,0.01595
3776.87268,0.01613
3775.90845,0.01637
3774.94423,0.01665
3773.98000,0.01685
3773.01578,0.01683
3772.05155,0.01649
3771.08732,0.01582
3770.12310,0.01492
3769.15887,0.01411
3768.19465,0.01376
3767.23042,0.01406
3766.26619,0.01481
3765.30197,0.01554
3764.33774,0.01586
3763.37352,0.01576
3762.40929,0.01547
3761.44506,0.01522
3760.48084,0.01509
3759.51661,0.01502
3758.55239,0.01496
3757.58816,0.01490
3756.62394,0.01485
3755.65971,0.01483
3754.69548,0.01489
3753.73126,0.01506
3752.76703,0.01531
3751.80281,0.01551
3750.83858,0.01561
3749.87435,0.01562
3748.91013,0.01559
3747.94590,0.01548
3746.98168,0.01521
3746.01745,0.01478
3745.05323,0.01432
3744.08900,0.01399
3743.12477,0.01390
3742.16055,0.01404
3741.19632,0.01434
3740.23210,0.01474
3739.26787,0.01511
3738.30364,0.01529
3737.33942,0.01520
3736.37519,0.01488
3735.41097,0.01456
3734.44674,0.01442
3733.48251,0.01451
3732.51829,0.01471
3731.55406,0.01482
3730.58984,0.01468
3729.62561,0.01433
3728.66139,0.01396
3727.69716,0.01386
3726.73293,0.01413
3725.76871,0.01464
3724.80448,0.01518
3723.84026,0.01558
3722.87603,0.01588
3721.91180,0.01612
3720.94758,0.01628
3719.98335,0.01629
3719.01913,0.01612
3718.05490,0.01588
3717.09068,0.01569
3716.12645,0.01553
3715.16222,0.01538
3714.19800,0.01526
3713.23377,0.01530
3712.26955,0.01557
3711.30532,0.01597
3710.34109,0.01632
3709.37687,0.01644
3708.41264,0.01628
3707.44842,0.01590
3706.48419,0.01545
3705.51997,0.01510
3704.55574,0.01502
3703.59151,0.01520
3702.62729,0.01548
3701.66306,0.01565
3700.69884,0.01565
3699.73461,0.01556
3698.77038,0.01548
3697.80616,0.01543
3696.84193,0.01541
3695.87771,0.01551
3694.91348,0.01580
3693.94925,0.01620
3692.98503,0.01642
3692.02080,0.01621
3691.05658,0.01572
3690.09235,0.01537
3689.12813,0.01558
3688.16390,0.01630
3687.19967,0.01706
3686.23545,0.01739
3685.27122,0.01720
3684.30700,0.01676
3683.34277,0.01642
3682.37854,0.01634
3681.41432,0.01650
3680.45009,0.01679
3679.48587,0.01713
3678.52164,0.01742
3677.55742,0.01748
3676.59319,0.01726
3675.62896,0.01688
3674.66474,0.01664
3673.70051,0.01672
3672.73629,0.01704
3671.77206,0.01731
3670.80783,0.01730
3669.84361,0.01706
3668.87938,0.01677
3667.91516,0.01656
3666.95093,0.01641
3665.98671,0.01627
3665.02248,0.01622
3664.05825,0.01642
3663.09403,0.01687
3662.12980,0.01733
3661.16558,0.01754
3660.20135,0.01745
3659.23712,0.01730
3658.27290,0.01733
3657.30867,0.01761
3656.34445,0.01800
3655.38022,0.01834
3654.41599,0.01860
3653.45177,0.01882
3652.48754,0.01904
3651.52332,0.01928
3650.55909,0.01957
3649.59487,0.01987
3648.63064,0.02006
3647.66641,0.01987
3646.70219,0.01918
3645.73796,0.01818
3644.77374,0.01733
3643.80951,0.01706
3642.84528,0.01738
3641.88106,0.01793
3640.91683,0.01824
3639.95261,0.01812
3638.98838,0.01775
3638.02416,0.01747
3637.05993,0.01754
3636.09570,0.01794
3635.13148,0.01844
3634.16725,0.01873
3633.20303,0.01867
3632.23880,0.01836
3631.27457,0.01813
3630.31035,0.01823
3629.34612,0.01873
3628.38190,0.01941
3627.41767,0.02000
3626.45344,0.02034
3625.48922,0.02042
3624.52499,0.02033
3623.56077,0.02016
3622.59654,0.02004
3621.63232,0.02007
3620.66809,0.02023
3619.70386,0.02035
3618.73964,0.02028
3617.77541,0.02002
3616.81119,0.01972
3615.84696,0.01952
3614.88273,0.01948
3613.91851,0.01957
3612.95428,0.01980
3611.99006,0.02021
3611.02583,0.02074
3610.06161,0.02113
3609.09738,0.02111
3608.13315,0.02061
3607.16893,0.01983
3606.20470,0.01910
3605.24048,0.01868
3604.27625,0.01866
3603.31202,0.01897
3602.34780,0.01936
3601.38357,0.01961
3600.41935,0.01958
3599.45512,0.01932
3598.49090,0.01900
3597.52667,0.01870
3596.56244,0.01849
3595.59822,0.01851
3594.63399,0.01896
3593.66977,0.01989
3592.70554,0.02098
3591.74131,0.02172
3590.77709,0.02183
3589.81286,0.02145
3588.84864,0.02098
3587.88441,0.02064
3586.92018,0.02041
3585.95596,0.02018
3584.99173,0.02005
3584.02751,0.02015
3583.06328,0.02046
3582.09906,0.02078
3581.13483,0.02099
3580.17060,0.02119
3579.20638,0.02146
3578.24215,0.02171
3577.27793,0.02170
3576.31370,0.02134
3575.34947,0.02086
3574.38525,0.02058
3573.42102,0.02057
3572.45680,0.02067
3571.49257,0.02068
3570.52835,0.02057
3569.56412,0.02043
3568.59989,0.02034
3567.63567,0.02034
3566.67144,0.02047
3565.70722,0.02077
3564.74299,0.02118
3563.77876,0.02150
3562.81454,0.02157
3561.85031,0.02138
3560.88609,0.02108
3559.92186,0.02086
3558.95764,0.02084
3557.99341,0.02102
3557.02918,0.02136
3556.06496,0.02177
3555.10073,0.02209
3554.13651,0.02219
3553.17228,0.02202
3552.20805,0.02175
3551.24383,0.02168
3550.27960,0.02199
3549.31538,0.02259
3548.35115,0.02308
3547.38692,0.02307
3546.42270,0.02243
3545.45847,0.02144
3544.49425,0.02055
3543.53002,0.02006
3542.56580,0.01997
3541.60157,0.02012
3540.63734,0.02039
3539.67312,0.02073
3538.70889,0.02111
3537.74467,0.02144
3536.78044,0.02172
3535.81621,0.02202
3534.85199,0.02238
3533.88776,0.02268
3532.92354,0.02265
3531.95931,0.02224
3530.99509,0.02170
3530.03086,0.02139
3529.06663,0.02138
3528.10241,0.02139
3527.13818,0.02109
3526.17396,0.02050
3525.20973,0.02003
3524.24550,0.02012
3523.28128,0.02079
3522.31705,0.02171
3521.35283,0.02244
3520.38860,0.02279
3519.42437,0.02278
3518.46015,0.02253
3517.49592,0.02211
3516.53170,0.02158
3515.56747,0.02113
3514.60325,0.02106
3513.63902,0.02149
3512.67479,0.02223
3511.71057,0.02281
3510.74634,0.02287
3509.78212,0.02243
3508.81789,0.02183
3507.85366,0.02138
3506.88944,0.02117
3505.92521,0.02110
3504.96099,0.02116
3503.99676,0.02139
3503.03254,0.02172
3502.06831,0.02191
3501.10408,0.02179
3500.13986,0.02156
3499.17563,0.02161
3498.21141,0.02212
3497.24718,0.02285
3496.28295,0.02329
3495.31873,0.02319
3494.35450,0.02270
3493.39028,0.02222
3492.42605,0.02205
3491.46183,0.02222
3490.49760,0.02260
3489.53337,0.02299
3488.56915,0.02323
3487.60492,0.02321
3486.64070,0.02296
3485.67647,0.02260
3484.71224,0.02228
3483.74802,0.02216
3482.78379,0.02228
3481.81957,0.02258
3480.85534,0.02285
3479.89111,0.02282
3478.92689,0.02241
3477.96266,0.02178
3476.99844,0.02131
3476.03421,0.02122
3475.06999,0.02143
3474.10576,0.02173
3473.14153,0.02200
3472.17731,0.02237
3471.21308,0.02300
3470.24886,0.02389
3469.28463,0.02491
3468.32040,0.02584
3467.35618,0.02648
3466.39195,0.02663
3465.42773,0.02622
3464.46350,0.02554
3463.49928,0.02503
3462.53505,0.02504
3461.57082,0.02543
3460.60660,0.02579
3459.64237,0.02578
3458.67815,0.02545
3457.71392,0.02509
3456.74969,0.02485
3455.78547,0.02468
3454.82124,0.02447
3453.85702,0.02420
3452.89279,0.02391
3451.92856,0.02362
3450.96434,0.02340
3450.00011,0.02338
3449.03589,0.02370
3448.07166,0.02433
3447.10744,0.02497
3446.14321,0.02527
3445.17898,0.02506
3444.21476,0.02447
3443.25053,0.02375
3442.28631,0.02312
3441.32208,0.02265
3440.35785,0.02239
3439.39363,0.02231
3438.42940,0.02237
3437.46518,0.02253
3436.50095,0.02269
3435.53673,0.02282
3434.57250,0.02292
3433.60827,0.02313
3432.64405,0.02362
3431.67982,0.02441
3430.71560,0.02524
3429.75137,0.02569
3428.78714,0.02550
3427.82292,0.02483
3426.85869,0.02415
3425.89447,0.02381
3424.93024,0.02380
3423.96602,0.02387
3423.00179,0.02385
3422.03756,0.02388
3421.07334,0.02419
3420.10911,0.02483
3419.14489,0.02557
3418.18066,0.02605
3417.21643,0.02606
3416.25221,0.02570
3415.28798,0.02529
3414.32376,0.02512
3413.35953,0.02520
3412.39530,0.02527
3411.43108,0.02509
3410.46685,0.02479
3409.50263,0.02471
3408.53840,0.02508
3407.57418,0.02575
3406.60995,0.02634
3405.64572,0.02669
3404.68150,0.02698
3403.71727,0.02740
3402.75305,0.02788
3401.78882,0.02812
3400.82459,0.02799
3399.86037,0.02773
3398.89614,0.02769
3397.93192,0.02793
3396.96769,0.02820
3396.00347,0.02822
3395.03924,0.02798
3394.07501,0.02764
3393.11079,0.02729
3392.14656,0.02690
3391.18234,0.02654
3390.21811,0.02641
3389.25388,0.02662
3388.28966,0.02702
3387.32543,0.02726
3386.36121,0.02710
3385.39698,0.02663
3384.43276,0.02611
3383.46853,0.02572
3382.50430,0.02542
3381.54008,0.02516
3380.57585,0.02502
3379.61163,0.02511
3378.64740,0.02542
3377.68317,0.02577
3376.71895,0.02596
3375.75472,0.02594
3374.79050,0.02577
3373.82627,0.02551
3372.86204,0.02515
3371.89782,0.02470
3370.93359,0.02431
3369.96937,0.02414
3369.00514,0.02420
3368.04092,0.02435
3367.07669,0.02444
3366.11246,0.02455
3365.14824,0.02485
3364.18401,0.02535
3363.21979,0.02583
3362.25556,0.02605
3361.29133,0.02598
3360.32711,0.02583
3359.36288,0.02573
3358.39866,0.02558
3357.43443,0.02522
3356.47021,0.02469
3355.50598,0.02432
3354.54175,0.02438
3353.57753,0.02489
3352.61330,0.02558
3351.64908,0.02624
3350.68485,0.02675
3349.72062,0.02711
3348.75640,0.02726
3347.79217,0.02713
3346.82795,0.02678
3345.86372,0.02633
3344.89949,0.02593
3343.93527,0.02568
3342.97104,0.02572
3342.00682,0.02617
3341.04259,0.02699
3340.07837,0.02782
3339.11414,0.02808
3338.14991,0.02749
3337.18569,0.02635
3336.22146,0.02531
3335.25724,0.02492
3334.29301,0.02522
3333.32878,0.02587
3332.36456,0.02650
3331.40033,0.02696
3330.43611,0.02730
3329.47188,0.02754
3328.50766,0.02767
3327.54343,0.02760
3326.57920,0.02734
3325.61498,0.02696
3324.65075,0.02661
3323.68653,0.02646
3322.72230,0.02659
3321.75807,0.02693
3320.79385,0.02733
3319.82962,0.02760
3318.86540,0.02759
3317.90117,0.02731
3316.93695,0.02689
3315.97272,0.02662
3315.00849,0.02669
3314.04427,0.02705
3313.08004,0.02737
3312.11582,0.02734
3311.15159,0.02692
3310.18736,0.02637
3309.22314,0.02602
3308.25891,0.02598
3307.29469,0.02615
3306.33046,0.02638
3305.36623,0.02661
3304.40201,0.02681
3303.43778,0.02689
3302.47356,0.02677
3301.50933,0.02648
3300.54511,0.02614
3299.58088,0.02573
3298.61665,0.02516
3297.65243,0.02446
3296.68820,0.02391
3295.72398,0.02392
3294.75975,0.02462
3293.79552,0.02566
3292.83130,0.02646
3291.86707,0.02669
3290.90285,0.02643
3289.93862,0.02600
3288.97440,0.02564
3288.01017,0.02539
3287.04594,0.02518
3286.08172,0.02501
3285.11749,0.02493
3284.15327,0.02507
3283.18904,0.02544
3282.22481,0.02589
3281.26059,0.02614
3280.29636,0.02600
3279.33214,0.02549
3278.36791,0.02492
3277.40369,0.02457
3276.43946,0.02453
3275.47523,0.02472
3274.51101,0.02503
3273.54678,0.02541
3272.58256,0.02579
3271.61833,0.02600
3270.65410,0.02598
3269.68988,0.02591
3268.72565,0.02602
3267.76143,0.02634
3266.79720,0.02653
3265.83297,0.02629
3264.86875,0.02566
3263.90452,0.02505
3262.94030,0.02481
3261.97607,0.02496
3261.01185,0.02526
3260.04762,0.02554
3259.08339,0.02576
3258.11917,0.02588
3257.15494,0.02576
3256.19072,0.02541
3255.22649,0.02514
3254.26226,0.02531
3253.29804,0.02600
3252.33381,0.02686
3251.36959,0.02744
3250.40536,0.02758
3249.44114,0.02733
3248.47691,0.02686
3247.51268,0.02627
3246.54846,0.02566
3245.58423,0.02519
3244.62001,0.02491
3243.65578,0.02472
3242.69155,0.02452
3241.72733,0.02438
3240.76310,0.02445
3239.79888,0.02472
3238.83465,0.02494
3237.87042,0.02493
3236.90620,0.02482
3235.94197,0.02497
3234.97775,0.02553
3234.01352,0.02626
3233.04930,0.02671
3232.08507,0.02669
3231.12084,0.02640
3230.15662,0.02612
3229.19239,0.02593
3228.22817,0.02570
3227.26394,0.02534
3226.29971,0.02492
3225.33549,0.02461
3224.37126,0.02454
3223.40704,0.02468
3222.44281,0.02487
3221.47859,0.02495
3220.51436,0.02491
3219.55013,0.02488
3218.58591,0.02515
3217.62168,0.02584
3216.65746,0.02675
3215.69323,0.02745
3214.72900,0.02753
3213.76478,0.02691
3212.80055,0.02586
3211.83633,0.02484
3210.87210,0.02422
3209.90788,0.02416
3208.94365,0.02456
3207.97942,0.02514
3207.01520,0.02561
3206.05097,0.02583
3205.08675,0.02583
3204.12252,0.02572
3203.15829,0.02553
3202.19407,0.02516
3201.22984,0.02458
3200.26562,0.02393
3199.30139,0.02349
3198.33716,0.02344
3197.37294,0.02375
3196.40871,0.02424
3195.44449,0.02467
3194.48026,0.02494
3193.51604,0.02508
3192.55181,0.02516
3191.58758,0.02520
3190.62336,0.02512
3189.65913,0.02491
3188.69491,0.02468
3187.73068,0.02458
3186.76645,0.02468
3185.80223,0.02486
3184.83800,0.02490
3183.87378,0.02473
3182.90955,0.02447
3181.94533,0.02432
3180.98110,0.02429
3180.01687,0.02426
3179.05265,0.02405
3178.08842,0.02370
3177.12420,0.02337
3176.15997,0.02322
3175.19574,0.02331
3174.23152,0.02360
3173.26729,0.02402
3172.30307,0.02454
3171.33884,0.02505
3170.37461,0.02542
3169.41039,0.02552
3168.44616,0.02527
3167.48194,0.02473
3166.51771,0.02410
3165.55349,0.02363
3164.58926,0.02344
3163.62503,0.02339
3162.66081,0.02328
3161.69658,0.02306
3160.73236,0.02296
3159.76813,0.02318
3158.80390,0.02364
3157.83968,0.02396
3156.87545,0.02386
3155.91123,0.02349
3154.94700,0.02328
3153.98278,0.02355
3153.01855,0.02421
3152.05432,0.02490
3151.09010,0.02533
3150.12587,0.02537
3149.16165,0.02505
3148.19742,0.02439
3147.23319,0.02355
3146.26897,0.02279
3145.30474,0.02232
3144.34052,0.02217
3143.37629,0.02217
3142.41207,0.02216
3141.44784,0.02216
3140.48361,0.02228
3139.51939,0.02254
3138.55516,0.02281
3137.59094,0.02296
3136.62671,0.02295
3135.66248,0.02286
3134.69826,0.02284
3133.73403,0.02296
3132.76981,0.02316
3131.80558,0.02328
3130.84135,0.02317
3129.87713,0.02281
3128.91290,0.02243
3127.94868,0.02224
3126.98445,0.02231
3126.02023,0.02244
3125.05600,0.02239
3124.09177,0.02213
3123.12755,0.02187
3122.16332,0.02182
3121.19910,0.02204
3120.23487,0.02238
3119.27064,0.02269
3118.30642,0.02282
3117.34219,0.02263
3116.37797,0.02208
3115.41374,0.02130
3114.44952,0.02058
3113.48529,0.02020
3112.52106,0.02020
3111.55684,0.02039
3110.59261,0.02063
3109.62839,0.02089
3108.66416,0.02119
3107.69993,0.02138
3106.73571,0.02127
3105.77148,0.02085
3104.80726,0.02035
3103.84303,0.02008
3102.87881,0.02012
3101.91458,0.02031
3100.95035,0.02042
3099.98613,0.02040
3099.02190,0.02030
3098.05768,0.02020
3097.09345,0.02016
3096.12922,0.02023
3095.16500,0.02048
3094.20077,0.02086
3093.23655,0.02122
3092.27232,0.02140
3091.30809,0.02141
3090.34387,0.02143
3089.37964,0.02160
3088.41542,0.02193
3087.45119,0.02225
3086.48697,0.02241
3085.52274,0.02239
3084.55851,0.02225
3083.59429,0.02205
3082.63006,0.02179
3081.66584,0.02149
3080.70161,0.02117
3079.73738,0.02082
3078.77316,0.02038
3077.80893,0.01978
3076.84471,0.01909
3075.88048,0.01849
3074.91626,0.01822
3073.95203,0.01839
3072.98780,0.01891
3072.02358,0.01959
3071.05935,0.02020
3070.09513,0.02061
3069.13090,0.02078
3068.16667,0.02076
3067.20245,0.02068
3066.23822,0.02063
3065.27400,0.02072
3064.30977,0.02095
3063.34554,0.02127
3062.38132,0.02152
3061.41709,0.02156
3060.45287,0.02138
3059.48864,0.02112
3058.52442,0.02093
3057.56019,0.02079
3056.59596,0.02054
3055.63174,0.02005
3054.66751,0.01939
3053.70329,0.01877
3052.73906,0.01842
3051.77483,0.01842
3050.81061,0.01875
3049.84638,0.01933
3048.88216,0.02004
3047.91793,0.02057
3046.95371,0.02061
3045.98948,0.02006
3045.02525,0.01925
3044.06103,0.01871
3043.09680,0.01879
3042.13258,0.01933
3041.16835,0.01987
3040.20412,0.02003
3039.23990,0.01982
3038.27567,0.01950
3037.31145,0.01932
3036.34722,0.01934
3035.38300,0.01942
3034.41877,0.01940
3033.45454,0.01922
3032.49032,0.01895
3031.52609,0.01875
3030.56187,0.01874
3029.59764,0.01888
3028.63341,0.01902
3027.66919,0.01899
3026.70496,0.01880
3025.74074,0.01863
3024.77651,0.01866
3023.81228,0.01890
3022.84806,0.01917
3021.88383,0.01932
3020.91961,0.01932
3019.95538,0.01926
3018.99116,0.01918
3018.02693,0.01908
3017.06270,0.01894
3016.09848,0.01876
3015.13425,0.01859
3014.17003,0.01846
3013.20580,0.01838
3012.24157,0.01836
3011.27735,0.01844
3010.31312,0.01862
3009.34890,0.01884
3008.38467,0.01892
3007.42045,0.01875
3006.45622,0.01838
3005.49199,0.01805
3004.52777,0.01801
3003.56354,0.01835
3002.59932,0.01889
3001.63509,0.01936
3000.67086,0.01955
2999.70664,0.01943
2998.74241,0.01911
2997.77819,0.01873
2996.81396,0.01836
2995.84974,0.01807
2994.88551,0.01786
2993.92128,0.01772
2992.95706,0.01763
2991.99283,0.01762
2991.02861,0.01777
2990.06438,0.01806
2989.10015,0.01827
2988.13593,0.01819
2987.17170,0.01780
2986.20748,0.01736
2985.24325,0.01717
2984.27902,0.01728
2983.31480,0.01746
2982.35057,0.01748
2981.38635,0.01738
2980.42212,0.01739
2979.45790,0.01765
2978.49367,0.01804
2977.52944,0.01827
2976.56522,0.01821
2975.60099,0.01793
2974.63677,0.01770
2973.67254,0.01775
2972.70831,0.01808
2971.74409,0.01850
2970.77986,0.01872
2969.81564,0.01859
2968.85141,0.01825
2967.88719,0.01800
2966.92296,0.01801
2965.95873,0.01820
2964.99451,0.01829
2964.03028,0.01817
2963.06606,0.01797
2962.10183,0.01792
2961.13760,0.01811
2960.17338,0.01846
2959.20915,0.01885
2958.24493,0.01919
2957.28070,0.01940
2956.31647,0.01934
2955.35225,0.01895
2954.38802,0.01835
2953.42380,0.01781
2952.45957,0.01753
2951.49535,0.01756
2950.53112,0.01778
2949.56689,0.01806
2948.60267,0.01825
2947.63844,0.01817
2946.67422,0.01779
2945.70999,0.01728
2944.74576,0.01700
2943.78154,0.01716
2942.81731,0.01764
2941.85309,0.01813
2940.88886,0.01838
2939.92464,0.01845
2938.96041,0.01850
2937.99618,0.01857
2937.03196,0.01863
2936.06773,0.01864
2935.10351,0.01863
2934.13928,0.01859
2933.17505,0.01844
2932.21083,0.01816
2931.24660,0.01783
2930.28238,0.01761
2929.31815,0.01753
2928.35393,0.01749
2927.38970,0.01740
2926.42547,0.01732
2925.46125,0.01736
2924.49702,0.01754
2923.53280,0.01776
2922.56857,0.01791
2921.60434,0.01798
2920.64012,0.01803
2919.67589,0.01806
2918.71167,0.01799
2917.74744,0.01776
2916.78321,0.01743
2915.81899,0.01707
2914.85476,0.01675
2913.89054,0.01652
2912.92631,0.01643
2911.96209,0.01650
2910.99786,0.01669
2910.03363,0.01690
2909.06941,0.01708
2908.10518,0.01717
2907.14096,0.01714
2906.17673,0.01691
2905.21250,0.01653
2904.24828,0.01614
2903.28405,0.01593
2902.31983,0.01594
2901.35560,0.01597
2900.39138,0.01584
2899.42715,0.01560
2898.46292,0.01549
2897.49870,0.01573
2896.53447,0.01630
2895.57025,0.01696
2894.60602,0.01747
2893.64179,0.01774
2892.67757,0.01780
2891.71334,0.01775
2890.74912,0.01761
2889.78489,0.01740
2888.82066,0.01710
2887.85644,0.01677
2886.89221,0.01651
2885.92799,0.01647
2884.96376,0.01667
2883.99954,0.01699
2883.03531,0.01723
2882.07108,0.01728
2881.10686,0.01720
2880.14263,0.01713
2879.17841,0.01710
2878.21418,0.01706
2877.24995,0.01701
2876.28573,0.01708
2875.32150,0.01739
2874.35728,0.01786
2873.39305,0.01821
2872.42883,0.01817
2871.46460,0.01775
2870.50037,0.01716
2869.53615,0.01668
2868.57192,0.01644
2867.60770,0.01643
2866.64347,0.01659
2865.67924,0.01693
2864.71502,0.01738
2863.75079,0.01780
2862.78657,0.01799
2861.82234,0.01785
2860.85812,0.01741
2859.89389,0.01688
2858.92966,0.01647
2857.96544,0.01632
2857.00121,0.01642
2856.03699,0.01664
2855.07276,0.01678
2854.10853,0.01674
2853.14431,0.01653
2852.18008,0.01627
2851.21586,0.01611
2850.25163,0.01615
2849.28740,0.01636
2848.32318,0.01664
2847.35895,0.01689
2846.39473,0.01708
2845.43050,0.01722
2844.46628,0.01731
2843.50205,0.01731
2842.53782,0.01720
2841.57360,0.01703
2840.60937,0.01687
2839.64515,0.01675
2838.68092,0.01666
2837.71669,0.01656
2836.75247,0.01650
2835.78824,0.01653
2834.82402,0.01666
2833.85979,0.01680
2832.89557,0.01687
2831.93134,0.01683
2830.96711,0.01673
2830.00289,0.01662
2829.03866,0.01650
2828.07444,0.01640
2827.11021,0.01637
2826.14598,0.01647
2825.18176,0.01663
2824.21753,0.01671
2823.25331,0.01659
2822.28908,0.01633
2821.32486,0.01610
2820.36063,0.01602
2819.39640,0.01608
2818.43218,0.01617
2817.46795,0.01625
2816.50373,0.01633
2815.53950,0.01642
2814.57527,0.01645
2813.61105,0.01640
2812.64682,0.01626
2811.68260,0.01611
2810.71837,0.01601
2809.75414,0.01594
2808.78992,0.01591
2807.82569,0.01597
2806.86147,0.01619
2805.89724,0.01655
2804.93302,0.01687
2803.96879,0.01697
2803.00456,0.01670
2802.04034,0.01616
2801.07611,0.01557
2800.11189,0.01520
2799.14766,0.01519
2798.18343,0.01548
2797.21921,0.01588
2796.25498,0.01615
2795.29076,0.01619
2794.32653,0.01607
2793.36231,0.01592
2792.39808,0.01588
2791.43385,0.01599
2790.46963,0.01623
2789.50540,0.01653
2788.54118,0.01683
2787.57695,0.01701
2786.61272,0.01698
2785.64850,0.01673
2784.68427,0.01634
2783.72005,0.01596
2782.75582,0.01573
2781.79159,0.01569
2780.82737,0.01576
2779.86314,0.01577
2778.89892,0.01560
2777.93469,0.01528
2776.97047,0.01493
2776.00624,0.01473
2775.04201,0.01472
2774.07779,0.01481
2773.11356,0.01491
2772.14934,0.01500
2771.18511,0.01515
2770.22088,0.01537
2769.25666,0.01562
2768.29243,0.01581
2767.32821,0.01595
2766.36398,0.01612
2765.39976,0.01639
2764.43553,0.01664
2763.47130,0.01672
2762.50708,0.01657
2761.54285,0.01632
2760.57863,0.01618
2759.61440,0.01621
2758.65017,0.01631
2757.68595,0.01632
2756.72172,0.01617
2755.75750,0.01596
2754.79327,0.01581
2753.82905,0.01573
2752.86482,0.01567
2751.90059,0.01565
2750.93637,0.01573
2749.97214,0.01597
2749.00792,0.01626
2748.04369,0.01641
2747.07946,0.01626
2746.11524,0.01587
2745.15101,0.01548
2744.18679,0.01526
2743.22256,0.01524
2742.25833,0.01533
2741.29411,0.01544
2740.32988,0.01557
2739.36566,0.01569
2738.40143,0.01574
2737.43721,0.01565
2736.47298,0.01548
2735.50875,0.01539
2734.54453,0.01550
2733.58030,0.01578
2732.61608,0.01604
2731.65185,0.01613
2730.68762,0.01605
2729.72340,0.01592
2728.75917,0.01586
2727.79495,0.01591
2726.83072,0.01602
2725.86650,0.01613
2724.90227,0.01618
2723.93804,0.01615
2722.97382,0.01604
2722.00959,0.01590
2721.04537,0.01582
2720.08114,0.01582
2719.11691,0.01589
2718.15269,0.01598
2717.18846,0.01610
2716.22424,0.01627
2715.26001,0.01648
2714.29579,0.01661
2713.33156,0.01656
2712.36733,0.01634
2711.40311,0.01605
2710.43888,0.01581
2709.47466,0.01567
2708.51043,0.01560
2707.54620,0.01558
2706.58198,0.01562
2705.61775,0.01578
2704.65353,0.01609
2703.68930,0.01653
2702.72507,0.01702
2701.76085,0.01743
2700.79662,0.01762
2699.83240,0.01748
2698.86817,0.01700
2697.90395,0.01635
2696.93972,0.01578
2695.97549,0.01548
2695.01127,0.01550
2694.04704,0.01569
2693.08282,0.01594
2692.11859,0.01619
2691.15436,0.01643
2690.19014,0.01663
2689.22591,0.01671
2688.26169,0.01663
2687.29746,0.01642
2686.33324,0.01614
2685.36901,0.01589
2684.40478,0.01574
2683.44056,0.01579
2682.47633,0.01605
2681.51211,0.01644
2680.54788,0.01677
2679.58365,0.01691
2678.61943,0.01688
2677.65520,0.01685
2676.69098,0.01691
2675.72675,0.01703
2674.76252,0.01709
2673.79830,0.01698
2672.83407,0.01671
2671.86985,0.01632
2670.90562,0.01590
2669.94140,0.01557
2668.97717,0.01546
2668.01294,0.01556
2667.04872,0.01574
2666.08449,0.01576
2665.12027,0.01554
2664.15604,0.01520
2663.19181,0.01494
2662.22759,0.01490
2661.26336,0.01506
2660.29914,0.01533
2659.33491,0.01563
2658.37069,0.01591
2657.40646,0.01612
2656.44223,0.01622
2655.47801,0.01622
2654.51378,0.01618
2653.54956,0.01610
2652.58533,0.01599
2651.62110,0.01583
2650.65688,0.01573
2649.69265,0.01582
2648.72843,0.01611
2647.76420,0.01645
2646.79998,0.01668
2645.83575,0.01670
2644.87152,0.01657
2643.90730,0.01642
2642.94307,0.01631
2641.97885,0.01625
2641.01462,0.01620
2640.05039,0.01615
2639.08617,0.01615
2638.12194,0.01624
2637.15772,0.01636
2636.19349,0.01643
2635.22926,0.01639
2634.26504,0.01628
2633.30081,0.01622
2632.33659,0.01626
2631.37236,0.01630
2630.40814,0.01616
2629.44391,0.01581
2628.47968,0.01545
2627.51546,0.01533
2626.55123,0.01549
2625.58701,0.01575
2624.62278,0.01593
2623.65855,0.01606
2622.69433,0.01628
2621.73010,0.01663
2620.76588,0.01688
2619.80165,0.01677
2618.83743,0.01631
2617.87320,0.01581
2616.90897,0.01559
2615.94475,0.01574
2614.98052,0.01606
2614.01630,0.01632
2613.05207,0.01643
2612.08784,0.01647
2611.12362,0.01650
2610.15939,0.01654
2609.19517,0.01654
2608.23094,0.01649
2607.26672,0.01645
2606.30249,0.01654
2605.33826,0.01684
2604.37404,0.01724
2603.40981,0.01751
2602.44559,0.01745
2601.48136,0.01709
2600.51713,0.01664
2599.55291,0.01634
2598.58868,0.01620
2597.62446,0.01613
2596.66023,0.01605
2595.69600,0.01602
2594.73178,0.01610
2593.76755,0.01620
2592.80333,0.01617
2591.83910,0.01595
2590.87488,0.01570
2589.91065,0.01563
2588.94642,0.01578
2587.98220,0.01603
2587.01797,0.01623
2586.05375,0.01633
2585.08952,0.01639
2584.12529,0.01640
2583.16107,0.01628
2582.19684,0.01602
2581.23262,0.01576
2580.26839,0.01564
2579.30417,0.01568
2578.33994,0.01572
2577.37571,0.01561
2576.41149,0.01540
2575.44726,0.01528
2574.48304,0.01545
2573.51881,0.01590
2572.55458,0.01645
2571.59036,0.01686
2570.62613,0.01700
2569.66191,0.01689
2568.69768,0.01663
2567.73345,0.01637
2566.76923,0.01617
2565.80500,0.01607
2564.84078,0.01605
2563.87655,0.01608
2562.91233,0.01610
2561.94810,0.01607
2560.98387,0.01598
2560.01965,0.01587
2559.05542,0.01580
2558.09120,0.01583
2557.12697,0.01594
2556.16274,0.01602
2555.19852,0.01595
2554.23429,0.01572
2553.27007,0.01542
2552.30584,0.01513
2551.34162,0.01492
2550.37739,0.01481
2549.41316,0.01484
2548.44894,0.01503
2547.48471,0.01533
2546.52049,0.01565
2545.55626,0.01589
2544.59203,0.01604
2543.62781,0.01615
2542.66358,0.01620
2541.69936,0.01611
2540.73513,0.01585
2539.77091,0.01548
2538.80668,0.01517
2537.84245,0.01507
2536.87823,0.01519
2535.91400,0.01544
2534.94978,0.01572
2533.98555,0.01600
2533.02132,0.01624
2532.05710,0.01638
2531.09287,0.01634
2530.12865,0.01612
2529.16442,0.01584
2528.20019,0.01563
2527.23597,0.01557
2526.27174,0.01564
2525.30752,0.01576
2524.34329,0.01584
2523.37907,0.01580
2522.41484,0.01564
2521.45061,0.01546
2520.48639,0.01543
2519.52216,0.01562
2518.55794,0.01594
2517.59371,0.01626
2516.62948,0.01651
2515.66526,0.01669
2514.70103,0.01683
2513.73681,0.01684
2512.77258,0.01662
2511.80836,0.01618
2510.84413,0.01568
2509.87990,0.01536
2508.91568,0.01529
2507.95145,0.01545
2506.98723,0.01571
2506.02300,0.01599
2505.05877,0.01620
2504.09455,0.01626
2503.13032,0.01617
2502.16610,0.01602
2501.20187,0.01596
2500.23764,0.01606
2499.27342,0.01625
2498.30919,0.01638
2497.34497,0.01637
2496.38074,0.01627
2495.41652,0.01613
2494.45229,0.01593
2493.48806,0.01564
2492.52384,0.01533
2491.55961,0.01518
2490.59539,0.01529
2489.63116,0.01560
2488.66693,0.01590
2487.70271,0.01602
2486.73848,0.01600
2485.77426,0.01598
2484.81003,0.01602
2483.84581,0.01606
2482.88158,0.01596
2481.91735,0.01566
2480.95313,0.01531
2479.98890,0.01507
2479.02468,0.01505
2478.06045,0.01520
2477.09622,0.01539
2476.13200,0.01551
2475.16777,0.01554
2474.20355,0.01557
2473.23932,0.01567
2472.27510,0.01584
2471.31087,0.01601
2470.34664,0.01609
2469.38242,0.01605
2468.41819,0.01597
2467.45397,0.01589
2466.48974,0.01580
2465.52551,0.01567
2464.56129,0.01552
2463.59706,0.01543
2462.63284,0.01544
2461.66861,0.01551
2460.70438,0.01552
2459.74016,0.01540
2458.77593,0.01525
2457.81171,0.01524
2456.84748,0.01546
2455.88326,0.01580
2454.91903,0.01606
2453.95480,0.01608
2452.99058,0.01590
2452.02635,0.01566
2451.06213,0.01555
2450.09790,0.01566
2449.13367,0.01590
2448.16945,0.01615
2447.20522,0.01628
2446.24100,0.01628
2445.27677,0.01619
2444.31255,0.01607
2443.34832,0.01595
2442.38409,0.01588
2441.41987,0.01591
2440.45564,0.01608
2439.49142,0.01631
2438.52719,0.01645
2437.56296,0.01638
2436.59874,0.01615
2435.63451,0.01590
2434.67029,0.01575
2433.70606,0.01568
2432.74184,0.01561
2431.77761,0.01554
2430.81338,0.01554
2429.84916,0.01566
2428.88493,0.01586
2427.92071,0.01602
2426.95648,0.01607
2425.99225,0.01597
2425.02803,0.01578
2424.06380,0.01557
2423.09958,0.01546
2422.13535,0.01560
2421.17112,0.01599
2420.20690,0.01645
2419.24267,0.01668
2418.27845,0.01652
2417.31422,0.01609
2416.35000,0.01569
2415.38577,0.01551
2414.42154,0.01554
2413.45732,0.01564
2412.49309,0.01570
2411.52887,0.01571
2410.56464,0.01571
2409.60041,0.01568
2408.63619,0.01566
2407.67196,0.01571
2406.70774,0.01587
2405.74351,0.01612
2404.77929,0.01633
2403.81506,0.01639
2402.85083,0.01629
2401.88661,0.01615
2400.92238,0.01612
2399.95816,0.01625
2398.99393,0.01650
2398.02970,0.01674
2397.06548,0.01686
2396.10125,0.01680
2395.13703,0.01658
2394.17280,0.01633
2393.20857,0.01612
2392.24435,0.01597
2391.28012,0.01577
2390.31590,0.01552
2389.35167,0.01532
2388.38745,0.01535
2387.42322,0.01560
2386.45899,0.01588
2385.49477,0.01593
2384.53054,0.01572
2383.56632,0.01546
2382.60209,0.01540
2381.63786,0.01555
2380.67364,0.01575
2379.70941,0.01580
2378.74519,0.01571
2377.78096,0.01563
2376.81674,0.01564
2375.85251,0.01569
2374.88828,0.01561
2373.92406,0.01537
2372.95983,0.01507
2371.99561,0.01489
2371.03138,0.01494
2370.06715,0.01519
2369.10293,0.01552
2368.13870,0.01577
2367.17448,0.01586
2366.21025,0.01578
2365.24603,0.01560
2364.28180,0.01540
2363.31757,0.01520
2362.35335,0.01497
2361.38912,0.01471
2360.42490,0.01446
2359.46067,0.01429
2358.49644,0.01425
2357.53222,0.01437
2356.56799,0.01469
2355.60377,0.01513
2354.63954,0.01552
2353.67531,0.01568
2352.71109,0.01559
2351.74686,0.01540
2350.78264,0.01530
2349.81841,0.01533
2348.85419,0.01542
2347.88996,0.01550
2346.92573,0.01558
2345.96151,0.01571
2344.99728,0.01583
2344.03306,0.01578
2343.06883,0.01552
2342.10460,0.01523
2341.14038,0.01511
2340.17615,0.01519
2339.21193,0.01530
2338.24770,0.01529
2337.28348,0.01524
2336.31925,0.01531
2335.35502,0.01550
2334.39080,0.01563
2333.42657,0.01555
2332.46235,0.01537
2331.49812,0.01531
2330.53389,0.01546
2329.56967,0.01569
2328.60544,0.01576
2327.64122,0.01562
2326.67699,0.01539
2325.71277,0.01530
2324.74854,0.01546
2323.78431,0.01576
2322.82009,0.01603
2321.85586,0.01614
2320.89164,0.01611
2319.92741,0.01604
2318.96318,0.01603
2317.99896,0.01599
2317.03473,0.01583
2316.07051,0.01555
2315.10628,0.01533
2314.14205,0.01535
2313.17783,0.01561
2312.21360,0.01585
2311.24938,0.01586
2310.28515,0.01571
2309.32093,0.01562
2308.35670,0.01575
2307.39247,0.01601
2306.42825,0.01611
2305.46402,0.01594
2304.49980,0.01564
2303.53557,0.01547
2302.57134,0.01554
2301.60712,0.01575
2300.64289,0.01589
2299.67867,0.01589
2298.71444,0.01584
2297.75022,0.01589
2296.78599,0.01605
2295.82176,0.01620
2294.85754,0.01619
2293.89331,0.01599
2292.92909,0.01571
2291.96486,0.01548
2291.00063,0.01533
2290.03641,0.01522
2289.07218,0.01512
2288.10796,0.01505
2287.14373,0.01501
2286.17950,0.01493
2285.21528,0.01472
2284.25105,0.01445
2283.28683,0.01433
2282.32260,0.01451
2281.35838,0.01492
2280.39415,0.01529
2279.42992,0.01546
2278.46570,0.01544
2277.50147,0.01536
2276.53725,0.01531
2275.57302,0.01529
2274.60879,0.01530
2273.64457,0.01538
2272.68034,0.01555
2271.71612,0.01573
2270.75189,0.01583
2269.78767,0.01582
2268.82344,0.01575
2267.85921,0.01562
2266.89499,0.01537
2265.93076,0.01500
2264.96654,0.01466
2264.00231,0.01457
2263.03808,0.01480
2262.07386,0.01522
2261.10963,0.01563
2260.14541,0.01593
2259.18118,0.01612
2258.21696,0.01612
2257.25273,0.01582
2256.28850,0.01522
2255.32428,0.01461
2254.36005,0.01433
2253.39583,0.01452
2252.43160,0.01498
2251.46737,0.01548
2250.50315,0.01599
2249.53892,0.01660
2248.57470,0.01728
2247.61047,0.01769
2246.64624,0.01756
2245.68202,0.01690
2244.71779,0.01607
2243.75357,0.01542
2242.78934,0.01502
2241.82512,0.01478
2240.86089,0.01466
2239.89666,0.01473
2238.93244,0.01495
2237.96821,0.01513
2237.00399,0.01508
2236.03976,0.01483
2235.07553,0.01462
2234.11131,0.01467
2233.14708,0.01495
2232.18286,0.01524
2231.21863,0.01540
2230.25441,0.01546
2229.29018,0.01552
2228.32595,0.01563
2227.36173,0.01577
2226.39750,0.01593
2225.43328,0.01608
2224.46905,0.01615
2223.50482,0.01605
2222.54060,0.01569
2221.57637,0.01517
2220.61215,0.01471
2219.64792,0.01447
2218.68369,0.01446
2217.71947,0.01458
2216.75524,0.01471
2215.79102,0.01480
2214.82679,0.01486
2213.86257,0.01497
2212.89834,0.01521
2211.93411,0.01558
2210.96989,0.01593
2210.00566,0.01607
2209.04144,0.01593
2208.07721,0.01561
2207.11298,0.01531
2206.14876,0.01517
2205.18453,0.01520
2204.22031,0.01534
2203.25608,0.01556
2202.29186,0.01579
2201.32763,0.01596
2200.36340,0.01596
2199.39918,0.01581
2198.43495,0.01565
2197.47073,0.01560
2196.50650,0.01570
2195.54227,0.01587
2194.57805,0.01606
2193.61382,0.01625
2192.64960,0.01640
2191.68537,0.01638
2190.72115,0.01611
2189.75692,0.01562
2188.79269,0.01510
2187.82847,0.01474
2186.86424,0.01463
2185.90002,0.01470
2184.93579,0.01487
2183.97156,0.01510
2183.00734,0.01534
2182.04311,0.01556
2181.07889,0.01575
2180.11466,0.01587
2179.15043,0.01590
2178.18621,0.01581
2177.22198,0.01567
2176.25776,0.01560
2175.29353,0.01571
2174.32931,0.01593
2173.36508,0.01610
2172.40085,0.01612
2171.43663,0.01606
2170.47240,0.01602
2169.50818,0.01604
2168.54395,0.01603
2167.57972,0.01596
2166.61550,0.01589
2165.65127,0.01588
2164.68705,0.01589
2163.72282,0.01580
2162.75860,0.01561
2161.79437,0.01547
2160.83014,0.01553
2159.86592,0.01575
2158.90169,0.01597
2157.93747,0.01598
2156.97324,0.01577
2156.00901,0.01537
2155.04479,0.01488
2154.08056,0.01444
2153.11634,0.01424
2152.15211,0.01445
2151.18789,0.01502
2150.22366,0.01567
2149.25943,0.01609
2148.29521,0.01621
2147.33098,0.01617
2146.36676,0.01615
2145.40253,0.01619
2144.43830,0.01622
2143.47408,0.01620
2142.50985,0.01611
2141.54563,0.01599
2140.58140,0.01584
2139.61717,0.01571
2138.65295,0.01561
2137.68872,0.01557
2136.72450,0.01555
2135.76027,0.01551
2134.79605,0.01548
2133.83182,0.01553
2132.86759,0.01567
2131.90337,0.01583
2130.93914,0.01590
2129.97492,0.01588
2129.01069,0.01582
2128.04646,0.01577
2127.08224,0.01575
2126.11801,0.01576
2125.15379,0.01585
2124.18956,0.01606
2123.22534,0.01631
2122.26111,0.01648
2121.29688,0.01642
2120.33266,0.01613
2119.36843,0.01576
2118.40421,0.01549
2117.43998,0.01542
2116.47575,0.01552
2115.51153,0.01566
2114.54730,0.01575
2113.58308,0.01574
2112.61885,0.01569
2111.65462,0.01565
2110.69040,0.01559
2109.72617,0.01547
2108.76195,0.01530
2107.79772,0.01516
2106.83350,0.01509
2105.86927,0.01504
2104.90504,0.01490
2103.94082,0.01465
2102.97659,0.01439
2102.01237,0.01430
2101.04814,0.01446
2100.08391,0.01483
2099.11969,0.01525
2098.15546,0.01559
2097.19124,0.01576
2096.22701,0.01576
2095.26279,0.01565
2094.29856,0.01557
2093.33433,0.01557
2092.37011,0.01561
2091.40588,0.01559
2090.44166,0.01546
2089.47743,0.01529
2088.51320,0.01513
2087.54898,0.01504
2086.58475,0.01500
2085.62053,0.01509
2084.65630,0.01533
2083.69208,0.01565
2082.72785,0.01585
2081.76362,0.01576
2080.79940,0.01546
2079.83517,0.01520
2078.87095,0.01517
2077.90672,0.01528
2076.94249,0.01530
2075.97827,0.01513
2075.01404,0.01491
2074.04982,0.01484
2073.08559,0.01499
2072.12136,0.01522
2071.15714,0.01538
2070.19291,0.01541
2069.22869,0.01536
2068.26446,0.01530
2067.30024,0.01525
2066.33601,0.01522
2065.37178,0.01519
2064.40756,0.01517
2063.44333,0.01518
2062.47911,0.01522
2061.51488,0.01533
2060.55065,0.01554
2059.58643,0.01579
2058.62220,0.01601
2057.65798,0.01613
2056.69375,0.01614
2055.72953,0.01607
2054.76530,0.01601
2053.80107,0.01600
2052.83685,0.01604
2051.87262,0.01607
2050.90840,0.01602
2049.94417,0.01592
2048.97994,0.01582
2048.01572,0.01577
2047.05149,0.01575
2046.08727,0.01571
2045.12304,0.01567
2044.15882,0.01566
2043.19459,0.01566
2042.23036,0.01551
2041.26614,0.01508
2040.30191,0.01449
2039.33769,0.01404
2038.37346,0.01402
2037.40923,0.01442
2036.44501,0.01495
2035.48078,0.01530
2034.51656,0.01536
2033.55233,0.01524
2032.58810,0.01510
2031.62388,0.01502
2030.65965,0.01500
2029.69543,0.01500
2028.73120,0.01496
2027.76698,0.01486
2026.80275,0.01470
2025.83852,0.01451
2024.87430,0.01436
2023.91007,0.01429
2022.94585,0.01434
2021.98162,0.01454
2021.01739,0.01487
2020.05317,0.01520
2019.08894,0.01538
2018.12472,0.01535
2017.16049,0.01520
2016.19627,0.01512
2015.23204,0.01517
2014.26781,0.01528
2013.30359,0.01534
2012.33936,0.01533
2011.37514,0.01530
2010.41091,0.01524
2009.44668,0.01511
2008.48246,0.01492
2007.51823,0.01475
2006.55401,0.01468
2005.58978,0.01465
2004.62555,0.01454
2003.66133,0.01435
2002.69710,0.01420
2001.73288,0.01429
2000.76865,0.01465
1999.80443,0.01516
1998.84020,0.01559
1997.87597,0.01582
1996.91175,0.01587
1995.94752,0.01578
1994.98330,0.01561
1994.01907,0.01538
1993.05484,0.01511
1992.09062,0.01485
1991.12639,0.01466
1990.16217,0.01461
1989.19794,0.01468
1988.23372,0.01479
1987.26949,0.01481
1986.30526,0.01474
1985.34104,0.01466
1984.37681,0.01472
1983.41259,0.01491
1982.44836,0.01507
1981.48413,0.01507
1980.51991,0.01496
1979.55568,0.01489
1978.59146,0.01494
1977.62723,0.01503
1976.66301,0.01506
1975.69878,0.01499
1974.73455,0.01489
1973.77033,0.01477
1972.80610,0.01459
1971.84188,0.01430
1970.87765,0.01398
1969.91342,0.01379
1968.94920,0.01382
1967.98497,0.01399
1967.02075,0.01416
1966.05652,0.01427
1965.09229,0.01437
1964.12807,0.01453
1963.16384,0.01476
1962.19962,0.01495
1961.23539,0.01499
1960.27117,0.01487
1959.30694,0.01463
1958.34271,0.01440
1957.37849,0.01426
1956.41426,0.01423
1955.45004,0.01431
1954.48581,0.01444
1953.52158,0.01456
1952.55736,0.01457
1951.59313,0.01442
1950.62891,0.01417
1949.66468,0.01398
1948.70046,0.01400
1947.73623,0.01422
1946.77200,0.01446
1945.80778,0.01457
1944.84355,0.01450
1943.87933,0.01440
1942.91510,0.01439
1941.95087,0.01454
1940.98665,0.01475
1940.02242,0.01492
1939.05820,0.01498
1938.09397,0.01497
1937.12974,0.01496
1936.16552,0.01500
1935.20129,0.01512
1934.23707,0.01523
1933.27284,0.01523
1932.30862,0.01508
1931.34439,0.01488
1930.38016,0.01478
1929.41594,0.01486
1928.45171,0.01507
1927.48749,0.01530
1926.52326,0.01543
1925.55903,0.01539
1924.59481,0.01512
1923.63058,0.01465
1922.66636,0.01412
1921.70213,0.01373
1920.73791,0.01362
1919.77368,0.01379
1918.80945,0.01409
1917.84523,0.01441
1916.88100,0.01465
1915.91678,0.01479
1914.95255,0.01478
1913.98832,0.01461
1913.02410,0.01437
1912.05987,0.01418
1911.09565,0.01411
1910.13142,0.01413
1909.16720,0.01411
1908.20297,0.01398
1907.23874,0.01377
1906.27452,0.01359
1905.31029,0.01356
1904.34607,0.01375
1903.38184,0.01410
1902.41761,0.01444
1901.45339,0.01462
1900.48916,0.01457
1899.52494,0.01442
1898.56071,0.01432
1897.59648,0.01432
1896.63226,0.01439
1895.66803,0.01443
1894.70381,0.01448
1893.73958,0.01456
1892.77536,0.01470
1891.81113,0.01481
1890.84690,0.01482
1889.88268,0.01475
1888.91845,0.01469
1887.95423,0.01471
1886.99000,0.01479
1886.02577,0.01485
1885.06155,0.01481
1884.09732,0.01466
1883.13310,0.01450
1882.16887,0.01444
1881.20465,0.01454
1880.24042,0.01470
1879.27619,0.01474
1878.31197,0.01454
1877.34774,0.01417
1876.38352,0.01384
1875.41929,0.01373
1874.45506,0.01383
1873.49084,0.01398
1872.52661,0.01412
1871.56239,0.01427
1870.59816,0.01447
1869.63394,0.01465
1868.66971,0.01472
1867.70548,0.01465
1866.74126,0.01455
1865.77703,0.01452
1864.81281,0.01457
1863.84858,0.01461
1862.88435,0.01460
1861.92013,0.01456
1860.95590,0.01456
1859.99168,0.01461
1859.02745,0.01466
1858.06322,0.01465
1857.09900,0.01454
1856.13477,0.01433
1855.17055,0.01402
1854.20632,0.01367
1853.24210,0.01339
1852.27787,0.01328
1851.31364,0.01338
1850.34942,0.01362
1849.38519,0.01396
1848.42097,0.01434
1847.45674,0.01468
1846.49251,0.01488
1845.52829,0.01488
1844.56406,0.01472
1843.59984,0.01453
1842.63561,0.01441
1841.67139,0.01441
1840.70716,0.01446
1839.74293,0.01451
1838.77871,0.01449
1837.81448,0.01441
1836.85026,0.01432
1835.88603,0.01429
1834.92180,0.01438
1833.95758,0.01459
1832.99335,0.01482
1832.02913,0.01495
1831.06490,0.01487
1830.10067,0.01459
1829.13645,0.01420
1828.17222,0.01387
1827.20800,0.01373
1826.24377,0.01385
1825.27955,0.01417
1824.31532,0.01450
1823.35109,0.01465
1822.38687,0.01460
1821.42264,0.01447
1820.45842,0.01444
1819.49419,0.01452
1818.52996,0.01460
1817.56574,0.01457
1816.60151,0.01443
1815.63729,0.01430
1814.67306,0.01426
1813.70884,0.01429
1812.74461,0.01430
1811.78038,0.01427
1810.81616,0.01426
1809.85193,0.01435
1808.88771,0.01451
1807.92348,0.01464
1806.95925,0.01463
1805.99503,0.01447
1805.03080,0.01425
1804.06658,0.01411
1803.10235,0.01417
1802.13813,0.01439
1801.17390,0.01467
1800.20967,0.01488
1799.24545,0.01496
1798.28122,0.01491
1797.31700,0.01478
1796.35277,0.01460
1795.38854,0.01445
1794.42432,0.01442
1793.46009,0.01457
1792.49587,0.01486
1791.53164,0.01514
1790.56741,0.01525
1789.60319,0.01511
1788.63896,0.01482
1787.67474,0.01456
1786.71051,0.01446
1785.74629,0.01455
1784.78206,0.01474
1783.81783,0.01489
1782.85361,0.01491
1781.88938,0.01485
1780.92516,0.01484
1779.96093,0.01496
1778.99670,0.01518
1778.03248,0.01535
1777.06825,0.01536
1776.10403,0.01524
1775.13980,0.01514
1774.17558,0.01515
1773.21135,0.01525
1772.24712,0.01531
1771.28290,0.01528
1770.31867,0.01516
1769.35445,0.01501
1768.39022,0.01488
1767.42599,0.01481
1766.46177,0.01484
1765.49754,0.01496
1764.53332,0.01507
1763.56909,0.01505
1762.60487,0.01489
1761.64064,0.01469
1760.67641,0.01460
1759.71219,0.01470
1758.74796,0.01493
1757.78374,0.01517
1756.81951,0.01539
1755.85528,0.01557
1754.89106,0.01572
1753.92683,0.01581
1752.96261,0.01585
1751.99838,0.01587
1751.03415,0.01589
1750.06993,0.01593
1749.10570,0.01605
1748.14148,0.01626
1747.17725,0.01655
1746.21303,0.01688
1745.24880,0.01719
1744.28457,0.01746
1743.32035,0.01766
1742.35612,0.01768
1741.39190,0.01742
1740.42767,0.01691
1739.46344,0.01638
1738.49922,0.01613
1737.53499,0.01629
1736.57077,0.01671
1735.60654,0.01718
1734.64232,0.01756
1733.67809,0.01786
1732.71386,0.01812
1731.74964,0.01833
1730.78541,0.01845
1729.82119,0.01851
1728.85696,0.01859
1727.89273,0.01871
1726.92851,0.01877
1725.96428,0.01866
1725.00006,0.01841
1724.03583,0.01813
1723.07160,0.01798
1722.10738,0.01804
1721.14315,0.01831
1720.17893,0.01870
1719.21470,0.01909
1718.25048,0.01934
1717.28625,0.01936
1716.32202,0.01915
1715.35780,0.01879
1714.39357,0.01846
1713.42935,0.01831
1712.46512,0.01837
1711.50089,0.01859
1710.53667,0.01880
1709.57244,0.01885
1708.60822,0.01877
1707.64399,0.01868
1706.67977,0.01873
1705.71554,0.01891
1704.75131,0.01911
1703.78709,0.01922
1702.82286,0.01921
1701.85864,0.01915
1700.89441,0.01907
1699.93018,0.01902
1698.96596,0.01905
1698.00173,0.01923
1697.03751,0.01955
1696.07328,0.01988
1695.10906,0.02006
1694.14483,0.02002
1693.18060,0.01984
1692.21638,0.01964
1691.25215,0.01947
1690.28793,0.01937
1689.32370,0.01936
1688.35947,0.01945
1687.39525,0.01960
1686.43102,0.01970
1685.46680,0.01970
1684.50257,0.01966
1683.53834,0.01967
1682.57412,0.01971
1681.60989,0.01966
1680.64567,0.01950
1679.68144,0.01932
1678.71722,0.01931
1677.75299,0.01950
1676.78876,0.01979
1675.82454,0.01998
1674.86031,0.01998
1673.89609,0.01984
1672.93186,0.01968
1671.96763,0.01962
1671.00341,0.01979
1670.03918,0.02020
1669.07496,0.02072
1668.11073,0.02114
1667.14651,0.02127
1666.18228,0.02111
1665.21805,0.02083
1664.25383,0.02059
1663.28960,0.02048
1662.32538,0.02051
1661.36115,0.02063
1660.39692,0.02078
1659.43270,0.02090
1658.46847,0.02097
1657.50425,0.02098
1656.54002,0.02094
1655.57579,0.02082
1654.61157,0.02062
1653.64734,0.02036
1652.68312,0.02014
1651.71889,0.02006
1650.75467,0.02013
1649.79044,0.02028
1648.82621,0.02047
1647.86199,0.02068
1646.89776,0.02087
1645.93354,0.02099
1644.96931,0.02094
1644.00508,0.02076
1643.04086,0.02058
1642.07663,0.02051
1641.11241,0.02053
1640.14818,0.02053
1639.18396,0.02043
1638.21973,0.02024
1637.25550,0.02004
1636.29128,0.01987
1635.32705,0.01971
1634.36283,0.01956
1633.39860,0.01946
1632.43437,0.01943
1631.47015,0.01945
1630.50592,0.01946
1629.54170,0.01941
1628.57747,0.01928
1627.61325,0.01909
1626.64902,0.01889
1625.68479,0.01875
1624.72057,0.01875
1623.75634,0.01887
1622.79212,0.01899
1621.82789,0.01896
1620.86366,0.01877
1619.89944,0.01853
1618.93521,0.01839
1617.97099,0.01836
1617.00676,0.01835
1616.04253,0.01824
1615.07831,0.01806
1614.11408,0.01789
1613.14986,0.01776
1612.18563,0.01763
1611.22141,0.01749
1610.25718,0.01740
1609.29295,0.01744
1608.32873,0.01756
1607.36450,0.01761
1606.40028,0.01748
1605.43605,0.01721
1604.47182,0.01697
1603.50760,0.01685
1602.54337,0.01684
1601.57915,0.01684
1600.61492,0.01678
1599.65070,0.01669
1598.68647,0.01660
1597.72224,0.01653
1596.75802,0.01646
1595.79379,0.01638
1594.82957,0.01631
1593.86534,0.01629
1592.90111,0.01632
1591.93689,0.01637
1590.97266,0.01636
1590.00844,0.01623
1589.04421,0.01595
1588.07999,0.01564
1587.11576,0.01549
1586.15153,0.01560
1585.18731,0.01588
1584.22308,0.01609
1583.25886,0.01610
1582.29463,0.01600
1581.33040,0.01602
1580.36618,0.01627
1579.40195,0.01661
1578.43773,0.01679
1577.47350,0.01663
1576.50927,0.01621
1575.54505,0.01573
1574.58082,0.01541
1573.61660,0.01533
1572.65237,0.01545
1571.68815,0.01569
1570.72392,0.01594
1569.75969,0.01606
1568.79547,0.01592
1567.83124,0.01551
1566.86702,0.01496
1565.90279,0.01449
1564.93856,0.01430
1563.97434,0.01440
1563.01011,0.01466
1562.04589,0.01492
1561.08166,0.01515
1560.11744,0.01541
1559.15321,0.01571
1558.18898,0.01589
1557.22476,0.01574
1556.26053,0.01528
1555.29631,0.01473
1554.33208,0.01441
1553.36785,0.01441
1552.40363,0.01460
1551.43940,0.01474
1550.47518,0.01473
1549.51095,0.01463
1548.54672,0.01453
1547.58250,0.01449
1546.61827,0.01454
1545.65405,0.01467
1544.68982,0.01482
1543.72560,0.01490
1542.76137,0.01482
1541.79714,0.01464
1540.83292,0.01449
1539.86869,0.01446
1538.90447,0.01453
1537.94024,0.01459
1536.97601,0.01462
1536.01179,0.01467
1535.04756,0.01480
1534.08334,0.01494
1533.11911,0.01500
1532.15489,0.01491
1531.19066,0.01475
1530.22643,0.01459
1529.26221,0.01447
1528.29798,0.01436
1527.33376,0.01424
1526.36953,0.01411
1525.40530,0.01401
1524.44108,0.01396
1523.47685,0.01398
1522.51263,0.01405
1521.54840,0.01410
1520.58418,0.01407
1519.61995,0.01395
1518.65572,0.01382
1517.69150,0.01375
1516.72727,0.01379
1515.76305,0.01386
1514.79882,0.01388
1513.83459,0.01384
1512.87037,0.01381
1511.90614,0.01385
1510.94192,0.01400
1509.97769,0.01424
1509.01346,0.01451
1508.04924,0.01471
1507.08501,0.01471
1506.12079,0.01443
1505.15656,0.01395
1504.19234,0.01349
1503.22811,0.01325
1502.26388,0.01328
1501.29966,0.01343
1500.33543,0.01349
1499.37121,0.01335
1498.40698,0.01306
1497.44275,0.01277
1496.47853,0.01265
1495.51430,0.01276
1494.55008,0.01304
1493.58585,0.01333
1492.62163,0.01352
1491.65740,0.01359
1490.69317,0.01366
1489.72895,0.01385
1488.76472,0.01410
1487.80050,0.01424
1486.83627,0.01402
1485.87204,0.01340
1484.90782,0.01254
1483.94359,0.01179
1482.97937,0.01143
1482.01514,0.01149
1481.05092,0.01173
1480.08669,0.01187
1479.12246,0.01175
1478.15824,0.01149
1477.19401,0.01130
1476.22979,0.01132
1475.26556,0.01153
1474.30133,0.01180
1473.33711,0.01198
1472.37288,0.01204
1471.40866,0.01199
1470.44443,0.01184
1469.48020,0.01153
1468.51598,0.01106
1467.55175,0.01051
1466.58753,0.01004
1465.62330,0.00983
1464.65908,0.00991
1463.69485,0.01015
1462.73062,0.01047
1461.76640,0.01081
1460.80217,0.01114
1459.83795,0.01127
1458.87372,0.01100
1457.90949,0.01029
1456.94527,0.00945
1455.98104,0.00889
1455.01682,0.00877
1454.05259,0.00883
1453.08837,0.00874
1452.12414,0.00839
1451.15991,0.00797
1450.19569,0.00773
1449.23146,0.00775
1448.26724,0.00800
1447.30301,0.00842
1446.33878,0.00888
1445.37456,0.00922
1444.41033,0.00938
1443.44611,0.00945
1442.48188,0.00965
1441.51765,0.01002
1440.55343,0.01036
1439.58920,0.01046
1438.62498,0.01032
1437.66075,0.01016
1436.69653,0.01008
1435.73230,0.01001
1434.76807,0.00987
1433.80385,0.00982
1432.83962,0.01004
1431.87540,0.01045
1430.91117,0.01069
1429.94694,0.01045
1428.98272,0.00991
1428.01849,0.00953
1427.05427,0.00964
1426.09004,0.01017
1425.12582,0.01078
1424.16159,0.01128
1423.19736,0.01171
1422.23314,0.01214
1421.26891,0.01250
1420.30469,0.01263
1419.34046,0.01245
1418.37623,0.01200
1417.41201,0.01141
1416.44778,0.01077
1415.48356,0.01020
1414.51933,0.00976
1413.55511,0.00944
1412.59088,0.00915
1411.62665,0.00889
1410.66243,0.00884
1409.69820,0.00919
1408.73398,0.00994
1407.76975,0.01079
1406.80552,0.01134
1405.84130,0.01138
1404.87707,0.01100
1403.91285,0.01044
1402.94862,0.00996
1401.98439,0.00977
1401.02017,0.00996
1400.05594,0.01048
1399.09172,0.01107
1398.12749,0.01143
1397.16327,0.01136
1396.19904,0.01094
1395.23481,0.01036
1394.27059,0.00978
1393.30636,0.00929
1392.34214,0.00896
1391.37791,0.00886
1390.41368,0.00899
1389.44946,0.00923
1388.48523,0.00941
1387.52101,0.00944
1386.55678,0.00934
1385.59256,0.00919
1384.62833,0.00905
1383.66410,0.00893
1382.69988,0.00888
1381.73565,0.00896
1380.77143,0.00916
1379.80720,0.00941
1378.84297,0.00960
1377.87875,0.00969
1376.91452,0.00973
1375.95030,0.00978
1374.98607,0.00993
1374.02184,0.01025
1373.05762,0.01066
1372.09339,0.01099
1371.12917,0.01103
1370.16494,0.01074
1369.20072,0.01031
1368.23649,0.01000
1367.27226,0.00987
1366.30804,0.00976
1365.34381,0.00950
1364.37959,0.00918
1363.41536,0.00909
1362.45113,0.00944
1361.48691,0.01006
1360.52268,0.01052
1359.55846,0.01054
1358.59423,0.01016
1357.63001,0.00967
1356.66578,0.00931
1355.70155,0.00909
1354.73733,0.00892
1353.77310,0.00875
1352.80888,0.00870
1351.84465,0.00894
1350.88042,0.00955
1349.91620,0.01043
1348.95197,0.01127
1347.98775,0.01167
1347.02352,0.01145
1346.05930,0.01077
1345.09507,0.01006
1344.13084,0.00970
1343.16662,0.00971
1342.20239,0.00981
1341.23817,0.00973
1340.27394,0.00949
1339.30971,0.00931
1338.34549,0.00933
1337.38126,0.00941
1336.41704,0.00932
1335.45281,0.00905
1334.48858,0.00882
1333.52436,0.00887
1332.56013,0.00926
1331.59591,0.00977
1330.63168,0.01012
1329.66746,0.01014
1328.70323,0.00981
1327.73900,0.00924
1326.77478,0.00860
1325.81055,0.00818
1324.84633,0.00817
1323.88210,0.00861
1322.91787,0.00921
1321.95365,0.00952
1320.98942,0.00924
1320.02520,0.00843
1319.06097,0.00757
1318.09675,0.00721
1317.13252,0.00763
1316.16829,0.00867
1315.20407,0.00986
1314.23984,0.01079
1313.27562,0.01130
1312.31139,0.01143
1311.34716,0.01120
1310.38294,0.01067
1309.41871,0.01001
1308.45449,0.00956
1307.49026,0.00957
1306.52604,0.00997
1305.56181,0.01034
1304.59758,0.01033
1303.63336,0.00994
1302.66913,0.00947
1301.70491,0.00916
1300.74068,0.00897
1299.77645,0.00868
1298.81223,0.00810
1297.84800,0.00728
1296.88378,0.00650
1295.91955,0.00609
1294.95532,0.00629
1293.99110,0.00708
1293.02687,0.00820
1292.06265,0.00920
1291.09842,0.00980
1290.13420,0.01001
1289.16997,0.01013
1288.20574,0.01039
1287.24152,0.01080
1286.27729,0.01113
1285.31307,0.01122
1284.34884,0.01111
1283.38461,0.01102
1282.42039,0.01108
1281.45616,0.01123
1280.49194,0.01126
1279.52771,0.01105
1278.56349,0.01067
1277.59926,0.01029
1276.63503,0.01001
1275.67081,0.00980
1274.70658,0.00959
1273.74236,0.00938
1272.77813,0.00921
1271.81390,0.00913
1270.84968,0.00912
1269.88545,0.00920
1268.92123,0.00942
1267.95700,0.00981
1266.99277,0.01017
1266.02855,0.01018
1265.06432,0.00969
1264.10010,0.00891
1263.13587,0.00834
1262.17165,0.00825
1261.20742,0.00849
1260.24319,0.00866
1259.27897,0.00858
1258.31474,0.00847
1257.35052,0.00868
1256.38629,0.00926
1255.42206,0.00993
1254.45784,0.01030
1253.49361,0.01022
1252.52939,0.00973
1251.56516,0.00901
1250.60094,0.00820
1249.63671,0.00750
1248.67248,0.00707
1247.70826,0.00705
1246.74403,0.00738
1245.77981,0.00793
1244.81558,0.00848
1243.85135,0.00889
1242.88713,0.00903
1241.92290,0.00886
1240.95868,0.00847
1239.99445,0.00796
1239.03023,0.00744
1238.06600,0.00694
1237.10177,0.00655
1236.13755,0.00645
1235.17332,0.00679
1234.20910,0.00753
1233.24487,0.00842
1232.28064,0.00918
1231.31642,0.00969
1230.35219,0.00995
1229.38797,0.00990
1228.42374,0.00946
1227.45951,0.00868
1226.49529,0.00786
1225.53106,0.00731
1224.56684,0.00702
1223.60261,0.00679
1222.63839,0.00655
1221.67416,0.00657
1220.70993,0.00715
1219.74571,0.00828
1218.78148,0.00948
1217.81726,0.01020
1216.85303,0.01023
1215.88880,0.00964
1214.92458,0.00870
1213.96035,0.00771
1212.99613,0.00704
1212.03190,0.00696
1211.06768,0.00738
1210.10345,0.00777
1209.13922,0.00762
1208.17500,0.00695
1207.21077,0.00630
1206.24655,0.00620
1205.28232,0.00664
1204.31809,0.00722
1203.35387,0.00762
1202.38964,0.00788
1201.42542,0.00813
1200.46119,0.00832
1199.49697,0.00828
1198.53274,0.00802
1197.56851,0.00783
1196.60429,0.00796
1195.64006,0.00837
1194.67584,0.00879
1193.71161,0.00897
1192.74738,0.00879
1191.78316,0.00824
1190.81893,0.00736
1189.85471,0.00636
1188.89048,0.00556
1187.92625,0.00508
1186.96203,0.00477
1185.99780,0.00438
1185.03358,0.00400
1184.06935,0.00395
1183.10513,0.00443
1182.14090,0.00516
1181.17667,0.00568
1180.21245,0.00589
1179.24822,0.00610
1178.28400,0.00648
1177.31977,0.00673
1176.35554,0.00642
1175.39132,0.00553
1174.42709,0.00464
1173.46287,0.00435
1172.49864,0.00473
1171.53442,0.00533
1170.57019,0.00563
1169.60596,0.00540
1168.64174,0.00472
1167.67751,0.00382
1166.71329,0.00302
1165.74906,0.00262
1164.78483,0.00277
1163.82061,0.00327
1162.85638,0.00375
1161.89216,0.00407
1160.92793,0.00442
1159.96370,0.00509
1158.99948,0.00607
1158.03525,0.00695
1157.07103,0.00726
1156.10680,0.00684
1155.14258,0.00597
1154.17835,0.00509
1153.21412,0.00459
1152.24990,0.00465
1151.28567,0.00527
1150.32145,0.00623
1149.35722,0.00709
1148.39299,0.00727
1147.42877,0.00637
1146.46454,0.00448
1145.50032,0.00222
1144.53609,0.00034
1143.57187,-0.00078
1142.60764,-0.00132
1141.64341,-0.00158
1140.67919,-0.00151
1139.71496,-0.00073
1138.75074,0.00087
1137.78651,0.00280
1136.82228,0.00437
1135.85806,0.00530
1134.89383,0.00589
1133.92961,0.00649
1132.96538,0.00716
1132.00116,0.00784
1131.03693,0.00857
1130.07270,0.00931
1129.10848,0.00959
1128.14425,0.00873
1127.18003,0.00674
1126.21580,0.00467
1125.25157,0.00380
1124.28735,0.00443
1123.32312,0.00562
1122.35890,0.00613
1121.39467,0.00551
1120.43044,0.00420
1119.46622,0.00304
1118.50199,0.00285
1117.53777,0.00427
1116.57354,0.00725
1115.60932,0.01054
1114.64509,0.01213
1113.68086,0.01078
1112.71664,0.00725
1111.75241,0.00378
1110.78819,0.00210
1109.82396,0.00225
1108.85973,0.00323
1107.89551,0.00433
1106.93128,0.00547
1105.96706,0.00647
1105.00283,0.00686
1104.03861,0.00650
1103.07438,0.00606
1102.11015,0.00627
1101.14593,0.00677
1100.18170,0.00629
1099.21748,0.00417
1098.25325,0.00138
1097.28902,-0.00038
1096.32480,-0.00036
1095.36057,0.00065
1094.39635,0.00142
1093.43212,0.00156
1092.46790,0.00164
1091.50367,0.00229
1090.53944,0.00344
1089.57522,0.00458
1088.61099,0.00526
1087.64677,0.00544
1086.68254,0.00544
1085.71831,0.00574
1084.75409,0.00676
1083.78986,0.00849
1082.82564,0.01043
1081.86141,0.01182
1080.89718,0.01213
1079.93296,0.01132
1078.96873,0.00981
1078.00451,0.00837
1077.04028,0.00784
1076.07606,0.00870
1075.11183,0.01050
1074.14760,0.01207
1073.18338,0.01239
1072.21915,0.01154
1071.25493,0.01048
1070.29070,0.00991
1069.32647,0.00959
1068.36225,0.00886
1067.39802,0.00773
1066.43380,0.00702
1065.46957,0.00737
1064.50535,0.00842
1063.54112,0.00922
1062.57689,0.00925
1061.61267,0.00874
1060.64844,0.00820
1059.68422,0.00777
1058.71999,0.00742
1057.75576,0.00733
1056.79154,0.00779
1055.82731,0.00871
1054.86309,0.00942
1053.89886,0.00931
1052.93463,0.00849
1051.97041,0.00767
1051.00618,0.00745
1050.04196,0.00780
1049.07773,0.00821
1048.11351,0.00820
1047.14928,0.00762
1046.18505,0.00676
1045.22083,0.00624
1044.25660,0.00667
1043.29238,0.00816
1042.32815,0.01005
1041.36392,0.01129
1040.39970,0.01132
1039.43547,0.01047
1038.47125,0.00954
1037.50702,0.00886
1036.54280,0.00820
1035.57857,0.00728
1034.61434,0.00637
1033.65012,0.00598
1032.68589,0.00627
1031.72167,0.00687
1030.75744,0.00736
1029.79321,0.00777
1028.82899,0.00838
1027.86476,0.00919
1026.90054,0.00980
1025.93631,0.00988
1024.97209,0.00960
1024.00786,0.00938
1023.04363,0.00939
1022.07941,0.00936
1021.11518,0.00901
1020.15096,0.00851
1019.18673,0.00838
1018.22250,0.00881
1017.25828,0.00925
1016.29405,0.00872
1015.32983,0.00668
1014.36560,0.00367
1013.40137,0.00104
1012.43715,-0.00005
1011.47292,0.00051
1010.50870,0.00188
1009.54447,0.00313
1008.58025,0.00399
1007.61602,0.00467
1006.65179,0.00520
1005.68757,0.00523
1004.72334,0.00451
1003.75912,0.00341
1002.79489,0.00268
1001.83066,0.00264
1000.86644,0.00281
999.90221,0.00247
998.93799,0.00140
997.97376,0.00007
997.00954,-0.00074
996.04531,-0.00047
995.08108,0.00108
994.11686,0.00373
993.15263,0.00671
992.18841,0.00876
991.22418,0.00884
990.25995,0.00704
989.29573,0.00463
988.33150,0.00319
987.36728,0.00338
986.40305,0.00469
985.43882,0.00607
984.47460,0.00674
983.51037,0.00655
982.54615,0.00572
981.58192,0.00475
980.61770,0.00423
979.65347,0.00465
978.68924,0.00599
977.72502,0.00755
976.76079,0.00819
975.79657,0.00702
974.83234,0.00415
973.86811,0.00095
972.90389,-0.00061
971.93966,0.00065
970.97544,0.00399
970.01121,0.00716
969.04699,0.00818
968.08276,0.00691
967.11853,0.00490
966.15431,0.00386
965.19008,0.00418
964.22586,0.00507
963.26163,0.00558
962.29740,0.00528
961.33318,0.00412
960.36895,0.00241
959.40473,0.00111
958.44050,0.00152
957.47628,0.00397
956.51205,0.00683
955.54782,0.00735
954.58360,0.00409
953.61937,-0.00155
952.65515,-0.00650
951.69092,-0.00864
950.72669,-0.00802
949.76247,-0.00583
948.79824,-0.00303
947.83402,-0.00019
946.86979,0.00175
945.90556,0.00177
944.94134,-0.00013
943.97711,-0.00229
943.01289,-0.00260
942.04866,-0.00028
941.08444,0.00353
940.12021,0.00691
939.15598,0.00854
938.19176,0.00801
937.22753,0.00541
936.26331,0.00141
935.29908,-0.00253
934.33485,-0.00457
933.37063,-0.00386
932.40640,-0.00147
931.44218,0.00038
930.47795,0.00033
929.51373,-0.00105
928.54950,-0.00196
927.58527,-0.00110
926.62105,0.00127
925.65682,0.00384
924.69260,0.00546
923.72837,0.00581
922.76414,0.00520
921.79992,0.00394
920.83569,0.00209
919.87147,-0.00024
918.90724,-0.00255
917.94302,-0.00401
916.97879,-0.00406
916.01456,-0.00299
915.05034,-0.00185
914.08611,-0.00165
913.12189,-0.00254
912.15766,-0.00363
911.19343,-0.00376
910.22921,-0.00240
909.26498,0.00005
908.30076,0.00266
907.33653,0.00453
906.37230,0.00513
905.40808,0.00446
904.44385,0.00311
903.47963,0.00201
902.51540,0.00174
901.55118,0.00196
900.58695,0.00155
899.62272,-0.00029
898.65850,-0.00296
897.69427,-0.00468
896.73005,-0.00384
895.76582,-0.00048
894.80159,0.00361
893.83737,0.00638
892.87314,0.00727
891.90892,0.00742
890.94469,0.00811
889.98047,0.00904
889.01624,0.00833
888.05201,0.00442
887.08779,-0.00200
886.12356,-0.00815
885.15934,-0.01131
884.19511,-0.01081
883.23088,-0.00789
882.26666,-0.00413
881.30243,-0.00044
880.33821,0.00263
879.37398,0.00435
878.40975,0.00426
877.44553,0.00294
876.48130,0.00169
875.51708,0.00116
874.55285,0.00080
873.58863,0.00003
872.62440,-0.00044
871.66017,0.00079
870.69595,0.00371
869.73172,0.00609
868.76750,0.00550
867.80327,0.00220
866.83904,-0.00088
865.87482,-0.00142
864.91059,-0.00038
863.94637,-0.00100
862.98214,-0.00513
862.01792,-0.01080
861.05369,-0.01395
860.08946,-0.01228
859.12524,-0.00711
858.16101,-0.00168
857.19679,0.00160
856.23256,0.00251
855.26833,0.00230
854.30411,0.00225
853.33988,0.00288
852.37566,0.00389
851.41143,0.00439
850.44721,0.00350
849.48298,0.00114
848.51875,-0.00147
847.55453,-0.00240
846.59030,-0.00056
845.62608,0.00326
844.66185,0.00706
843.69762,0.00937
842.73340,0.01026
841.76917,0.01054
840.80495,0.01020
839.84072,0.00821
838.87649,0.00391
837.91227,-0.00153
836.94804,-0.00550
835.98382,-0.00609
835.01959,-0.00390
834.05537,-0.00124
833.09114,0.00016
832.12691,0.00045
831.16269,0.00065
830.19846,0.00096
829.23424,0.00061
828.27001,-0.00060
827.30578,-0.00155
826.34156,-0.00103
825.37733,0.00042
824.41311,0.00085
823.44888,-0.00080
822.48466,-0.00310
821.52043,-0.00325
820.55620,-0.00003
819.59198,0.00484
818.62775,0.00821
817.66353,0.00821
816.69930,0.00563
815.73507,0.00312
814.77085,0.00316
813.80662,0.00636
812.84240,0.01116
811.87817,0.01506
810.91395,0.01646
809.94972,0.01551
808.98549,0.01337
808.02127,0.01059
807.05704,0.00663
806.09282,0.00112
805.12859,-0.00456
804.16436,-0.00773
803.20014,-0.00671
802.23591,-0.00247
801.27169,0.00220
800.30746,0.00504
799.34323,0.00561
798.37901,0.00456
797.41478,0.00246
796.45056,-0.00032
795.48633,-0.00306
794.52211,-0.00481
793.55788,-0.00532
792.59365,-0.00523
791.62943,-0.00502
790.66520,-0.00413
789.70098,-0.00163
788.73675,0.00214
787.77252,0.00514
786.80830,0.00525
785.84407,0.00219
784.87985,-0.00223
783.91562,-0.00573
782.95140,-0.00716
781.98717,-0.00676
781.02294,-0.00553
780.05872,-0.00449
779.09449,-0.00425
778.13027,-0.00459
777.16604,-0.00434
776.20181,-0.00226
775.23759,0.00179
774.27336,0.00639
773.30914,0.00943
772.34491,0.00970
771.38068,0.00769
770.41646,0.00503
769.45223,0.00339
768.48801,0.00329
767.52378,0.00388
766.55956,0.00353
765.59533,0.00111
764.63110,-0.00280
763.66688,-0.00591
762.70265,-0.00587
761.73843,-0.00238
760.77420,0.00232
759.80997,0.00517
758.84575,0.00476
757.88152,0.00218
756.91730,-0.00026
755.95307,-0.00108
754.98885,-0.00059
754.02462,-0.00009
753.06039,-0.00048
752.09617,-0.00155
751.13194,-0.00242
750.16772,-0.00243
749.20349,-0.00178
748.23926,-0.00122
747.27504,-0.00123
746.31081,-0.00149
745.34659,-0.00119
744.38236,0.00005
743.41814,0.00167
742.45391,0.00258
741.48968,0.00203
740.52546,0.00020
739.56123,-0.00198
738.59701,-0.00351
737.63278,-0.00393
736.66855,-0.00363
735.70433,-0.00361
734.74010,-0.00477
733.77588,-0.00693
732.81165,-0.00865
731.84742,-0.00829
730.88320,-0.00534
729.91897,-0.00079
728.95475,0.00377
727.99052,0.00722
727.02630,0.00904
726.06207,0.00888
725.09784,0.00667
724.13362,0.00326
723.16939,0.00069
722.20517,0.00090
721.24094,0.00398
720.27671,0.00784
719.31249,0.01001
718.34826,0.00956
717.38404,0.00748
716.41981,0.00545
715.45559,0.00457
714.49136,0.00487
713.52713,0.00561
712.56291,0.00589
711.59868,0.00522
710.63446,0.00400
709.67023,0.00318
708.70600,0.00339
707.74178,0.00420
706.77755,0.00460
705.81333,0.00421
704.84910,0.00381
703.88487,0.00443
702.92065,0.00611
701.95642,0.00779
700.99220,0.00850
700.02797,0.00833
699.06375,0.00814
698.09952,0.00829
697.13529,0.00826
696.17107,0.00742
695.20684,0.00608
694.24262,0.00529
693.27839,0.00558
692.31416,0.00635
691.34994,0.00649
690.38571,0.00559
689.42149,0.00432
688.45726,0.00375
687.49304,0.00446
686.52881,0.00623
685.56458,0.00822
684.60036,0.00939
683.63613,0.00898
682.67191,0.00691
681.70768,0.00399
680.74345,0.00158
679.77923,0.00065
678.81500,0.00139
677.85078,0.00343
676.88655,0.00623
675.92233,0.00898
674.95810,0.01054
673.99387,0.00989
673.02965,0.00702
672.06542,0.00337
671.10120,0.00107
670.13697,0.00152
669.17274,0.00436
668.20852,0.00760
667.24429,0.00867
666.28007,0.00640
665.31584,0.00198
664.35161,-0.00201
663.38739,-0.00324
662.42316,-0.00076
661.45894,0.00422
660.49471,0.00891
659.53049,0.01087
658.56626,0.00961
657.60203,0.00649
656.63781,0.00326
655.67358,0.00055
654.70936,-0.00209
653.74513,-0.00497
652.78090,-0.00733
651.81668,-0.00788
650.85245,-0.00592
649.88823,-0.00181
648.92400,0.00342
647.95978,0.00861
646.99555,0.01249
646.03132,0.01377
645.06710,0.01191
644.10287,0.00769
643.13865,0.00294
642.17442,-0.00086
641.21019,-0.00338
640.24597,-0.00495
639.28174,-0.00545
638.31752,-0.00433
637.35329,-0.00172
636.38907,0.00110
635.42484,0.00270
634.46061,0.00319
633.49639,0.00442
632.53216,0.00803
631.56794,0.01339
630.60371,0.01790
629.63948,0.01914
628.67526,0.01671
627.71103,0.01222
626.74681,0.00803
625.78258,0.00584
624.81835,0.00596
623.85413,0.00726
622.88990,0.00800
621.92568,0.00729
620.96145,0.00586
619.99723,0.00520
619.03300,0.00590
618.06877,0.00707
617.10455,0.00794
616.14032,0.00937
615.17610,0.01292
614.21187,0.01834
613.24764,0.02285
612.28342,0.02314
611.31919,0.01814
610.35497,0.00983
609.39074,0.00178
608.42652,-0.00287
607.46229,-0.00253
606.49806,0.00223
605.53384,0.00795
604.56961,0.00961
603.60539,0.00515
602.64116,-0.00170
601.67693,-0.00463
600.71271,-0.00160
599.74848,0.00245
598.78426,0.00086
597.82003,-0.00708
596.85580,-0.01514
595.89158,-0.01693
594.92735,-0.01213
593.96313,-0.00618
592.99890,-0.00416
592.03468,-0.00608
591.07045,-0.00834
590.10622,-0.00807
589.14200,-0.00479
588.17777,0.00103
587.21355,0.00882
586.24932,0.01668
585.28509,0.02100
584.32087,0.01878
583.35664,0.01056
582.39242,0.00022
581.42819,-0.00731
580.46397,-0.00832
579.49974,-0.00166
578.53551,0.01097
577.57129,0.02532
576.60706,0.03622
575.64284,0.03996
574.67861,0.03699
573.71438,0.03078
572.75016,0.02478
571.78593,0.02114
570.82171,0.02130
569.85748,0.02540
568.89326,0.03023
567.92903,0.03013
566.96480,0.02227
566.00058,0.01166
565.03635,0.00775
564.07213,0.01421
563.10790,0.02344
562.14367,0.02526
561.17945,0.01899
560.21522,0.01412
559.25100,0.01838
558.28677,0.02913
557.32254,0.03589
556.35832,0.03236
555.39409,0.02227
554.42987,0.01354
553.46564,0.00872
552.50142,0.00824
551.53719,0.01470
550.57296,0.03042
549.60874,0.05463
548.64451,0.07897
547.68029,0.09397
546.71606,0.09703
545.75183,0.08059
544.78761,0.04463
543.82338,-0.00015
542.85916,-0.03102
541.89493,-0.03569
540.93071,-0.03850
539.96648,-0.06430
539.00225,-0.11410
538.03803,-0.14286
537.07380,-0.10744
536.10958,-0.01442
535.14535,0.08318
534.18112,0.12349
533.21690,0.07928
532.25267,-0.00028
531.28845,-0.05631
530.32422,-0.07607
529.36000,-0.08426
528.39577,-0.12148
527.43154,-0.20311
526.46732,-0.30209
525.50309,-0.37225
524.53887,-0.37198
523.57464,-0.28452
522.61041,-0.12314
521.64619,0.03957
520.68196,0.13620
519.71774,0.15377
518.75351,0.10256
517.78928,0.01000
516.82506,-0.07159
515.86083,-0.09423
514.89661,-0.05740
513.93238,-0.02719
512.96816,-0.03762
512.00393,-0.06956
511.03970,-0.08412
510.07548,-0.07190
509.11125,-0.05131
508.14703,-0.04623
507.18280,-0.04864
506.21857,-0.03341
505.25435,0.00152
504.29012,0.02409
503.32590,0.00583
502.36167,-0.05530
501.39745,-0.11929
500.43322,-0.13692
499.46899,-0.10009
498.50477,-0.02731
497.54054,0.05570
496.57632,0.10189
495.61209,0.06878
494.64786,-0.04009
493.68364,-0.15447
492.71941,-0.19395
491.75519,-0.15246
490.79096,-0.06871
489.82673,-0.00679
488.86251,0.01470
487.89828,0.00951
486.93406,0.00125
485.96983,-0.01050
485.00561,-0.03950
484.04138,-0.11333
483.07715,-0.20877
482.11293,-0.27076
481.14870,-0.25911
480.18448,-0.15603
479.22025,0.00400
478.25602,0.14006
477.29180,0.18988
476.32757,0.15031
475.36335,0.05243
474.39912,-0.07775
473.43490,-0.21743
472.47067,-0.33132
471.50644,-0.39099
470.54222,-0.39268
469.57799,-0.35105
468.61377,-0.26959
467.64954,-0.17387
466.68531,-0.09636
465.72109,-0.04839
464.75686,-0.03224
463.79264,-0.03219
462.82841,-0.03684
461.86419,-0.05053
460.89996,-0.08299
459.93573,-0.13608
458.97151,-0.18244
458.00728,-0.17739
457.04306,-0.12331
456.07883,-0.07379
455.11460,-0.06521
454.15038,-0.10555
453.18615,-0.17225
452.22193,-0.21047
451.25770,-0.16955
450.29347,-0.09392
449.32925,-0.04741
448.36502,-0.04203
447.40080,-0.07135
446.43657,-0.13013
445.47235,-0.17500
444.50812,-0.12528
443.54389,-0.00359
442.57967,0.04813
441.61544,0.01714
440.65122,-0.06596
439.68699,-0.17881
438.72276,-0.28024
437.75854,-0.31620
436.79431,-0.28092
435.83009,-0.19563
434.86586,-0.07749
433.90164,0.03879
432.93741,0.11127
431.97318,0.11631
431.00896,0.04406
430.04473,-0.11120
429.08051,-0.34717
428.11628,-0.62462
427.15205,-0.76158
426.18783,-0.58954
425.22360,-0.38422
424.25938,-0.28188
423.29515,-0.25622
422.33092,-0.22422
421.36670,-0.17190
420.40247,-0.12585
419.43825,-0.12383
418.47402,-0.15646
417.50980,-0.19369
416.54557,-0.19038
415.58134,-0.10200
414.61712,0.04549
413.65289,0.12830
412.68867,0.04824
411.72444,-0.17010
410.76021,-0.42463
409.79599,-0.58472
408.83176,-0.56480
407.86754,-0.45762
406.90331,-0.39362
405.93909,-0.39801
404.97486,-0.40648
404.01063,-0.39138
403.04641,-0.35752
402.08218,-0.33573
401.11796,-0.35322
400.15373,-0.40019
399.18950,-0.39649
398.22528,-0.33678
397.26105,-0.27431
396.29683,-0.22077
395.33260,-0.15287
394.36838,-0.03452
393.40415,0.13489
392.43992,0.24366
391.47570,0.21303
390.51147,0.09974
389.54725,-0.02177
388.58302,-0.11987
387.61879,-0.20677
386.65457,-0.29335
385.69034,-0.36822
384.72612,-0.35151
383.76189,-0.18071
382.79766,0.07871
381.83344,0.28294
380.86921,0.27251
379.90499,0.10369
378.94076,-0.05418
377.97654,-0.13675
377.01231,-0.15493
376.04808,-0.13024
375.08386,-0.09243
374.11963,-0.06545
373.15541,-0.07000
372.19118,-0.08519
371.22695,-0.07175
370.26273,-0.02901
369.29850,0.01697
368.33428,0.04981
367.37005,0.05767
366.40583,-0.00014
365.44160,-0.16483
364.47737,-0.42409
363.51315,-0.58968
362.54892,-0.57410
361.58470,-0.64022
360.62047,-0.66576
359.65624,-0.63505
358.69202,-0.55710
357.72779,-0.42701
356.76357,-0.24381
355.79934,-0.06363
354.83512,0.01063
353.87089,-0.07067
352.90666,-0.15766
351.94244,-0.14047
350.97821,-0.04627
350.01399,0.08154
349.04976,0.21172
