3946.57643,0.01811
3945.61220,0.01735
3944.64798,0.01659
3943.68375,0.01606
3942.71953,0.01573
3941.75530,0.01547
3940.79107,0.01538
3939.82685,0.01572
3938.86262,0.01656
3937.89840,0.01750
3936.93417,0.01800
3935.96994,0.01782
3935.00572,0.01721
3934.04149,0.01664
3933.07727,0.01646
3932.11304,0.01677
3931.14882,0.01747
3930.18459,0.01827
3929.22036,0.01875
3928.25614,0.01852
3927.29191,0.01750
3926.32769,0.01604
3925.36346,0.01466
3924.39923,0.01370
3923.43501,0.01320
3922.47078,0.01308
3921.50656,0.01334
3920.54233,0.01394
3919.57811,0.01467
3918.61388,0.01521
3917.64965,0.01539
3916.68543,0.01532
3915.72120,0.01527
3914.75698,0.01537
3913.79275,0.01551
3912.82852,0.01557
3911.86430,0.01553
3910.90007,0.01559
3909.93585,0.01594
3908.97162,0.01667
3908.00739,0.01763
3907.04317,0.01854
3906.07894,0.01914
3905.11472,0.01939
3904.15049,0.01947
3903.18627,0.01956
3902.22204,0.01954
3901.25781,0.01907
3900.29359,0.01797
3899.32936,0.01655
3898.36514,0.01544
3897.40091,0.01504
3896.43668,0.01518
3895.47246,0.01542
3894.50823,0.01557
3893.54401,0.01577
3892.57978,0.01613
3891.61556,0.01635
3890.65133,0.01597
3889.68710,0.01494
3888.72288,0.01385
3887.75865,0.01349
3886.79443,0.01409
3885.83020,0.01513
3884.86597,0.01577
3883.90175,0.01563
3882.93752,0.01493
3881.97330,0.01428
3881.00907,0.01410
3880.04485,0.01448
3879.08062,0.01516
3878.11639,0.01576
3877.15217,0.01598
3876.18794,0.01573
3875.22372,0.01518
3874.25949,0.01467
3873.29526,0.01445
3872.33104,0.01453
3871.36681,0.01476
3870.40259,0.01503
3869.43836,0.01530
3868.47413,0.01553
3867.50991,0.01558
3866.54568,0.01539
3865.58146,0.01517
3864.61723,0.01527
3863.65301,0.01587
3862.68878,0.01666
3861.72455,0.01707
3860.76033,0.01674
3859.79610,0.01582
3858.83188,0.01486
3857.86765,0.01433
3856.90342,0.01429
3855.93920,0.01452
3854.97497,0.01474
3854.01075,0.01487
3853.04652,0.01495
3852.08230,0.01503
3851.11807,0.01506
3850.15384,0.01486
3849.18962,0.01431
3848.22539,0.01348
3847.26117,0.01274
3846.29694,0.01256
3845.33271,0.01312
3844.36849,0.01417
3843.40426,0.01515
3842.44004,0.01567
3841.47581,0.01576
3840.51159,0.01573
3839.54736,0.01580
3838.58313,0.01587
3837.61891,0.01574
3836.65468,0.01530
3835.69046,0.01467
3834.72623,0.01406
3833.76200,0.01368
3832.79778,0.01368
3831.83355,0.01405
3830.86933,0.01458
3829.90510,0.01490
3828.94087,0.01478
3827.97665,0.01430
3827.01242,0.01381
3826.04820,0.01363
3825.08397,0.01380
3824.11975,0.01418
3823.15552,0.01463
3822.19129,0.01506
3821.22707,0.01528
3820.26284,0.01507
3819.29862,0.01440
3818.33439,0.01356
3817.37016,0.01303
3816.40594,0.01309
3815.44171,0.01364
3814.47749,0.01430
3813.51326,0.01481
3812.54904,0.01507
3811.58481,0.01516
3810.62058,0.01509
3809.65636,0.01486
3808.69213,0.01455
3807.72791,0.01429
3806.76368,0.01421
3805.79945,0.01439
3804.83523,0.01476
3803.87100,0.01521
3802.90678,0.01560
3801.94255,0.01585
3800.97832,0.01595
3800.01410,0.01592
3799.04987,0.01573
3798.08565,0.01535
3797.12142,0.01486
3796.15720,0.01454
3795.19297,0.01469
3794.22874,0.01527
3793.26452,0.01592
3792.30029,0.01622
3791.33607,0.01615
3790.37184,0.01601
3789.40761,0.01606
3788.44339,0.01614
3787.47916,0.01591
3786.51494,0.01525
3785.55071,0.01445
3784.58649,0.01397
3783.62226,0.01399
3782.65803,0.01434
3781.69381,0.01473
3780.72958,0.01500
3779.76536,0.01515
3778.80113,0.01516
3777.83690,0.01500
3776.87268,0.01474
3775.90845,0.01456
3774.94423,0.01462
3773.98000,0.01487
3773.01578,0.01504
3772.05155,0.01488
3771.08732,0.01436
3770.12310,0.01372
3769.15887,0.01325
3768.19465,0.01313
3767.23042,0.01335
3766.26619,0.01379
3765.30197,0.01436
3764.33774,0.01501
3763.37352,0.01568
3762.40929,0.01623
3761.44506,0.01646
3760.48084,0.01621
3759.51661,0.01550
3758.55239,0.01456
3757.58816,0.01369
3756.62394,0.01314
3755.65971,0.01297
3754.69548,0.01313
3753.73126,0.01353
3752.76703,0.01403
3751.80281,0.01450
3750.83858,0.01485
3749.87435,0.01504
3748.91013,0.01509
3747.94590,0.01501
3746.98168,0.01477
3746.01745,0.01439
3745.05323,0.01401
3744.08900,0.01382
3743.12477,0.01388
3742.16055,0.01404
3741.19632,0.01416
3740.23210,0.01428
3739.26787,0.01456
3738.30364,0.01498
3737.33942,0.01527
3736.37519,0.01507
3735.41097,0.01444
3734.44674,0.01384
3733.48251,0.01376
3732.51829,0.01417
3731.55406,0.01459
3730.58984,0.01457
3729.62561,0.01425
3728.66139,0.01413
3727.69716,0.01455
3726.73293,0.01530
3725.76871,0.01583
3724.80448,0.01580
3723.84026,0.01538
3722.87603,0.01501
3721.91180,0.01499
3720.94758,0.01530
3719.98335,0.01569
3719.01913,0.01592
3718.05490,0.01589
3717.09068,0.01563
3716.12645,0.01526
3715.16222,0.01490
3714.19800,0.01467
3713.23377,0.01456
3712.26955,0.01453
3711.30532,0.01453
3710.34109,0.01455
3709.37687,0.01453
3708.41264,0.01440
3707.44842,0.01413
3706.48419,0.01384
3705.51997,0.01373
3704.55574,0.01400
3703.59151,0.01459
3702.62729,0.01528
3701.66306,0.01575
3700.69884,0.01584
3699.73461,0.01555
3698.77038,0.01504
3697.80616,0.01455
3696.84193,0.01428
3695.87771,0.01436
3694.91348,0.01471
3693.94925,0.01505
3692.98503,0.01512
3692.02080,0.01484
3691.05658,0.01444
3690.09235,0.01425
3689.12813,0.01443
3688.16390,0.01483
3687.19967,0.01512
3686.23545,0.01518
3685.27122,0.01521
3684.30700,0.01548
3683.34277,0.01604
3682.37854,0.01665
3681.41432,0.01706
3680.45009,0.01726
3679.48587,0.01741
3678.52164,0.01757
3677.55742,0.01757
3676.59319,0.01720
3675.62896,0.01656
3674.66474,0.01607
3673.70051,0.01607
3672.73629,0.01651
3671.77206,0.01706
3670.80783,0.01736
3669.84361,0.01735
3668.87938,0.01711
3667.91516,0.01676
3666.95093,0.01634
3665.98671,0.01588
3665.02248,0.01548
3664.05825,0.01526
3663.09403,0.01529
3662.12980,0.01555
3661.16558,0.01598
3660.20135,0.01652
3659.23712,0.01716
3658.27290,0.01786
3657.30867,0.01853
3656.34445,0.01901
3655.38022,0.01913
3654.41599,0.01889
3653.45177,0.01849
3652.48754,0.01824
3651.52332,0.01828
3650.55909,0.01854
3649.59487,0.01881
3648.63064,0.01889
3647.66641,0.01872
3646.70219,0.01834
3645.73796,0.01790
3644.77374,0.01763
3643.80951,0.01775
3642.84528,0.01823
3641.88106,0.01877
3640.91683,0.01895
3639.95261,0.01863
3638.98838,0.01808
3638.02416,0.01781
3637.05993,0.01816
3636.09570,0.01910
3635.13148,0.02020
3634.16725,0.02095
3633.20303,0.02104
3632.23880,0.02056
3631.27457,0.01990
3630.31035,0.01950
3629.34612,0.01951
3628.38190,0.01972
3627.41767,0.01982
3626.45344,0.01964
3625.48922,0.01933
3624.52499,0.01908
3623.56077,0.01900
3622.59654,0.01908
3621.63232,0.01927
3620.66809,0.01953
3619.70386,0.01981
3618.73964,0.02002
3617.77541,0.02011
3616.81119,0.02012
3615.84696,0.02011
3614.88273,0.02010
3613.91851,0.02003
3612.95428,0.01988
3611.99006,0.01972
3611.02583,0.01962
3610.06161,0.01954
3609.09738,0.01942
3608.13315,0.01922
3607.16893,0.01901
3606.20470,0.01890
3605.24048,0.01903
3604.27625,0.01947
3603.31202,0.02020
3602.34780,0.02095
3601.38357,0.02133
3600.41935,0.02112
3599.45512,0.02045
3598.49090,0.01969
3597.52667,0.01914
3596.56244,0.01888
3595.59822,0.01885
3594.63399,0.01916
3593.66977,0.01989
3592.70554,0.02092
3591.74131,0.02185
3590.77709,0.02230
3589.81286,0.02222
3588.84864,0.02187
3587.88441,0.02148
3586.92018,0.02116
3585.95596,0.02099
3584.99173,0.02105
3584.02751,0.02131
3583.06328,0.02149
3582.09906,0.02131
3581.13483,0.02085
3580.17060,0.02060
3579.20638,0.02090
3578.24215,0.02159
3577.27793,0.02215
3576.31370,0.02223
3575.34947,0.02203
3574.38525,0.02194
3573.42102,0.02211
3572.45680,0.02237
3571.49257,0.02248
3570.52835,0.02235
3569.56412,0.02200
3568.59989,0.02144
3567.63567,0.02075
3566.67144,0.02019
3565.70722,0.02007
3564.74299,0.02044
3563.77876,0.02101
3562.81454,0.02142
3561.85031,0.02160
3560.88609,0.02173
3559.92186,0.02194
3558.95764,0.02210
3557.99341,0.02199
3557.02918,0.02162
3556.06496,0.02121
3555.10073,0.02103
3554.13651,0.02112
3553.17228,0.02133
3552.20805,0.02157
3551.24383,0.02179
3550.27960,0.02195
3549.31538,0.02194
3548.35115,0.02171
3547.38692,0.02135
3546.42270,0.02106
3545.45847,0.02098
3544.49425,0.02105
3543.53002,0.02116
3542.56580,0.02125
3541.60157,0.02141
3540.63734,0.02171
3539.67312,0.02215
3538.70889,0.02259
3537.74467,0.02294
3536.78044,0.02322
3535.81621,0.02348
3534.85199,0.02371
3533.88776,0.02381
3532.92354,0.02367
3531.95931,0.02325
3530.99509,0.02267
3530.03086,0.02211
3529.06663,0.02177
3528.10241,0.02173
3527.13818,0.02182
3526.17396,0.02173
3525.20973,0.02122
3524.24550,0.02042
3523.28128,0.01978
3522.31705,0.01973
3521.35283,0.02038
3520.38860,0.02134
3519.42437,0.02209
3518.46015,0.02230
3517.49592,0.02206
3516.53170,0.02180
3515.56747,0.02188
3514.60325,0.02237
3513.63902,0.02301
3512.67479,0.02345
3511.71057,0.02354
3510.74634,0.02343
3509.78212,0.02343
3508.81789,0.02363
3507.85366,0.02381
3506.88944,0.02369
3505.92521,0.02325
3504.96099,0.02274
3503.99676,0.02245
3503.03254,0.02241
3502.06831,0.02239
3501.10408,0.02225
3500.13986,0.02208
3499.17563,0.02210
3498.21141,0.02238
3497.24718,0.02274
3496.28295,0.02298
3495.31873,0.02302
3494.35450,0.02292
3493.39028,0.02280
3492.42605,0.02282
3491.46183,0.02305
3490.49760,0.02350
3489.53337,0.02400
3488.56915,0.02426
3487.60492,0.02406
3486.64070,0.02341
3485.67647,0.02261
3484.71224,0.02207
3483.74802,0.02210
3482.78379,0.02270
3481.81957,0.02348
3480.85534,0.02394
3479.89111,0.02375
3478.92689,0.02309
3477.96266,0.02246
3476.99844,0.02228
3476.03421,0.02262
3475.06999,0.02320
3474.10576,0.02371
3473.14153,0.02407
3472.17731,0.02435
3471.21308,0.02467
3470.24886,0.02511
3469.28463,0.02571
3468.32040,0.02636
3467.35618,0.02684
3466.39195,0.02691
3465.42773,0.02656
3464.46350,0.02604
3463.49928,0.02562
3462.53505,0.02538
3461.57082,0.02521
3460.60660,0.02511
3459.64237,0.02517
3458.67815,0.02549
3457.71392,0.02592
3456.74969,0.02624
3455.78547,0.02637
3454.82124,0.02635
3453.85702,0.02620
3452.89279,0.02580
3451.92856,0.02518
3450.96434,0.02465
3450.00011,0.02466
3449.03589,0.02530
3448.07166,0.02616
3447.10744,0.02667
3446.14321,0.02658
3445.17898,0.02619
3444.21476,0.02594
3443.25053,0.02599
3442.28631,0.02610
3441.32208,0.02593
3440.35785,0.02537
3439.39363,0.02466
3438.42940,0.02422
3437.46518,0.02428
3436.50095,0.02472
3435.53673,0.02512
3434.57250,0.02522
3433.60827,0.02515
3432.64405,0.02534
3431.67982,0.02603
3430.71560,0.02695
3429.75137,0.02752
3428.78714,0.02739
3427.82292,0.02671
3426.85869,0.02593
3425.89447,0.02540
3424.93024,0.02518
3423.96602,0.02509
3423.00179,0.02499
3422.03756,0.02486
3421.07334,0.02476
3420.10911,0.02479
3419.14489,0.02499
3418.18066,0.02528
3417.21643,0.02546
3416.25221,0.02543
3415.28798,0.02523
3414.32376,0.02506
3413.35953,0.02499
3412.39530,0.02494
3411.43108,0.02485
3410.46685,0.02490
3409.50263,0.02533
3408.53840,0.02618
3407.57418,0.02710
3406.60995,0.02766
3405.64572,0.02774
3404.68150,0.02758
3403.71727,0.02748
3402.75305,0.02742
3401.78882,0.02721
3400.82459,0.02680
3399.86037,0.02642
3398.89614,0.02641
3397.93192,0.02686
3396.96769,0.02746
3396.00347,0.02783
3395.03924,0.02778
3394.07501,0.02750
3393.11079,0.02733
3392.14656,0.02742
3391.18234,0.02765
3390.21811,0.02776
3389.25388,0.02769
3388.28966,0.02766
3387.32543,0.02789
3386.36121,0.02835
3385.39698,0.02872
3384.43276,0.02875
3383.46853,0.02840
3382.50430,0.02787
3381.54008,0.02736
3380.57585,0.02698
3379.61163,0.02683
3378.64740,0.02695
3377.68317,0.02725
3376.71895,0.02749
3375.75472,0.02743
3374.79050,0.02712
3373.82627,0.02681
3372.86204,0.02667
3371.89782,0.02667
3370.93359,0.02659
3369.96937,0.02636
3369.00514,0.02603
3368.04092,0.02569
3367.07669,0.02536
3366.11246,0.02504
3365.14824,0.02487
3364.18401,0.02498
3363.21979,0.02536
3362.25556,0.02591
3361.29133,0.02652
3360.32711,0.02720
3359.36288,0.02783
3358.39866,0.02817
3357.43443,0.02797
3356.47021,0.02734
3355.50598,0.02670
3354.54175,0.02648
3353.57753,0.02670
3352.61330,0.02709
3351.64908,0.02737
3350.68485,0.02751
3349.72062,0.02760
3348.75640,0.02763
3347.79217,0.02752
3346.82795,0.02731
3345.86372,0.02711
3344.89949,0.02706
3343.93527,0.02715
3342.97104,0.02728
3342.00682,0.02743
3341.04259,0.02761
3340.07837,0.02778
3339.11414,0.02774
3338.14991,0.02735
3337.18569,0.02668
3336.22146,0.02601
3335.25724,0.02566
3334.29301,0.02580
3333.32878,0.02641
3332.36456,0.02729
3331.40033,0.02816
3330.43611,0.02873
3329.47188,0.02886
3328.50766,0.02866
3327.54343,0.02835
3326.57920,0.02814
3325.61498,0.02806
3324.65075,0.02800
3323.68653,0.02790
3322.72230,0.02783
3321.75807,0.02789
3320.79385,0.02810
3319.82962,0.02832
3318.86540,0.02837
3317.90117,0.02824
3316.93695,0.02808
3315.97272,0.02810
3315.00849,0.02828
3314.04427,0.02843
3313.08004,0.02831
3312.11582,0.02790
3311.15159,0.02742
3310.18736,0.02719
3309.22314,0.02732
3308.25891,0.02768
3307.29469,0.02802
3306.33046,0.02823
3305.36623,0.02837
3304.40201,0.02853
3303.43778,0.02876
3302.47356,0.02899
3301.50933,0.02910
3300.54511,0.02897
3299.58088,0.02854
3298.61665,0.02789
3297.65243,0.02719
3296.68820,0.02668
3295.72398,0.02657
3294.75975,0.02690
3293.79552,0.02754
3292.83130,0.02818
3291.86707,0.02851
3290.90285,0.02834
3289.93862,0.02780
3288.97440,0.02725
3288.01017,0.02698
3287.04594,0.02699
3286.08172,0.02702
3285.11749,0.02687
3284.15327,0.02665
3283.18904,0.02661
3282.22481,0.02686
3281.26059,0.02716
3280.29636,0.02722
3279.33214,0.02699
3278.36791,0.02666
3277.40369,0.02646
3276.43946,0.02638
3275.47523,0.02629
3274.51101,0.02619
3273.54678,0.02615
3272.58256,0.02618
3271.61833,0.02615
3270.65410,0.02592
3269.68988,0.02562
3268.72565,0.02556
3267.76143,0.02590
3266.79720,0.02648
3265.83297,0.02695
3264.86875,0.02711
3263.90452,0.02703
3262.94030,0.02690
3261.97607,0.02685
3261.01185,0.02686
3260.04762,0.02688
3259.08339,0.02680
3258.11917,0.02656
3257.15494,0.02614
3256.19072,0.02576
3255.22649,0.02571
3254.26226,0.02612
3253.29804,0.02680
3252.33381,0.02736
3251.36959,0.02752
3250.40536,0.02730
3249.44114,0.02689
3248.47691,0.02646
3247.51268,0.02605
3246.54846,0.02567
3245.58423,0.02536
3244.62001,0.02514
3243.65578,0.02498
3242.69155,0.02492
3241.72733,0.02507
3240.76310,0.02548
3239.79888,0.02597
3238.83465,0.02623
3237.87042,0.02615
3236.90620,0.02598
3235.94197,0.02612
3234.97775,0.02662
3234.01352,0.02708
3233.04930,0.02698
3232.08507,0.02620
3231.12084,0.02513
3230.15662,0.02440
3229.19239,0.02436
3228.22817,0.02495
3227.26394,0.02581
3226.29971,0.02648
3225.33549,0.02668
3224.37126,0.02641
3223.40704,0.02595
3222.44281,0.02561
3221.47859,0.02557
3220.51436,0.02573
3219.55013,0.02593
3218.58591,0.02610
3217.62168,0.02630
3216.65746,0.02652
3215.69323,0.02667
3214.72900,0.02662
3213.76478,0.02637
3212.80055,0.02601
3211.83633,0.02569
3210.87210,0.02554
3209.90788,0.02568
3208.94365,0.02613
3207.97942,0.02677
3207.01520,0.02731
3206.05097,0.02749
3205.08675,0.02723
3204.12252,0.02669
3203.15829,0.02609
3202.19407,0.02552
3201.22984,0.02498
3200.26562,0.02450
3199.30139,0.02421
3198.33716,0.02425
3197.37294,0.02462
3196.40871,0.02513
3195.44449,0.02552
3194.48026,0.02567
3193.51604,0.02565
3192.55181,0.02569
3191.58758,0.02593
3190.62336,0.02627
3189.65913,0.02638
3188.69491,0.02606
3187.73068,0.02540
3186.76645,0.02475
3185.80223,0.02437
3184.83800,0.02419
3183.87378,0.02402
3182.90955,0.02379
3181.94533,0.02367
3180.98110,0.02386
3180.01687,0.02428
3179.05265,0.02466
3178.08842,0.02482
3177.12420,0.02480
3176.15997,0.02476
3175.19574,0.02476
3174.23152,0.02473
3173.26729,0.02463
3172.30307,0.02452
3171.33884,0.02453
3170.37461,0.02471
3169.41039,0.02498
3168.44616,0.02525
3167.48194,0.02542
3166.51771,0.02539
3165.55349,0.02505
3164.58926,0.02443
3163.62503,0.02374
3162.66081,0.02331
3161.69658,0.02336
3160.73236,0.02384
3159.76813,0.02443
3158.80390,0.02481
3157.83968,0.02486
3156.87545,0.02472
3155.91123,0.02462
3154.94700,0.02464
3153.98278,0.02473
3153.01855,0.02472
3152.05432,0.02455
3151.09010,0.02427
3150.12587,0.02392
3149.16165,0.02349
3148.19742,0.02299
3147.23319,0.02253
3146.26897,0.02222
3145.30474,0.02207
3144.34052,0.02196
3143.37629,0.02180
3142.41207,0.02170
3141.44784,0.02190
3140.48361,0.02242
3139.51939,0.02307
3138.55516,0.02352
3137.59094,0.02368
3136.62671,0.02362
3135.66248,0.02347
3134.69826,0.02326
3133.73403,0.02305
3132.76981,0.02300
3131.80558,0.02323
3130.84135,0.02363
3129.87713,0.02392
3128.91290,0.02385
3127.94868,0.02342
3126.98445,0.02285
3126.02023,0.02232
3125.05600,0.02193
3124.09177,0.02180
3123.12755,0.02204
3122.16332,0.02264
3121.19910,0.02333
3120.23487,0.02374
3119.27064,0.02368
3118.30642,0.02324
3117.34219,0.02264
3116.37797,0.02206
3115.41374,0.02161
3114.44952,0.02142
3113.48529,0.02161
3112.52106,0.02208
3111.55684,0.02251
3110.59261,0.02255
3109.62839,0.02218
3108.66416,0.02166
3107.69993,0.02131
3106.73571,0.02126
3105.77148,0.02142
3104.80726,0.02161
3103.84303,0.02172
3102.87881,0.02166
3101.91458,0.02143
3100.95035,0.02109
3099.98613,0.02077
3099.02190,0.02057
3098.05768,0.02047
3097.09345,0.02042
3096.12922,0.02039
3095.16500,0.02047
3094.20077,0.02073
3093.23655,0.02113
3092.27232,0.02159
3091.30809,0.02202
3090.34387,0.02237
3089.37964,0.02261
3088.41542,0.02271
3087.45119,0.02268
3086.48697,0.02257
3085.52274,0.02246
3084.55851,0.02240
3083.59429,0.02236
3082.63006,0.02226
3081.66584,0.02205
3080.70161,0.02170
3079.73738,0.02125
3078.77316,0.02078
3077.80893,0.02041
3076.84471,0.02018
3075.88048,0.02006
3074.91626,0.01993
3073.95203,0.01973
3072.98780,0.01955
3072.02358,0.01950
3071.05935,0.01967
3070.09513,0.02001
3069.13090,0.02036
3068.16667,0.02054
3067.20245,0.02046
3066.23822,0.02021
3065.27400,0.01996
3064.30977,0.01991
3063.34554,0.02012
3062.38132,0.02050
3061.41709,0.02089
3060.45287,0.02118
3059.48864,0.02134
3058.52442,0.02138
3057.56019,0.02125
3056.59596,0.02094
3055.63174,0.02049
3054.66751,0.02002
3053.70329,0.01967
3052.73906,0.01951
3051.77483,0.01956
3050.81061,0.01978
3049.84638,0.02009
3048.88216,0.02039
3047.91793,0.02057
3046.95371,0.02056
3045.98948,0.02039
3045.02525,0.02013
3044.06103,0.01989
3043.09680,0.01976
3042.13258,0.01973
3041.16835,0.01972
3040.20412,0.01956
3039.23990,0.01916
3038.27567,0.01863
3037.31145,0.01822
3036.34722,0.01818
3035.38300,0.01852
3034.41877,0.01896
3033.45454,0.01925
3032.49032,0.01931
3031.52609,0.01929
3030.56187,0.01932
3029.59764,0.01941
3028.63341,0.01946
3027.66919,0.01941
3026.70496,0.01937
3025.74074,0.01944
3024.77651,0.01966
3023.81228,0.01986
3022.84806,0.01989
3021.88383,0.01971
3020.91961,0.01944
3019.95538,0.01924
3018.99116,0.01918
3018.02693,0.01919
3017.06270,0.01922
3016.09848,0.01923
3015.13425,0.01922
3014.17003,0.01917
3013.20580,0.01901
3012.24157,0.01875
3011.27735,0.01852
3010.31312,0.01847
3009.34890,0.01861
3008.38467,0.01878
3007.42045,0.01881
3006.45622,0.01873
3005.49199,0.01876
3004.52777,0.01906
3003.56354,0.01950
3002.59932,0.01980
3001.63509,0.01980
3000.67086,0.01960
2999.70664,0.01948
2998.74241,0.01955
2997.77819,0.01969
2996.81396,0.01965
2995.84974,0.01932
2994.88551,0.01877
2993.92128,0.01820
2992.95706,0.01777
2991.99283,0.01754
2991.02861,0.01752
2990.06438,0.01768
2989.10015,0.01793
2988.13593,0.01816
2987.17170,0.01831
2986.20748,0.01841
2985.24325,0.01852
2984.27902,0.01862
2983.31480,0.01856
2982.35057,0.01825
2981.38635,0.01779
2980.42212,0.01744
2979.45790,0.01739
2978.49367,0.01761
2977.52944,0.01783
2976.56522,0.01782
2975.60099,0.01768
2974.63677,0.01774
2973.67254,0.01826
2972.70831,0.01908
2971.74409,0.01972
2970.77986,0.01982
2969.81564,0.01941
2968.85141,0.01884
2967.88719,0.01842
2966.92296,0.01823
2965.95873,0.01813
2964.99451,0.01809
2964.03028,0.01814
2963.06606,0.01833
2962.10183,0.01856
2961.13760,0.01867
2960.17338,0.01858
2959.20915,0.01836
2958.24493,0.01812
2957.28070,0.01789
2956.31647,0.01770
2955.35225,0.01760
2954.38802,0.01765
2953.42380,0.01785
2952.45957,0.01810
2951.49535,0.01834
2950.53112,0.01856
2949.56689,0.01876
2948.60267,0.01886
2947.63844,0.01870
2946.67422,0.01824
2945.70999,0.01765
2944.74576,0.01721
2943.78154,0.01714
2942.81731,0.01750
2941.85309,0.01812
2940.88886,0.01872
2939.92464,0.01901
2938.96041,0.01885
2937.99618,0.01833
2937.03196,0.01779
2936.06773,0.01753
2935.10351,0.01760
2934.13928,0.01779
2933.17505,0.01786
2932.21083,0.01780
2931.24660,0.01780
2930.28238,0.01795
2929.31815,0.01812
2928.35393,0.01810
2927.38970,0.01783
2926.42547,0.01748
2925.46125,0.01728
2924.49702,0.01732
2923.53280,0.01751
2922.56857,0.01776
2921.60434,0.01805
2920.64012,0.01841
2919.67589,0.01880
2918.71167,0.01907
2917.74744,0.01903
2916.78321,0.01868
2915.81899,0.01817
2914.85476,0.01777
2913.89054,0.01764
2912.92631,0.01771
2911.96209,0.01776
2910.99786,0.01760
2910.03363,0.01727
2909.06941,0.01695
2908.10518,0.01682
2907.14096,0.01684
2906.17673,0.01686
2905.21250,0.01675
2904.24828,0.01650
2903.28405,0.01626
2902.31983,0.01611
2901.35560,0.01606
2900.39138,0.01601
2899.42715,0.01591
2898.46292,0.01574
2897.49870,0.01564
2896.53447,0.01573
2895.57025,0.01607
2894.60602,0.01657
2893.64179,0.01703
2892.67757,0.01731
2891.71334,0.01742
2890.74912,0.01746
2889.78489,0.01743
2888.82066,0.01730
2887.85644,0.01705
2886.89221,0.01684
2885.92799,0.01689
2884.96376,0.01722
2883.99954,0.01763
2883.03531,0.01788
2882.07108,0.01792
2881.10686,0.01787
2880.14263,0.01778
2879.17841,0.01759
2878.21418,0.01725
2877.24995,0.01691
2876.28573,0.01683
2875.32150,0.01709
2874.35728,0.01745
2873.39305,0.01750
2872.42883,0.01706
2871.46460,0.01633
2870.50037,0.01571
2869.53615,0.01548
2868.57192,0.01567
2867.60770,0.01613
2866.64347,0.01667
2865.67924,0.01715
2864.71502,0.01744
2863.75079,0.01751
2862.78657,0.01743
2861.82234,0.01733
2860.85812,0.01731
2859.89389,0.01735
2858.92966,0.01735
2857.96544,0.01727
2857.00121,0.01717
2856.03699,0.01716
2855.07276,0.01725
2854.10853,0.01730
2853.14431,0.01717
2852.18008,0.01691
2851.21586,0.01674
2850.25163,0.01685
2849.28740,0.01725
2848.32318,0.01773
2847.35895,0.01807
2846.39473,0.01820
2845.43050,0.01812
2844.46628,0.01785
2843.50205,0.01734
2842.53782,0.01667
2841.57360,0.01611
2840.60937,0.01594
2839.64515,0.01618
2838.68092,0.01655
2837.71669,0.01674
2836.75247,0.01670
2835.78824,0.01665
2834.82402,0.01681
2833.85979,0.01711
2832.89557,0.01728
2831.93134,0.01716
2830.96711,0.01679
2830.00289,0.01634
2829.03866,0.01589
2828.07444,0.01550
2827.11021,0.01526
2826.14598,0.01534
2825.18176,0.01576
2824.21753,0.01631
2823.25331,0.01672
2822.28908,0.01684
2821.32486,0.01679
2820.36063,0.01675
2819.39640,0.01677
2818.43218,0.01676
2817.46795,0.01667
2816.50373,0.01657
2815.53950,0.01652
2814.57527,0.01650
2813.61105,0.01642
2812.64682,0.01625
2811.68260,0.01605
2810.71837,0.01593
2809.75414,0.01596
2808.78992,0.01611
2807.82569,0.01627
2806.86147,0.01637
2805.89724,0.01635
2804.93302,0.01620
2803.96879,0.01595
2803.00456,0.01569
2802.04034,0.01551
2801.07611,0.01551
2800.11189,0.01572
2799.14766,0.01608
2798.18343,0.01645
2797.21921,0.01668
2796.25498,0.01669
2795.29076,0.01656
2794.32653,0.01642
2793.36231,0.01636
2792.39808,0.01637
2791.43385,0.01639
2790.46963,0.01640
2789.50540,0.01646
2788.54118,0.01658
2787.57695,0.01667
2786.61272,0.01666
2785.64850,0.01653
2784.68427,0.01632
2783.72005,0.01613
2782.75582,0.01602
2781.79159,0.01603
2780.82737,0.01610
2779.86314,0.01610
2778.89892,0.01586
2777.93469,0.01533
2776.97047,0.01469
2776.00624,0.01428
2775.04201,0.01434
2774.07779,0.01477
2773.11356,0.01527
2772.14934,0.01557
2771.18511,0.01561
2770.22088,0.01554
2769.25666,0.01552
2768.29243,0.01565
2767.32821,0.01594
2766.36398,0.01632
2765.39976,0.01664
2764.43553,0.01671
2763.47130,0.01648
2762.50708,0.01608
2761.54285,0.01579
2760.57863,0.01581
2759.61440,0.01612
2758.65017,0.01649
2757.68595,0.01669
2756.72172,0.01669
2755.75750,0.01659
2754.79327,0.01654
2753.82905,0.01659
2752.86482,0.01671
2751.90059,0.01686
2750.93637,0.01708
2749.97214,0.01735
2749.00792,0.01758
2748.04369,0.01756
2747.07946,0.01717
2746.11524,0.01657
2745.15101,0.01604
2744.18679,0.01581
2743.22256,0.01580
2742.25833,0.01577
2741.29411,0.01560
2740.32988,0.01545
2739.36566,0.01555
2738.40143,0.01599
2737.43721,0.01654
2736.47298,0.01691
2735.50875,0.01696
2734.54453,0.01679
2733.58030,0.01656
2732.61608,0.01637
2731.65185,0.01620
2730.68762,0.01602
2729.72340,0.01581
2728.75917,0.01561
2727.79495,0.01548
2726.83072,0.01549
2725.86650,0.01567
2724.90227,0.01595
2723.93804,0.01619
2722.97382,0.01627
2722.00959,0.01621
2721.04537,0.01615
2720.08114,0.01618
2719.11691,0.01628
2718.15269,0.01634
2717.18846,0.01631
2716.22424,0.01625
2715.26001,0.01626
2714.29579,0.01639
2713.33156,0.01655
2712.36733,0.01661
2711.40311,0.01648
2710.43888,0.01622
2709.47466,0.01595
2708.51043,0.01582
2707.54620,0.01586
2706.58198,0.01604
2705.61775,0.01625
2704.65353,0.01645
2703.68930,0.01666
2702.72507,0.01687
2701.76085,0.01704
2700.79662,0.01710
2699.83240,0.01702
2698.86817,0.01682
2697.90395,0.01660
2696.93972,0.01644
2695.97549,0.01644
2695.01127,0.01659
2694.04704,0.01684
2693.08282,0.01707
2692.11859,0.01717
2691.15436,0.01710
2690.19014,0.01688
2689.22591,0.01661
2688.26169,0.01641
2687.29746,0.01634
2686.33324,0.01641
2685.36901,0.01649
2684.40478,0.01648
2683.44056,0.01635
2682.47633,0.01626
2681.51211,0.01635
2680.54788,0.01662
2679.58365,0.01692
2678.61943,0.01711
2677.65520,0.01722
2676.69098,0.01740
2675.72675,0.01766
2674.76252,0.01781
2673.79830,0.01761
2672.83407,0.01700
2671.86985,0.01627
2670.90562,0.01579
2669.94140,0.01575
2668.97717,0.01602
2668.01294,0.01630
2667.04872,0.01634
2666.08449,0.01611
2665.12027,0.01578
2664.15604,0.01552
2663.19181,0.01546
2662.22759,0.01560
2661.26336,0.01586
2660.29914,0.01617
2659.33491,0.01648
2658.37069,0.01674
2657.40646,0.01690
2656.44223,0.01691
2655.47801,0.01673
2654.51378,0.01644
2653.54956,0.01613
2652.58533,0.01589
2651.62110,0.01573
2650.65688,0.01562
2649.69265,0.01553
2648.72843,0.01551
2647.76420,0.01561
2646.79998,0.01584
2645.83575,0.01613
2644.87152,0.01636
2643.90730,0.01646
2642.94307,0.01645
2641.97885,0.01638
2641.01462,0.01627
2640.05039,0.01613
2639.08617,0.01602
2638.12194,0.01600
2637.15772,0.01608
2636.19349,0.01618
2635.22926,0.01620
2634.26504,0.01614
2633.30081,0.01611
2632.33659,0.01616
2631.37236,0.01624
2630.40814,0.01625
2629.44391,0.01616
2628.47968,0.01607
2627.51546,0.01606
2626.55123,0.01612
2625.58701,0.01619
2624.62278,0.01625
2623.65855,0.01638
2622.69433,0.01661
2621.73010,0.01684
2620.76588,0.01691
2619.80165,0.01672
2618.83743,0.01633
2617.87320,0.01593
2616.90897,0.01567
2615.94475,0.01560
2614.98052,0.01564
2614.01630,0.01570
2613.05207,0.01573
2612.08784,0.01578
2611.12362,0.01592
2610.15939,0.01612
2609.19517,0.01624
2608.23094,0.01614
2607.26672,0.01590
2606.30249,0.01581
2605.33826,0.01603
2604.37404,0.01644
2603.40981,0.01669
2602.44559,0.01658
2601.48136,0.01623
2600.51713,0.01595
2599.55291,0.01588
2598.58868,0.01592
2597.62446,0.01591
2596.66023,0.01583
2595.69600,0.01573
2594.73178,0.01565
2593.76755,0.01557
2592.80333,0.01552
2591.83910,0.01559
2590.87488,0.01586
2589.91065,0.01625
2588.94642,0.01662
2587.98220,0.01684
2587.01797,0.01695
2586.05375,0.01702
2585.08952,0.01707
2584.12529,0.01710
2583.16107,0.01706
2582.19684,0.01687
2581.23262,0.01649
2580.26839,0.01601
2579.30417,0.01563
2578.33994,0.01552
2577.37571,0.01559
2576.41149,0.01561
2575.44726,0.01544
2574.48304,0.01522
2573.51881,0.01523
2572.55458,0.01556
2571.59036,0.01602
2570.62613,0.01636
2569.66191,0.01649
2568.69768,0.01652
2567.73345,0.01652
2566.76923,0.01649
2565.80500,0.01645
2564.84078,0.01647
2563.87655,0.01663
2562.91233,0.01682
2561.94810,0.01684
2560.98387,0.01658
2560.01965,0.01618
2559.05542,0.01588
2558.09120,0.01581
2557.12697,0.01593
2556.16274,0.01611
2555.19852,0.01621
2554.23429,0.01617
2553.27007,0.01599
2552.30584,0.01577
2551.34162,0.01565
2550.37739,0.01570
2549.41316,0.01587
2548.44894,0.01606
2547.48471,0.01625
2546.52049,0.01645
2545.55626,0.01661
2544.59203,0.01659
2543.62781,0.01637
2542.66358,0.01612
2541.69936,0.01607
2540.73513,0.01629
2539.77091,0.01660
2538.80668,0.01679
2537.84245,0.01679
2536.87823,0.01666
2535.91400,0.01645
2534.94978,0.01616
2533.98555,0.01580
2533.02132,0.01551
2532.05710,0.01541
2531.09287,0.01545
2530.12865,0.01547
2529.16442,0.01539
2528.20019,0.01533
2527.23597,0.01545
2526.27174,0.01576
2525.30752,0.01610
2524.34329,0.01630
2523.37907,0.01635
2522.41484,0.01634
2521.45061,0.01635
2520.48639,0.01638
2519.52216,0.01639
2518.55794,0.01639
2517.59371,0.01643
2516.62948,0.01654
2515.66526,0.01669
2514.70103,0.01681
2513.73681,0.01681
2512.77258,0.01662
2511.80836,0.01629
2510.84413,0.01596
2509.87990,0.01581
2508.91568,0.01589
2507.95145,0.01616
2506.98723,0.01644
2506.02300,0.01659
2505.05877,0.01653
2504.09455,0.01628
2503.13032,0.01599
2502.16610,0.01584
2501.20187,0.01596
2500.23764,0.01626
2499.27342,0.01653
2498.30919,0.01664
2497.34497,0.01660
2496.38074,0.01659
2495.41652,0.01670
2494.45229,0.01687
2493.48806,0.01696
2492.52384,0.01689
2491.55961,0.01669
2490.59539,0.01647
2489.63116,0.01632
2488.66693,0.01628
2487.70271,0.01634
2486.73848,0.01644
2485.77426,0.01652
2484.81003,0.01656
2483.84581,0.01653
2482.88158,0.01642
2481.91735,0.01617
2480.95313,0.01576
2479.98890,0.01530
2479.02468,0.01498
2478.06045,0.01494
2477.09622,0.01517
2476.13200,0.01550
2475.16777,0.01577
2474.20355,0.01596
2473.23932,0.01611
2472.27510,0.01623
2471.31087,0.01633
2470.34664,0.01639
2469.38242,0.01644
2468.41819,0.01646
2467.45397,0.01641
2466.48974,0.01629
2465.52551,0.01614
2464.56129,0.01606
2463.59706,0.01609
2462.63284,0.01615
2461.66861,0.01615
2460.70438,0.01609
2459.74016,0.01608
2458.77593,0.01620
2457.81171,0.01645
2456.84748,0.01676
2455.88326,0.01708
2454.91903,0.01736
2453.95480,0.01750
2452.99058,0.01741
2452.02635,0.01711
2451.06213,0.01677
2450.09790,0.01659
2449.13367,0.01663
2448.16945,0.01674
2447.20522,0.01671
2446.24100,0.01648
2445.27677,0.01618
2444.31255,0.01597
2443.34832,0.01591
2442.38409,0.01597
2441.41987,0.01604
2440.45564,0.01610
2439.49142,0.01615
2438.52719,0.01616
2437.56296,0.01615
2436.59874,0.01615
2435.63451,0.01623
2434.67029,0.01638
2433.70606,0.01653
2432.74184,0.01656
2431.77761,0.01640
2430.81338,0.01612
2429.84916,0.01588
2428.88493,0.01579
2427.92071,0.01586
2426.95648,0.01604
2425.99225,0.01624
2425.02803,0.01634
2424.06380,0.01626
2423.09958,0.01605
2422.13535,0.01588
2421.17112,0.01593
2420.20690,0.01622
2419.24267,0.01654
2418.27845,0.01660
2417.31422,0.01632
2416.35000,0.01586
2415.38577,0.01551
2414.42154,0.01542
2413.45732,0.01551
2412.49309,0.01559
2411.52887,0.01558
2410.56464,0.01554
2409.60041,0.01560
2408.63619,0.01580
2407.67196,0.01611
2406.70774,0.01642
2405.74351,0.01663
2404.77929,0.01670
2403.81506,0.01662
2402.85083,0.01648
2401.88661,0.01640
2400.92238,0.01648
2399.95816,0.01672
2398.99393,0.01701
2398.02970,0.01722
2397.06548,0.01726
2396.10125,0.01713
2395.13703,0.01687
2394.17280,0.01656
2393.20857,0.01628
2392.24435,0.01609
2391.28012,0.01600
2390.31590,0.01597
2389.35167,0.01591
2388.38745,0.01582
2387.42322,0.01575
2386.45899,0.01575
2385.49477,0.01581
2384.53054,0.01588
2383.56632,0.01598
2382.60209,0.01615
2381.63786,0.01638
2380.67364,0.01657
2379.70941,0.01661
2378.74519,0.01648
2377.78096,0.01631
2376.81674,0.01619
2375.85251,0.01609
2374.88828,0.01592
2373.92406,0.01568
2372.95983,0.01551
2371.99561,0.01552
2371.03138,0.01568
2370.06715,0.01585
2369.10293,0.01593
2368.13870,0.01598
2367.17448,0.01604
2366.21025,0.01602
2365.24603,0.01576
2364.28180,0.01532
2363.31757,0.01497
2362.35335,0.01498
2361.38912,0.01529
2360.42490,0.01559
2359.46067,0.01560
2358.49644,0.01539
2357.53222,0.01525
2356.56799,0.01537
2355.60377,0.01568
2354.63954,0.01602
2353.67531,0.01630
2352.71109,0.01656
2351.74686,0.01687
2350.78264,0.01716
2349.81841,0.01737
2348.85419,0.01743
2347.88996,0.01737
2346.92573,0.01722
2345.96151,0.01694
2344.99728,0.01651
2344.03306,0.01602
2343.06883,0.01564
2342.10460,0.01552
2341.14038,0.01559
2340.17615,0.01563
2339.21193,0.01550
2338.24770,0.01524
2337.28348,0.01502
2336.31925,0.01494
2335.35502,0.01495
2334.39080,0.01499
2333.42657,0.01511
2332.46235,0.01539
2331.49812,0.01586
2330.53389,0.01633
2329.56967,0.01662
2328.60544,0.01671
2327.64122,0.01669
2326.67699,0.01670
2325.71277,0.01672
2324.74854,0.01672
2323.78431,0.01670
2322.82009,0.01670
2321.85586,0.01671
2320.89164,0.01668
2319.92741,0.01660
2318.96318,0.01650
2317.99896,0.01639
2317.03473,0.01625
2316.07051,0.01607
2315.10628,0.01596
2314.14205,0.01607
2313.17783,0.01639
2312.21360,0.01670
2311.24938,0.01679
2310.28515,0.01660
2309.32093,0.01636
2308.35670,0.01628
2307.39247,0.01634
2306.42825,0.01637
2305.46402,0.01625
2304.49980,0.01605
2303.53557,0.01595
2302.57134,0.01603
2301.60712,0.01623
2300.64289,0.01643
2299.67867,0.01658
2298.71444,0.01668
2297.75022,0.01672
2296.78599,0.01665
2295.82176,0.01644
2294.85754,0.01616
2293.89331,0.01592
2292.92909,0.01587
2291.96486,0.01599
2291.00063,0.01617
2290.03641,0.01624
2289.07218,0.01613
2288.10796,0.01592
2287.14373,0.01580
2286.17950,0.01582
2285.21528,0.01595
2284.25105,0.01608
2283.28683,0.01615
2282.32260,0.01615
2281.35838,0.01609
2280.39415,0.01597
2279.42992,0.01588
2278.46570,0.01596
2277.50147,0.01626
2276.53725,0.01664
2275.57302,0.01691
2274.60879,0.01702
2273.64457,0.01706
2272.68034,0.01711
2271.71612,0.01707
2270.75189,0.01679
2269.78767,0.01632
2268.82344,0.01591
2267.85921,0.01578
2266.89499,0.01590
2265.93076,0.01602
2264.96654,0.01598
2264.00231,0.01582
2263.03808,0.01573
2262.07386,0.01579
2261.10963,0.01596
2260.14541,0.01618
2259.18118,0.01640
2258.21696,0.01656
2257.25273,0.01655
2256.28850,0.01635
2255.32428,0.01610
2254.36005,0.01600
2253.39583,0.01615
2252.43160,0.01645
2251.46737,0.01675
2250.50315,0.01694
2249.53892,0.01704
2248.57470,0.01706
2247.61047,0.01699
2246.64624,0.01682
2245.68202,0.01658
2244.71779,0.01631
2243.75357,0.01605
2242.78934,0.01581
2241.82512,0.01567
2240.86089,0.01573
2239.89666,0.01596
2238.93244,0.01622
2237.96821,0.01630
2237.00399,0.01616
2236.03976,0.01594
2235.07553,0.01583
2234.11131,0.01594
2233.14708,0.01618
2232.18286,0.01639
2231.21863,0.01647
2230.25441,0.01641
2229.29018,0.01630
2228.32595,0.01625
2227.36173,0.01633
2226.39750,0.01654
2225.43328,0.01679
2224.46905,0.01696
2223.50482,0.01698
2222.54060,0.01678
2221.57637,0.01643
2220.61215,0.01606
2219.64792,0.01586
2218.68369,0.01590
2217.71947,0.01605
2216.75524,0.01608
2215.79102,0.01586
2214.82679,0.01557
2213.86257,0.01552
2212.89834,0.01587
2211.93411,0.01647
2210.96989,0.01696
2210.00566,0.01708
2209.04144,0.01685
2208.07721,0.01650
2207.11298,0.01625
2206.14876,0.01618
2205.18453,0.01622
2204.22031,0.01633
2203.25608,0.01650
2202.29186,0.01673
2201.32763,0.01699
2200.36340,0.01722
2199.39918,0.01735
2198.43495,0.01736
2197.47073,0.01726
2196.50650,0.01709
2195.54227,0.01687
2194.57805,0.01663
2193.61382,0.01640
2192.64960,0.01622
2191.68537,0.01610
2190.72115,0.01601
2189.75692,0.01592
2188.79269,0.01583
2187.82847,0.01576
2186.86424,0.01576
2185.90002,0.01584
2184.93579,0.01592
2183.97156,0.01592
2183.00734,0.01589
2182.04311,0.01592
2181.07889,0.01608
2180.11466,0.01632
2179.15043,0.01652
2178.18621,0.01658
2177.22198,0.01657
2176.25776,0.01656
2175.29353,0.01659
2174.32931,0.01660
2173.36508,0.01654
2172.40085,0.01647
2171.43663,0.01655
2170.47240,0.01681
2169.50818,0.01715
2168.54395,0.01742
2167.57972,0.01754
2166.61550,0.01756
2165.65127,0.01754
2164.68705,0.01745
2163.72282,0.01725
2162.75860,0.01700
2161.79437,0.01681
2160.83014,0.01678
2159.86592,0.01689
2158.90169,0.01703
2157.93747,0.01711
2156.97324,0.01714
2156.00901,0.01711
2155.04479,0.01700
2154.08056,0.01684
2153.11634,0.01673
2152.15211,0.01677
2151.18789,0.01694
2150.22366,0.01705
2149.25943,0.01693
2148.29521,0.01661
2147.33098,0.01629
2146.36676,0.01621
2145.40253,0.01646
2144.43830,0.01694
2143.47408,0.01741
2142.50985,0.01766
2141.54563,0.01760
2140.58140,0.01730
2139.61717,0.01694
2138.65295,0.01668
2137.68872,0.01656
2136.72450,0.01648
2135.76027,0.01636
2134.79605,0.01624
2133.83182,0.01622
2132.86759,0.01632
2131.90337,0.01643
2130.93914,0.01644
2129.97492,0.01634
2129.01069,0.01627
2128.04646,0.01633
2127.08224,0.01650
2126.11801,0.01667
2125.15379,0.01681
2124.18956,0.01696
2123.22534,0.01714
2122.26111,0.01729
2121.29688,0.01729
2120.33266,0.01705
2119.36843,0.01662
2118.40421,0.01618
2117.43998,0.01593
2116.47575,0.01599
2115.51153,0.01631
2114.54730,0.01670
2113.58308,0.01696
2112.61885,0.01702
2111.65462,0.01695
2110.69040,0.01688
2109.72617,0.01687
2108.76195,0.01684
2107.79772,0.01668
2106.83350,0.01636
2105.86927,0.01599
2104.90504,0.01572
2103.94082,0.01561
2102.97659,0.01562
2102.01237,0.01565
2101.04814,0.01565
2100.08391,0.01564
2099.11969,0.01569
2098.15546,0.01584
2097.19124,0.01602
2096.22701,0.01619
2095.26279,0.01630
2094.29856,0.01639
2093.33433,0.01651
2092.37011,0.01659
2091.40588,0.01657
2090.44166,0.01641
2089.47743,0.01619
2088.51320,0.01606
2087.54898,0.01604
2086.58475,0.01609
2085.62053,0.01614
2084.65630,0.01616
2083.69208,0.01615
2082.72785,0.01613
2081.76362,0.01607
2080.79940,0.01600
2079.83517,0.01595
2078.87095,0.01592
2077.90672,0.01588
2076.94249,0.01579
2075.97827,0.01568
2075.01404,0.01560
2074.04982,0.01560
2073.08559,0.01564
2072.12136,0.01567
2071.15714,0.01566
2070.19291,0.01565
2069.22869,0.01564
2068.26446,0.01564
2067.30024,0.01570
2066.33601,0.01586
2065.37178,0.01612
2064.40756,0.01635
2063.44333,0.01641
2062.47911,0.01627
2061.51488,0.01607
2060.55065,0.01602
2059.58643,0.01616
2058.62220,0.01639
2057.65798,0.01651
2056.69375,0.01644
2055.72953,0.01620
2054.76530,0.01591
2053.80107,0.01569
2052.83685,0.01561
2051.87262,0.01569
2050.90840,0.01585
2049.94417,0.01601
2048.97994,0.01609
2048.01572,0.01607
2047.05149,0.01598
2046.08727,0.01587
2045.12304,0.01578
2044.15882,0.01576
2043.19459,0.01582
2042.23036,0.01591
2041.26614,0.01596
2040.30191,0.01597
2039.33769,0.01599
2038.37346,0.01609
2037.40923,0.01628
2036.44501,0.01645
2035.48078,0.01648
2034.51656,0.01637
2033.55233,0.01624
2032.58810,0.01619
2031.62388,0.01624
2030.65965,0.01629
2029.69543,0.01621
2028.73120,0.01600
2027.76698,0.01571
2026.80275,0.01544
2025.83852,0.01523
2024.87430,0.01510
2023.91007,0.01506
2022.94585,0.01512
2021.98162,0.01527
2021.01739,0.01547
2020.05317,0.01560
2019.08894,0.01558
2018.12472,0.01546
2017.16049,0.01538
2016.19627,0.01547
2015.23204,0.01578
2014.26781,0.01615
2013.30359,0.01637
2012.33936,0.01632
2011.37514,0.01605
2010.41091,0.01572
2009.44668,0.01546
2008.48246,0.01527
2007.51823,0.01509
2006.55401,0.01489
2005.58978,0.01471
2004.62555,0.01465
2003.66133,0.01475
2002.69710,0.01499
2001.73288,0.01529
2000.76865,0.01559
1999.80443,0.01584
1998.84020,0.01603
1997.87597,0.01613
1996.91175,0.01615
1995.94752,0.01612
1994.98330,0.01603
1994.01907,0.01586
1993.05484,0.01552
1992.09062,0.01503
1991.12639,0.01455
1990.16217,0.01429
1989.19794,0.01431
1988.23372,0.01455
1987.26949,0.01486
1986.30526,0.01520
1985.34104,0.01556
1984.37681,0.01588
1983.41259,0.01604
1982.44836,0.01601
1981.48413,0.01588
1980.51991,0.01584
1979.55568,0.01592
1978.59146,0.01598
1977.62723,0.01587
1976.66301,0.01563
1975.69878,0.01543
1974.73455,0.01535
1973.77033,0.01529
1972.80610,0.01512
1971.84188,0.01487
1970.87765,0.01471
1969.91342,0.01480
1968.94920,0.01508
1967.98497,0.01533
1967.02075,0.01541
1966.05652,0.01532
1965.09229,0.01519
1964.12807,0.01516
1963.16384,0.01528
1962.19962,0.01549
1961.23539,0.01565
1960.27117,0.01564
1959.30694,0.01544
1958.34271,0.01515
1957.37849,0.01491
1956.41426,0.01479
1955.45004,0.01477
1954.48581,0.01481
1953.52158,0.01486
1952.55736,0.01493
1951.59313,0.01498
1950.62891,0.01502
1949.66468,0.01509
1948.70046,0.01521
1947.73623,0.01530
1946.77200,0.01524
1945.80778,0.01496
1944.84355,0.01460
1943.87933,0.01439
1942.91510,0.01448
1941.95087,0.01481
1940.98665,0.01514
1940.02242,0.01532
1939.05820,0.01532
1938.09397,0.01523
1937.12974,0.01515
1936.16552,0.01511
1935.20129,0.01512
1934.23707,0.01514
1933.27284,0.01510
1932.30862,0.01501
1931.34439,0.01496
1930.38016,0.01505
1929.41594,0.01530
1928.45171,0.01560
1927.48749,0.01577
1926.52326,0.01572
1925.55903,0.01547
1924.59481,0.01508
1923.63058,0.01469
1922.66636,0.01439
1921.70213,0.01429
1920.73791,0.01438
1919.77368,0.01458
1918.80945,0.01480
1917.84523,0.01501
1916.88100,0.01521
1915.91678,0.01535
1914.95255,0.01534
1913.98832,0.01513
1913.02410,0.01483
1912.05987,0.01456
1911.09565,0.01438
1910.13142,0.01423
1909.16720,0.01409
1908.20297,0.01407
1907.23874,0.01429
1906.27452,0.01467
1905.31029,0.01496
1904.34607,0.01492
1903.38184,0.01460
1902.41761,0.01422
1901.45339,0.01402
1900.48916,0.01403
1899.52494,0.01416
1898.56071,0.01428
1897.59648,0.01431
1896.63226,0.01428
1895.66803,0.01421
1894.70381,0.01420
1893.73958,0.01431
1892.77536,0.01452
1891.81113,0.01476
1890.84690,0.01493
1889.88268,0.01503
1888.91845,0.01511
1887.95423,0.01523
1886.99000,0.01535
1886.02577,0.01541
1885.06155,0.01535
1884.09732,0.01518
1883.13310,0.01498
1882.16887,0.01488
1881.20465,0.01493
1880.24042,0.01508
1879.27619,0.01514
1878.31197,0.01498
1877.34774,0.01467
1876.38352,0.01438
1875.41929,0.01428
1874.45506,0.01432
1873.49084,0.01439
1872.52661,0.01444
1871.56239,0.01452
1870.59816,0.01466
1869.63394,0.01475
1868.66971,0.01467
1867.70548,0.01443
1866.74126,0.01421
1865.77703,0.01414
1864.81281,0.01420
1863.84858,0.01424
1862.88435,0.01421
1861.92013,0.01421
1860.95590,0.01436
1859.99168,0.01462
1859.02745,0.01488
1858.06322,0.01500
1857.09900,0.01497
1856.13477,0.01483
1855.17055,0.01463
1854.20632,0.01445
1853.24210,0.01437
1852.27787,0.01441
1851.31364,0.01455
1850.34942,0.01469
1849.38519,0.01477
1848.42097,0.01483
1847.45674,0.01492
1846.49251,0.01502
1845.52829,0.01502
1844.56406,0.01488
1843.59984,0.01468
1842.63561,0.01461
1841.67139,0.01474
1840.70716,0.01501
1839.74293,0.01522
1838.77871,0.01521
1837.81448,0.01496
1836.85026,0.01462
1835.88603,0.01438
1834.92180,0.01436
1833.95758,0.01453
1832.99335,0.01475
1832.02913,0.01488
1831.06490,0.01483
1830.10067,0.01458
1829.13645,0.01421
1828.17222,0.01389
1827.20800,0.01377
1826.24377,0.01391
1825.27955,0.01425
1824.31532,0.01461
1823.35109,0.01486
1822.38687,0.01499
1821.42264,0.01507
1820.45842,0.01518
1819.49419,0.01529
1818.52996,0.01534
1817.56574,0.01531
1816.60151,0.01523
1815.63729,0.01515
1814.67306,0.01511
1813.70884,0.01513
1812.74461,0.01520
1811.78038,0.01532
1810.81616,0.01542
1809.85193,0.01544
1808.88771,0.01533
1807.92348,0.01513
1806.95925,0.01493
1805.99503,0.01484
1805.03080,0.01491
1804.06658,0.01511
1803.10235,0.01533
1802.13813,0.01542
1801.17390,0.01530
1800.20967,0.01505
1799.24545,0.01483
1798.28122,0.01473
1797.31700,0.01474
1796.35277,0.01474
1795.38854,0.01469
1794.42432,0.01467
1793.46009,0.01479
1792.49587,0.01501
1791.53164,0.01519
1790.56741,0.01518
1789.60319,0.01499
1788.63896,0.01472
1787.67474,0.01451
1786.71051,0.01439
1785.74629,0.01438
1784.78206,0.01446
1783.81783,0.01460
1782.85361,0.01473
1781.88938,0.01479
1780.92516,0.01478
1779.96093,0.01478
1778.99670,0.01488
1778.03248,0.01510
1777.06825,0.01536
1776.10403,0.01554
1775.13980,0.01561
1774.17558,0.01560
1773.21135,0.01557
1772.24712,0.01560
1771.28290,0.01574
1770.31867,0.01599
1769.35445,0.01623
1768.39022,0.01629
1767.42599,0.01610
1766.46177,0.01576
1765.49754,0.01545
1764.53332,0.01532
1763.56909,0.01534
1762.60487,0.01538
1761.64064,0.01533
1760.67641,0.01526
1759.71219,0.01527
1758.74796,0.01538
1757.78374,0.01551
1756.81951,0.01558
1755.85528,0.01560
1754.89106,0.01564
1753.92683,0.01574
1752.96261,0.01585
1751.99838,0.01594
1751.03415,0.01602
1750.06993,0.01620
1749.10570,0.01651
1748.14148,0.01688
1747.17725,0.01716
1746.21303,0.01729
1745.24880,0.01730
1744.28457,0.01727
1743.32035,0.01720
1742.35612,0.01704
1741.39190,0.01680
1740.42767,0.01657
1739.46344,0.01651
1738.49922,0.01669
1737.53499,0.01704
1736.57077,0.01740
1735.60654,0.01762
1734.64232,0.01770
1733.67809,0.01773
1732.71386,0.01780
1731.74964,0.01791
1730.78541,0.01804
1729.82119,0.01817
1728.85696,0.01829
1727.89273,0.01838
1726.92851,0.01839
1725.96428,0.01827
1725.00006,0.01806
1724.03583,0.01791
1723.07160,0.01799
1722.10738,0.01837
1721.14315,0.01898
1720.17893,0.01959
1719.21470,0.01998
1718.25048,0.02004
1717.28625,0.01985
1716.32202,0.01958
1715.35780,0.01939
1714.39357,0.01934
1713.42935,0.01940
1712.46512,0.01950
1711.50089,0.01956
1710.53667,0.01957
1709.57244,0.01953
1708.60822,0.01948
1707.64399,0.01947
1706.67977,0.01949
1705.71554,0.01955
1704.75131,0.01964
1703.78709,0.01981
1702.82286,0.02008
1701.85864,0.02043
1700.89441,0.02079
1699.93018,0.02109
1698.96596,0.02130
1698.00173,0.02148
1697.03751,0.02160
1696.07328,0.02158
1695.10906,0.02134
1694.14483,0.02090
1693.18060,0.02046
1692.21638,0.02022
1691.25215,0.02027
1690.28793,0.02051
1689.32370,0.02078
1688.35947,0.02096
1687.39525,0.02103
1686.43102,0.02099
1685.46680,0.02084
1684.50257,0.02061
1683.53834,0.02039
1682.57412,0.02027
1681.60989,0.02026
1680.64567,0.02032
1679.68144,0.02040
1678.71722,0.02045
1677.75299,0.02048
1676.78876,0.02046
1675.82454,0.02038
1674.86031,0.02024
1673.89609,0.02016
1672.93186,0.02027
1671.96763,0.02061
1671.00341,0.02114
1670.03918,0.02171
1669.07496,0.02216
1668.11073,0.02236
1667.14651,0.02223
1666.18228,0.02186
1665.21805,0.02144
1664.25383,0.02123
1663.28960,0.02134
1662.32538,0.02170
1661.36115,0.02208
1660.39692,0.02233
1659.43270,0.02245
1658.46847,0.02252
1657.50425,0.02256
1656.54002,0.02247
1655.57579,0.02224
1654.61157,0.02194
1653.64734,0.02172
1652.68312,0.02163
1651.71889,0.02161
1650.75467,0.02155
1649.79044,0.02144
1648.82621,0.02138
1647.86199,0.02148
1646.89776,0.02172
1645.93354,0.02200
1644.96931,0.02219
1644.00508,0.02223
1643.04086,0.02217
1642.07663,0.02201
1641.11241,0.02178
1640.14818,0.02147
1639.18396,0.02115
1638.21973,0.02093
1637.25550,0.02090
1636.29128,0.02100
1635.32705,0.02105
1634.36283,0.02095
1633.39860,0.02076
1632.43437,0.02068
1631.47015,0.02080
1630.50592,0.02099
1629.54170,0.02102
1628.57747,0.02079
1627.61325,0.02042
1626.64902,0.02013
1625.68479,0.02003
1624.72057,0.02005
1623.75634,0.02007
1622.79212,0.02010
1621.82789,0.02014
1620.86366,0.02021
1619.89944,0.02025
1618.93521,0.02022
1617.97099,0.02014
1617.00676,0.02003
1616.04253,0.01991
1615.07831,0.01977
1614.11408,0.01964
1613.14986,0.01952
1612.18563,0.01938
1611.22141,0.01920
1610.25718,0.01901
1609.29295,0.01888
1608.32873,0.01875
1607.36450,0.01848
1606.40028,0.01805
1605.43605,0.01766
1604.47182,0.01757
1603.50760,0.01782
1602.54337,0.01812
1601.57915,0.01812
1600.61492,0.01777
1599.65070,0.01736
1598.68647,0.01717
1597.72224,0.01722
1596.75802,0.01733
1595.79379,0.01743
1594.82957,0.01762
1593.86534,0.01797
1592.90111,0.01838
1591.93689,0.01857
1590.97266,0.01837
1590.00844,0.01781
1589.04421,0.01709
1588.07999,0.01645
1587.11576,0.01607
1586.15153,0.01603
1585.18731,0.01628
1584.22308,0.01661
1583.25886,0.01687
1582.29463,0.01706
1581.33040,0.01725
1580.36618,0.01747
1579.40195,0.01760
1578.43773,0.01748
1577.47350,0.01711
1576.50927,0.01661
1575.54505,0.01608
1574.58082,0.01561
1573.61660,0.01524
1572.65237,0.01508
1571.68815,0.01521
1570.72392,0.01552
1569.75969,0.01576
1568.79547,0.01573
1567.83124,0.01544
1566.86702,0.01512
1565.90279,0.01497
1564.93856,0.01509
1563.97434,0.01537
1563.01011,0.01565
1562.04589,0.01580
1561.08166,0.01580
1560.11744,0.01577
1559.15321,0.01580
1558.18898,0.01584
1557.22476,0.01570
1556.26053,0.01525
1555.29631,0.01466
1554.33208,0.01427
1553.36785,0.01434
1552.40363,0.01480
1551.43940,0.01530
1550.47518,0.01553
1549.51095,0.01542
1548.54672,0.01513
1547.58250,0.01495
1546.61827,0.01501
1545.65405,0.01529
1544.68982,0.01559
1543.72560,0.01570
1542.76137,0.01557
1541.79714,0.01536
1540.83292,0.01528
1539.86869,0.01535
1538.90447,0.01540
1537.94024,0.01529
1536.97601,0.01509
1536.01179,0.01504
1535.04756,0.01528
1534.08334,0.01567
1533.11911,0.01594
1532.15489,0.01592
1531.19066,0.01563
1530.22643,0.01525
1529.26221,0.01494
1528.29798,0.01481
1527.33376,0.01484
1526.36953,0.01495
1525.40530,0.01503
1524.44108,0.01505
1523.47685,0.01511
1522.51263,0.01527
1521.54840,0.01544
1520.58418,0.01542
1519.61995,0.01510
1518.65572,0.01460
1517.69150,0.01418
1516.72727,0.01402
1515.76305,0.01410
1514.79882,0.01429
1513.83459,0.01451
1512.87037,0.01475
1511.90614,0.01500
1510.94192,0.01524
1509.97769,0.01542
1509.01346,0.01551
1508.04924,0.01552
1507.08501,0.01542
1506.12079,0.01524
1505.15656,0.01502
1504.19234,0.01481
1503.22811,0.01459
1502.26388,0.01431
1501.29966,0.01399
1500.33543,0.01373
1499.37121,0.01362
1498.40698,0.01365
1497.44275,0.01377
1496.47853,0.01392
1495.51430,0.01406
1494.55008,0.01414
1493.58585,0.01405
1492.62163,0.01380
1491.65740,0.01355
1490.69317,0.01349
1489.72895,0.01368
1488.76472,0.01391
1487.80050,0.01397
1486.83627,0.01380
1485.87204,0.01349
1484.90782,0.01315
1483.94359,0.01278
1482.97937,0.01235
1482.01514,0.01197
1481.05092,0.01179
1480.08669,0.01186
1479.12246,0.01203
1478.15824,0.01212
1477.19401,0.01208
1476.22979,0.01199
1475.26556,0.01192
1474.30133,0.01178
1473.33711,0.01151
1472.37288,0.01113
1471.40866,0.01081
1470.44443,0.01064
1469.48020,0.01057
1468.51598,0.01046
1467.55175,0.01032
1466.58753,0.01028
1465.62330,0.01046
1464.65908,0.01075
1463.69485,0.01092
1462.73062,0.01090
1461.76640,0.01082
1460.80217,0.01086
1459.83795,0.01102
1458.87372,0.01097
1457.90949,0.01044
1456.94527,0.00945
1455.98104,0.00834
1455.01682,0.00752
1454.05259,0.00716
1453.08837,0.00718
1452.12414,0.00746
1451.15991,0.00779
1450.19569,0.00799
1449.23146,0.00795
1448.26724,0.00776
1447.30301,0.00764
1446.33878,0.00775
1445.37456,0.00803
1444.41033,0.00830
1443.44611,0.00856
1442.48188,0.00891
1441.51765,0.00931
1440.55343,0.00951
1439.58920,0.00928
1438.62498,0.00867
1437.66075,0.00803
1436.69653,0.00768
1435.73230,0.00770
1434.76807,0.00808
1433.80385,0.00885
1432.83962,0.01001
1431.87540,0.01127
1430.91117,0.01209
1429.94694,0.01206
1428.98272,0.01131
1428.01849,0.01045
1427.05427,0.01006
1426.09004,0.01029
1425.12582,0.01086
1424.16159,0.01134
1423.19736,0.01151
1422.23314,0.01137
1421.26891,0.01108
1420.30469,0.01079
1419.34046,0.01056
1418.37623,0.01041
1417.41201,0.01033
1416.44778,0.01039
1415.48356,0.01063
1414.51933,0.01099
1413.55511,0.01119
1412.59088,0.01101
1411.62665,0.01046
1410.66243,0.00985
1409.69820,0.00953
1408.73398,0.00957
1407.76975,0.00984
1406.80552,0.01019
1405.84130,0.01058
1404.87707,0.01099
1403.91285,0.01130
1402.94862,0.01133
1401.98439,0.01107
1401.02017,0.01074
1400.05594,0.01061
1399.09172,0.01075
1398.12749,0.01100
1397.16327,0.01111
1396.19904,0.01103
1395.23481,0.01084
1394.27059,0.01063
1393.30636,0.01041
1392.34214,0.01012
1391.37791,0.00982
1390.41368,0.00963
1389.44946,0.00965
1388.48523,0.00989
1387.52101,0.01026
1386.55678,0.01064
1385.59256,0.01086
1384.62833,0.01071
1383.66410,0.01007
1382.69988,0.00911
1381.73565,0.00822
1380.77143,0.00781
1379.80720,0.00794
1378.84297,0.00834
1377.87875,0.00879
1376.91452,0.00933
1375.95030,0.01017
1374.98607,0.01130
1374.02184,0.01229
1373.05762,0.01266
1372.09339,0.01233
1371.12917,0.01166
1370.16494,0.01112
1369.20072,0.01093
1368.23649,0.01099
1367.27226,0.01114
1366.30804,0.01127
1365.34381,0.01128
1364.37959,0.01110
1363.41536,0.01083
1362.45113,0.01070
1361.48691,0.01090
1360.52268,0.01135
1359.55846,0.01164
1358.59423,0.01146
1357.63001,0.01084
1356.66578,0.01012
1355.70155,0.00961
1354.73733,0.00941
1353.77310,0.00946
1352.80888,0.00966
1351.84465,0.00997
1350.88042,0.01029
1349.91620,0.01052
1348.95197,0.01060
1347.98775,0.01057
1347.02352,0.01056
1346.05930,0.01067
1345.09507,0.01089
1344.13084,0.01113
1343.16662,0.01121
1342.20239,0.01100
1341.23817,0.01053
1340.27394,0.01002
1339.30971,0.00973
1338.34549,0.00978
1337.38126,0.01002
1336.41704,0.01024
1335.45281,0.01032
1334.48858,0.01030
1333.52436,0.01029
1332.56013,0.01041
1331.59591,0.01073
1330.63168,0.01122
1329.66746,0.01167
1328.70323,0.01175
1327.73900,0.01122
1326.77478,0.01029
1325.81055,0.00950
1324.84633,0.00936
1323.88210,0.00991
1322.91787,0.01068
1321.95365,0.01113
1320.98942,0.01099
1320.02520,0.01037
1319.06097,0.00957
1318.09675,0.00889
1317.13252,0.00855
1316.16829,0.00858
1315.20407,0.00890
1314.23984,0.00932
1313.27562,0.00968
1312.31139,0.00991
1311.34716,0.00996
1310.38294,0.00978
1309.41871,0.00940
1308.45449,0.00899
1307.49026,0.00875
1306.52604,0.00878
1305.56181,0.00896
1304.59758,0.00916
1303.63336,0.00934
1302.66913,0.00957
1301.70491,0.00992
1300.74068,0.01033
1299.77645,0.01071
1298.81223,0.01091
1297.84800,0.01077
1296.88378,0.01019
1295.91955,0.00929
1294.95532,0.00846
1293.99110,0.00816
1293.02687,0.00854
1292.06265,0.00934
1291.09842,0.01016
1290.13420,0.01073
1289.16997,0.01106
1288.20574,0.01122
1287.24152,0.01127
1286.27729,0.01122
1285.31307,0.01115
1284.34884,0.01116
1283.38461,0.01126
1282.42039,0.01135
1281.45616,0.01131
1280.49194,0.01110
1279.52771,0.01078
1278.56349,0.01048
1277.59926,0.01032
1276.63503,0.01036
1275.67081,0.01050
1274.70658,0.01056
1273.74236,0.01036
1272.77813,0.00990
1271.81390,0.00936
1270.84968,0.00898
1269.88545,0.00892
1268.92123,0.00916
1267.95700,0.00956
1266.99277,0.00985
1266.02855,0.00978
1265.06432,0.00933
1264.10010,0.00882
1263.13587,0.00868
1262.17165,0.00903
1261.20742,0.00956
1260.24319,0.00980
1259.27897,0.00967
1258.31474,0.00944
1257.35052,0.00941
1256.38629,0.00949
1255.42206,0.00939
1254.45784,0.00903
1253.49361,0.00867
1252.52939,0.00857
1251.56516,0.00871
1250.60094,0.00879
1249.63671,0.00863
1248.67248,0.00834
1247.70826,0.00817
1246.74403,0.00822
1245.77981,0.00841
1244.81558,0.00868
1243.85135,0.00902
1242.88713,0.00937
1241.92290,0.00958
1240.95868,0.00954
1239.99445,0.00929
1239.03023,0.00896
1238.06600,0.00856
1237.10177,0.00797
1236.13755,0.00717
1235.17332,0.00644
1234.20910,0.00615
1233.24487,0.00648
1232.28064,0.00725
1231.31642,0.00809
1230.35219,0.00870
1229.38797,0.00888
1228.42374,0.00854
1227.45951,0.00772
1226.49529,0.00666
1225.53106,0.00579
1224.56684,0.00552
1223.60261,0.00596
1222.63839,0.00693
1221.67416,0.00807
1220.70993,0.00907
1219.74571,0.00982
1218.78148,0.01031
1217.81726,0.01060
1216.85303,0.01066
1215.88880,0.01043
1214.92458,0.00994
1213.96035,0.00940
1212.99613,0.00904
1212.03190,0.00895
1211.06768,0.00893
1210.10345,0.00871
1209.13922,0.00827
1208.17500,0.00791
1207.21077,0.00789
1206.24655,0.00820
1205.28232,0.00855
1204.31809,0.00874
1203.35387,0.00886
1202.38964,0.00909
1201.42542,0.00938
1200.46119,0.00947
1199.49697,0.00918
1198.53274,0.00872
1197.56851,0.00849
1196.60429,0.00866
1195.64006,0.00895
1194.67584,0.00892
1193.71161,0.00835
1192.74738,0.00745
1191.78316,0.00663
1190.81893,0.00623
1189.85471,0.00636
1188.89048,0.00697
1187.92625,0.00776
1186.96203,0.00838
1185.99780,0.00857
1185.03358,0.00843
1184.06935,0.00839
1183.10513,0.00887
1182.14090,0.00981
1181.17667,0.01062
1180.21245,0.01062
1179.24822,0.00970
1178.28400,0.00836
1177.31977,0.00729
1176.35554,0.00672
1175.39132,0.00641
1174.42709,0.00606
1173.46287,0.00563
1172.49864,0.00536
1171.53442,0.00530
1170.57019,0.00522
1169.60596,0.00488
1168.64174,0.00437
1167.67751,0.00412
1166.71329,0.00447
1165.74906,0.00529
1164.78483,0.00613
1163.82061,0.00659
1162.85638,0.00670
1161.89216,0.00673
1160.92793,0.00690
1159.96370,0.00720
1158.99948,0.00744
1158.03525,0.00736
1157.07103,0.00686
1156.10680,0.00605
1155.14258,0.00527
1154.17835,0.00485
1153.21412,0.00490
1152.24990,0.00529
1151.28567,0.00594
1150.32145,0.00700
1149.35722,0.00862
1148.39299,0.01048
1147.42877,0.01166
1146.46454,0.01127
1145.50032,0.00923
1144.53609,0.00639
1143.57187,0.00380
1142.60764,0.00191
1141.64341,0.00058
1140.67919,-0.00028
1139.71496,-0.00028
1138.75074,0.00105
1137.78651,0.00358
1136.82228,0.00637
1135.85806,0.00830
1134.89383,0.00882
1133.92961,0.00819
1132.96538,0.00711
1132.00116,0.00623
1131.03693,0.00583
1130.07270,0.00588
1129.10848,0.00607
1128.14425,0.00598
1127.18003,0.00522
1126.21580,0.00370
1125.25157,0.00176
1124.28735,0.00005
1123.32312,-0.00095
1122.35890,-0.00131
1121.39467,-0.00162
1120.43044,-0.00229
1119.46622,-0.00284
1118.50199,-0.00201
1117.53777,0.00111
1116.57354,0.00587
1115.60932,0.01016
1114.64509,0.01196
1113.68086,0.01094
1112.71664,0.00851
1111.75241,0.00648
1110.78819,0.00562
1109.82396,0.00550
1108.85973,0.00540
1107.89551,0.00498
1106.93128,0.00421
1105.96706,0.00302
1105.00283,0.00147
1104.03861,0.00005
1103.07438,-0.00053
1102.11015,0.00006
1101.14593,0.00123
1100.18170,0.00200
1099.21748,0.00196
1098.25325,0.00156
1097.28902,0.00159
1096.32480,0.00238
1095.36057,0.00363
1094.39635,0.00489
1093.43212,0.00603
1092.46790,0.00723
1091.50367,0.00850
1090.53944,0.00939
1089.57522,0.00930
1088.61099,0.00809
1087.64677,0.00643
1086.68254,0.00549
1085.71831,0.00613
1084.75409,0.00825
1083.78986,0.01076
1082.82564,0.01232
1081.86141,0.01227
1080.89718,0.01088
1079.93296,0.00893
1078.96873,0.00719
1078.00451,0.00612
1077.04028,0.00599
1076.07606,0.00682
1075.11183,0.00832
1074.14760,0.00994
1073.18338,0.01117
1072.21915,0.01185
1071.25493,0.01200
1070.29070,0.01157
1069.32647,0.01030
1068.36225,0.00822
1067.39802,0.00600
1066.43380,0.00479
1065.46957,0.00544
1064.50535,0.00774
1063.54112,0.01049
1062.57689,0.01229
1061.61267,0.01244
1060.64844,0.01121
1059.68422,0.00946
1058.71999,0.00799
1057.75576,0.00726
1056.79154,0.00729
1055.82731,0.00783
1054.86309,0.00853
1053.89886,0.00906
1052.93463,0.00924
1051.97041,0.00906
1051.00618,0.00868
1050.04196,0.00837
1049.07773,0.00839
1048.11351,0.00886
1047.14928,0.00969
1046.18505,0.01058
1045.22083,0.01127
1044.25660,0.01159
1043.29238,0.01162
1042.32815,0.01154
1041.36392,0.01148
1040.39970,0.01144
1039.43547,0.01131
1038.47125,0.01101
1037.50702,0.01055
1036.54280,0.01003
1035.57857,0.00953
1034.61434,0.00905
1033.65012,0.00861
1032.68589,0.00829
1031.72167,0.00817
1030.75744,0.00826
1029.79321,0.00843
1028.82899,0.00850
1027.86476,0.00840
1026.90054,0.00818
1025.93631,0.00783
1024.97209,0.00729
1024.00786,0.00660
1023.04363,0.00599
1022.07941,0.00580
1021.11518,0.00617
1020.15096,0.00686
1019.18673,0.00756
1018.22250,0.00809
1017.25828,0.00846
1016.29405,0.00854
1015.32983,0.00801
1014.36560,0.00671
1013.40137,0.00509
1012.43715,0.00405
1011.47292,0.00410
1010.50870,0.00494
1009.54447,0.00574
1008.58025,0.00604
1007.61602,0.00600
1006.65179,0.00593
1005.68757,0.00569
1004.72334,0.00487
1003.75912,0.00348
1002.79489,0.00224
1001.83066,0.00187
1000.86644,0.00236
999.90221,0.00292
998.93799,0.00294
997.97376,0.00265
997.00954,0.00286
996.04531,0.00409
995.08108,0.00601
994.11686,0.00780
993.15263,0.00884
992.18841,0.00905
991.22418,0.00868
990.25995,0.00796
989.29573,0.00698
988.33150,0.00586
987.36728,0.00482
986.40305,0.00400
985.43882,0.00332
984.47460,0.00256
983.51037,0.00165
982.54615,0.00088
981.58192,0.00075
980.61770,0.00159
979.65347,0.00318
978.68924,0.00482
977.72502,0.00582
976.76079,0.00586
975.79657,0.00507
974.83234,0.00384
973.86811,0.00280
972.90389,0.00268
971.93966,0.00390
970.97544,0.00600
970.01121,0.00763
969.04699,0.00763
968.08276,0.00601
967.11853,0.00408
966.15431,0.00332
965.19008,0.00415
964.22586,0.00580
963.26163,0.00716
962.29740,0.00754
961.33318,0.00678
960.36895,0.00519
959.40473,0.00357
958.44050,0.00282
957.47628,0.00310
956.51205,0.00330
955.54782,0.00196
954.58360,-0.00104
953.61937,-0.00392
952.65515,-0.00455
951.69092,-0.00253
950.72669,0.00048
949.76247,0.00257
948.79824,0.00328
947.83402,0.00343
946.86979,0.00363
945.90556,0.00358
944.94134,0.00289
943.97711,0.00190
943.01289,0.00144
942.04866,0.00191
941.08444,0.00292
940.12021,0.00388
939.15598,0.00434
938.19176,0.00396
937.22753,0.00256
936.26331,0.00058
935.29908,-0.00082
934.33485,-0.00058
933.37063,0.00115
932.40640,0.00306
931.44218,0.00406
930.47795,0.00412
929.51373,0.00373
928.54950,0.00294
927.58527,0.00146
926.62105,-0.00030
925.65682,-0.00109
924.69260,-0.00018
923.72837,0.00164
922.76414,0.00273
921.79992,0.00242
920.83569,0.00152
919.87147,0.00112
918.90724,0.00133
917.94302,0.00150
916.97879,0.00139
916.01456,0.00132
915.05034,0.00127
914.08611,0.00060
913.12189,-0.00094
912.15766,-0.00235
911.19343,-0.00227
910.22921,-0.00065
909.26498,0.00097
908.30076,0.00120
907.33653,0.00036
906.37230,-0.00020
905.40808,0.00011
904.44385,0.00066
903.47963,0.00082
902.51540,0.00099
901.55118,0.00197
900.58695,0.00357
899.62272,0.00450
898.65850,0.00377
897.69427,0.00200
896.73005,0.00091
895.76582,0.00170
894.80159,0.00414
893.83737,0.00700
892.87314,0.00920
891.90892,0.01033
890.94469,0.01042
889.98047,0.00946
889.01624,0.00712
888.05201,0.00310
887.08779,-0.00227
886.12356,-0.00763
885.15934,-0.01102
884.19511,-0.01113
883.23088,-0.00819
882.26666,-0.00385
881.30243,-0.00020
880.33821,0.00120
879.37398,0.00002
878.40975,-0.00277
877.44553,-0.00520
876.48130,-0.00540
875.51708,-0.00292
874.55285,0.00068
873.58863,0.00303
872.62440,0.00306
871.66017,0.00187
870.69595,0.00140
869.73172,0.00238
868.76750,0.00384
867.80327,0.00437
866.83904,0.00363
865.87482,0.00228
864.91059,0.00098
863.94637,-0.00033
862.98214,-0.00207
862.01792,-0.00438
861.05369,-0.00686
860.08946,-0.00882
859.12524,-0.00951
858.16101,-0.00846
857.19679,-0.00592
856.23256,-0.00303
855.26833,-0.00113
854.30411,-0.00061
853.33988,-0.00046
852.37566,0.00064
851.41143,0.00288
850.44721,0.00496
849.48298,0.00525
848.51875,0.00344
847.55453,0.00117
846.59030,0.00078
845.62608,0.00338
844.66185,0.00787
843.69762,0.01168
842.73340,0.01288
841.76917,0.01153
840.80495,0.00922
839.84072,0.00715
838.87649,0.00496
837.91227,0.00153
836.94804,-0.00320
835.98382,-0.00754
835.01959,-0.00950
834.05537,-0.00864
833.09114,-0.00623
832.12691,-0.00387
831.16269,-0.00222
830.19846,-0.00111
829.23424,-0.00025
828.27001,0.00049
827.30578,0.00143
826.34156,0.00281
825.37733,0.00402
824.41311,0.00374
823.44888,0.00149
822.48466,-0.00114
821.52043,-0.00138
820.55620,0.00204
819.59198,0.00729
818.62775,0.01099
817.66353,0.01126
816.69930,0.00922
815.73507,0.00768
814.77085,0.00853
813.80662,0.01134
812.84240,0.01407
811.87817,0.01505
810.91395,0.01411
809.94972,0.01224
808.98549,0.01049
808.02127,0.00904
807.05704,0.00727
806.09282,0.00448
805.12859,0.00089
804.16436,-0.00228
803.20014,-0.00367
802.23591,-0.00281
801.27169,-0.00053
800.30746,0.00146
799.34323,0.00151
798.37901,-0.00096
797.41478,-0.00484
796.45056,-0.00778
795.48633,-0.00784
794.52211,-0.00512
793.55788,-0.00158
792.59365,0.00093
791.62943,0.00243
790.66520,0.00423
789.70098,0.00698
788.73675,0.00946
787.77252,0.00975
786.80830,0.00718
785.84407,0.00285
784.87985,-0.00154
783.91562,-0.00498
782.95140,-0.00727
781.98717,-0.00843
781.02294,-0.00848
780.05872,-0.00777
779.09449,-0.00678
778.13027,-0.00569
777.16604,-0.00405
776.20181,-0.00139
775.23759,0.00210
774.27336,0.00552
773.30914,0.00788
772.34491,0.00870
771.38068,0.00814
770.41646,0.00708
769.45223,0.00679
768.48801,0.00803
767.52378,0.01019
766.55956,0.01139
765.59533,0.01018
764.63110,0.00701
763.66688,0.00404
762.70265,0.00317
761.73843,0.00439
760.77420,0.00593
759.80997,0.00601
758.84575,0.00420
757.88152,0.00144
756.91730,-0.00064
755.95307,-0.00069
754.98885,0.00147
754.02462,0.00438
753.06039,0.00567
752.09617,0.00404
751.13194,0.00052
750.16772,-0.00239
749.20349,-0.00306
748.23926,-0.00197
747.27504,-0.00066
746.31081,0.00015
745.34659,0.00100
744.38236,0.00244
743.41814,0.00403
742.45391,0.00490
741.48968,0.00475
740.52546,0.00387
739.56123,0.00234
738.59701,-0.00006
737.63278,-0.00300
736.66855,-0.00528
735.70433,-0.00576
734.74010,-0.00445
733.77588,-0.00238
732.81165,-0.00049
731.84742,0.00089
730.88320,0.00169
729.91897,0.00164
728.95475,0.00071
727.99052,-0.00037
727.02630,-0.00076
726.06207,-0.00065
725.09784,-0.00120
724.13362,-0.00315
723.16939,-0.00558
722.20517,-0.00669
721.24094,-0.00572
720.27671,-0.00382
719.31249,-0.00282
718.34826,-0.00346
717.38404,-0.00490
716.41981,-0.00570
715.45559,-0.00501
714.49136,-0.00307
713.52713,-0.00089
712.56291,0.00059
711.59868,0.00119
710.63446,0.00149
709.67023,0.00212
708.70600,0.00299
707.74178,0.00347
706.77755,0.00319
705.81333,0.00266
704.84910,0.00276
703.88487,0.00375
702.92065,0.00511
701.95642,0.00629
700.99220,0.00746
700.02797,0.00911
699.06375,0.01119
698.09952,0.01280
697.13529,0.01302
696.17107,0.01176
695.20684,0.00969
694.24262,0.00761
693.27839,0.00592
692.31416,0.00476
691.34994,0.00406
690.38571,0.00336
689.42149,0.00201
688.45726,-0.00001
687.49304,-0.00158
686.52881,-0.00134
685.56458,0.00069
684.60036,0.00281
683.63613,0.00325
682.67191,0.00184
681.70768,0.00003
680.74345,-0.00071
679.77923,-0.00016
678.81500,0.00108
677.85078,0.00276
676.88655,0.00509
675.92233,0.00772
674.95810,0.00922
673.99387,0.00809
673.02965,0.00438
672.06542,0.00002
671.10120,-0.00256
670.13697,-0.00217
669.17274,0.00046
668.20852,0.00322
667.24429,0.00380
666.28007,0.00130
665.31584,-0.00313
664.35161,-0.00716
663.38739,-0.00858
662.42316,-0.00640
661.45894,-0.00165
660.49471,0.00309
659.53049,0.00550
658.56626,0.00518
657.60203,0.00358
656.63781,0.00248
655.67358,0.00235
654.70936,0.00237
653.74513,0.00167
652.78090,0.00027
651.81668,-0.00119
650.85245,-0.00228
649.88823,-0.00282
648.92400,-0.00229
647.95978,-0.00001
646.99555,0.00380
646.03132,0.00743
645.06710,0.00869
644.10287,0.00681
643.13865,0.00303
642.17442,-0.00066
641.21019,-0.00288
640.24597,-0.00293
639.28174,-0.00038
638.31752,0.00428
637.35329,0.00887
636.38907,0.01048
635.42484,0.00813
634.46061,0.00432
633.49639,0.00277
632.53216,0.00437
631.56794,0.00623
630.60371,0.00539
629.63948,0.00230
628.67526,-0.00027
627.71103,-0.00100
626.74681,-0.00112
625.78258,-0.00176
624.81835,-0.00172
623.85413,0.00064
622.88990,0.00414
621.92568,0.00534
620.96145,0.00236
619.99723,-0.00293
619.03300,-0.00702
618.06877,-0.00813
617.10455,-0.00650
616.14032,-0.00257
615.17610,0.00335
614.21187,0.00941
613.24764,0.01230
612.28342,0.01038
611.31919,0.00588
610.35497,0.00272
609.39074,0.00221
608.42652,0.00232
607.46229,0.00136
606.49806,0.00026
605.53384,-0.00005
604.56961,-0.00124
603.60539,-0.00511
602.64116,-0.00902
601.67693,-0.00697
600.71271,0.00302
599.74848,0.01458
598.78426,0.01853
597.82003,0.01271
596.85580,0.00329
595.89158,-0.00347
594.92735,-0.00838
593.96313,-0.01585
592.99890,-0.02521
592.03468,-0.02923
591.07045,-0.02197
590.10622,-0.00658
589.14200,0.00705
588.17777,0.01202
587.21355,0.00978
586.24932,0.00626
585.28509,0.00558
584.32087,0.00787
583.35664,0.01126
582.39242,0.01346
581.42819,0.01189
580.46397,0.00509
579.49974,-0.00524
578.53551,-0.01443
577.57129,-0.01810
576.60706,-0.01491
575.64284,-0.00696
574.67861,0.00210
573.71438,0.00967
572.75016,0.01517
571.78593,0.01845
570.82171,0.01855
569.85748,0.01438
568.89326,0.00632
567.92903,-0.00289
566.96480,-0.00930
566.00058,-0.00995
565.03635,-0.00509
564.07213,0.00237
563.10790,0.01043
562.14367,0.01982
561.17945,0.03027
560.21522,0.03639
559.25100,0.03074
558.28677,0.01258
557.32254,-0.00886
556.35832,-0.02498
555.39409,-0.03568
554.42987,-0.04493
553.46564,-0.05144
552.50142,-0.04589
551.53719,-0.02296
550.57296,0.00695
549.60874,0.02571
548.64451,0.02798
547.68029,0.02390
546.71606,0.01824
545.75183,0.00289
544.78761,-0.02441
543.82338,-0.04003
542.85916,-0.00369
541.89493,0.08240
540.93071,0.14984
539.96648,0.13706
539.00225,0.05896
538.03803,-0.00756
537.07380,-0.01516
536.10958,0.01675
535.14535,0.04242
534.18112,0.04955
533.21690,0.05108
532.25267,0.06206
531.28845,0.08384
530.32422,0.09686
529.36000,0.07619
528.39577,0.00997
527.43154,-0.08751
526.46732,-0.18169
525.50309,-0.23486
524.53887,-0.22071
523.57464,-0.13926
522.61041,-0.03187
521.64619,0.06767
520.68196,0.15182
519.71774,0.21283
518.75351,0.21881
517.78928,0.14135
516.82506,0.01742
515.86083,-0.06519
514.89661,-0.05649
513.93238,0.00479
512.96816,0.07772
512.00393,0.14558
511.03970,0.18149
510.07548,0.14712
509.11125,0.05429
508.14703,-0.03095
507.18280,-0.04403
506.21857,0.03069
505.25435,0.16159
504.29012,0.27976
503.32590,0.33525
502.36167,0.31993
501.39745,0.27989
500.43322,0.26943
499.46899,0.23634
498.50477,0.17739
497.54054,0.11878
496.57632,0.09206
495.61209,0.05773
494.64786,-0.00325
493.68364,-0.05601
492.71941,-0.02010
491.75519,0.08475
490.79096,0.16342
489.82673,0.15088
488.86251,0.08092
487.89828,0.00356
486.93406,-0.04881
485.96983,-0.05864
485.00561,-0.02331
484.04138,0.01660
483.07715,0.02343
482.11293,0.00227
481.14870,0.01302
480.18448,0.07725
479.22025,0.15291
478.25602,0.19129
477.29180,0.22619
476.32757,0.23845
475.36335,0.20301
474.39912,0.10057
473.43490,-0.05762
472.47067,-0.19486
471.50644,-0.25068
470.54222,-0.22387
469.57799,-0.15513
468.61377,-0.11105
467.64954,-0.10585
466.68531,-0.09260
465.72109,-0.04758
464.75686,0.04878
463.79264,0.17444
462.82841,0.24673
461.86419,0.54047
460.89996,0.91454
459.93573,0.47228
458.97151,0.07246
458.00728,-0.06348
457.04306,-0.07592
456.07883,-0.03800
455.11460,-0.00470
454.15038,0.00864
453.18615,0.02346
452.22193,0.07799
451.25770,0.16742
450.29347,0.21755
449.32925,0.21007
448.36502,0.17485
447.40080,0.11182
446.43657,0.00053
445.47235,-0.13307
444.50812,-0.17362
443.54389,-0.06927
442.57967,0.05767
441.61544,0.12953
440.65122,0.12619
439.68699,0.05838
438.72276,-0.01327
437.75854,-0.01496
436.79431,0.04125
435.83009,0.10031
434.86586,0.18260
433.90164,0.30746
432.93741,0.41944
431.97318,0.40262
431.00896,0.26197
430.04473,0.01651
429.08051,-0.33269
428.11628,-0.72634
427.15205,-0.95692
426.18783,-0.81549
425.22360,-0.54691
424.25938,-0.29377
423.29515,-0.05913
422.33092,0.23662
421.36670,0.65505
420.40247,1.07149
419.43825,0.84266
418.47402,0.43148
417.50980,0.12547
416.54557,-0.08587
415.58134,-0.19051
414.61712,-0.20300
413.65289,-0.19423
412.68867,-0.21160
411.72444,-0.26473
410.76021,-0.33209
409.79599,-0.35548
408.83176,-0.29833
407.86754,-0.23638
406.90331,-0.19744
405.93909,-0.16271
404.97486,-0.12442
404.01063,-0.10536
403.04641,-0.10095
402.08218,-0.11576
401.11796,-0.14754
400.15373,-0.16551
399.18950,-0.09291
398.22528,0.05716
397.26105,0.19844
396.29683,0.26432
395.33260,0.22718
394.36838,0.13750
393.40415,0.07235
392.43992,0.04900
391.47570,0.07875
390.51147,0.15601
389.54725,0.26285
388.58302,0.32303
387.61879,0.19757
386.65457,-0.06936
385.69034,-0.32576
384.72612,-0.43948
383.76189,-0.33209
382.79766,-0.09159
381.83344,0.12562
380.86921,0.17395
379.90499,0.11233
378.94076,0.06791
377.97654,0.06747
377.01231,0.09436
376.04808,0.13102
375.08386,0.14451
374.11963,0.11312
373.15541,0.03652
372.19118,-0.05469
371.22695,-0.05729
370.26273,0.04291
369.29850,0.14019
368.33428,0.15771
367.37005,0.08262
366.40583,-0.05980
365.44160,-0.22099
364.47737,-0.36923
363.51315,-0.34684
362.54892,-0.05427
361.58470,0.32268
360.62047,0.40888
359.65624,0.04487
358.69202,-0.14142
357.72779,-0.20916
356.76357,-0.19308
355.79934,-0.14625
354.83512,-0.12530
353.87089,-0.15238
352.90666,-0.17314
351.94244,-0.12519
350.97821,-0.03826
350.01399,0.02714
349.04976,0.05437
