3946.57643,0.00019
3945.61220,-0.00084
3944.64798,-0.00167
3943.68375,-0.00201
3942.71953,-0.00199
3941.75530,-0.00190
3940.79107,-0.00171
3939.82685,-0.00108
3938.86262,0.00012
3937.89840,0.00143
3936.93417,0.00215
3935.96994,0.00197
3935.00572,0.00126
3934.04149,0.00060
3933.07727,0.00031
3932.11304,0.00031
3931.14882,0.00039
3930.18459,0.00044
3929.22036,0.00039
3928.25614,0.00012
3927.29191,-0.00039
3926.32769,-0.00102
3925.36346,-0.00160
3924.39923,-0.00202
3923.43501,-0.00223
3922.47078,-0.00206
3921.50656,-0.00136
3920.54233,-0.00030
3919.57811,0.00051
3918.61388,0.00045
3917.64965,-0.00039
3916.68543,-0.00122
3915.72120,-0.00131
3914.75698,-0.00075
3913.79275,-0.00029
3912.82852,-0.00053
3911.86430,-0.00122
3910.90007,-0.00157
3909.93585,-0.00102
3908.97162,0.00023
3908.00739,0.00146
3907.04317,0.00209
3906.07894,0.00206
3905.11472,0.00169
3904.15049,0.00130
3903.18627,0.00095
3902.22204,0.00044
3901.25781,-0.00039
3900.29359,-0.00143
3899.32936,-0.00221
3898.36514,-0.00232
3897.40091,-0.00172
3896.43668,-0.00074
3895.47246,0.00018
3894.50823,0.00087
3893.54401,0.00133
3892.57978,0.00148
3891.61556,0.00106
3890.65133,-0.00005
3889.68710,-0.00151
3888.72288,-0.00266
3887.75865,-0.00294
3886.79443,-0.00231
3885.83020,-0.00120
3884.86597,-0.00023
3883.90175,0.00026
3882.93752,0.00026
3881.97330,0.00001
3881.00907,-0.00017
3880.04485,-0.00014
3879.08062,-0.00000
3878.11639,-0.00001
3877.15217,-0.00034
3876.18794,-0.00089
3875.22372,-0.00137
3874.25949,-0.00154
3873.29526,-0.00135
3872.33104,-0.00089
3871.36681,-0.00027
3870.40259,0.00040
3869.43836,0.00093
3868.47413,0.00108
3867.50991,0.00072
3866.54568,0.00000
3865.58146,-0.00072
3864.61723,-0.00108
3863.65301,-0.00098
3862.68878,-0.00061
3861.72455,-0.00033
3860.76033,-0.00039
3859.79610,-0.00080
3858.83188,-0.00124
3857.86765,-0.00129
3856.90342,-0.00072
3855.93920,0.00030
3854.97497,0.00124
3854.01075,0.00154
3853.04652,0.00105
3852.08230,0.00008
3851.11807,-0.00087
3850.15384,-0.00151
3849.18962,-0.00184
3848.22539,-0.00196
3847.26117,-0.00189
3846.29694,-0.00155
3845.33271,-0.00094
3844.36849,-0.00015
3843.40426,0.00061
3842.44004,0.00112
3841.47581,0.00129
3840.51159,0.00115
3839.54736,0.00082
3838.58313,0.00043
3837.61891,0.00002
3836.65468,-0.00045
3835.69046,-0.00099
3834.72623,-0.00148
3833.76200,-0.00167
3832.79778,-0.00137
3831.83355,-0.00062
3830.86933,0.00030
3829.90510,0.00099
3828.94087,0.00119
3827.97665,0.00089
3827.01242,0.00023
3826.04820,-0.00055
3825.08397,-0.00115
3824.11975,-0.00134
3823.15552,-0.00105
3822.19129,-0.00053
3821.22707,-0.00025
3820.26284,-0.00052
3819.29862,-0.00123
3818.33439,-0.00192
3817.37016,-0.00219
3816.40594,-0.00192
3815.44171,-0.00131
3814.47749,-0.00063
3813.51326,-0.00003
3812.54904,0.00041
3811.58481,0.00057
3810.62058,0.00038
3809.65636,-0.00008
3808.69213,-0.00056
3807.72791,-0.00072
3806.76368,-0.00042
3805.79945,0.00023
3804.83523,0.00092
3803.87100,0.00140
3802.90678,0.00160
3801.94255,0.00157
3800.97832,0.00140
3800.01410,0.00107
3799.04987,0.00060
3798.08565,0.00006
3797.12142,-0.00037
3796.15720,-0.00050
3795.19297,-0.00027
3794.22874,0.00019
3793.26452,0.00071
3792.30029,0.00119
3791.33607,0.00161
3790.37184,0.00189
3789.40761,0.00196
3788.44339,0.00175
3787.47916,0.00135
3786.51494,0.00089
3785.55071,0.00049
3784.58649,0.00020
3783.62226,0.00004
3782.65803,0.00002
3781.69381,0.00013
3780.72958,0.00031
3779.76536,0.00048
3778.80113,0.00062
3777.83690,0.00076
3776.87268,0.00095
3775.90845,0.00120
3774.94423,0.00148
3773.98000,0.00175
3773.01578,0.00187
3772.05155,0.00171
3771.08732,0.00123
3770.12310,0.00057
3769.15887,0.00001
3768.19465,-0.00021
3767.23042,-0.00006
3766.26619,0.00036
3765.30197,0.00092
3764.33774,0.00145
3763.37352,0.00183
3762.40929,0.00194
3761.44506,0.00182
3760.48084,0.00166
3759.51661,0.00158
3758.55239,0.00154
3757.58816,0.00137
3756.62394,0.00099
3755.65971,0.00055
3754.69548,0.00021
3753.73126,0.00005
3752.76703,0.00005
3751.80281,0.00022
3750.83858,0.00058
3749.87435,0.00106
3748.91013,0.00140
3747.94590,0.00144
3746.98168,0.00120
3746.01745,0.00084
3745.05323,0.00048
3744.08900,0.00008
3743.12477,-0.00035
3742.16055,-0.00067
3741.19632,-0.00074
3740.23210,-0.00058
3739.26787,-0.00038
3738.30364,-0.00026
3737.33942,-0.00016
3736.37519,0.00006
3735.41097,0.00044
3734.44674,0.00089
3733.48251,0.00127
3732.51829,0.00144
3731.55406,0.00128
3730.58984,0.00071
3729.62561,-0.00006
3728.66139,-0.00063
3727.69716,-0.00068
3726.73293,-0.00027
3725.76871,0.00022
3724.80448,0.00050
3723.84026,0.00063
3722.87603,0.00083
3721.91180,0.00117
3720.94758,0.00151
3719.98335,0.00173
3719.01913,0.00185
3718.05490,0.00191
3717.09068,0.00181
3716.12645,0.00143
3715.16222,0.00090
3714.19800,0.00054
3713.23377,0.00056
3712.26955,0.00086
3711.30532,0.00117
3710.34109,0.00134
3709.37687,0.00139
3708.41264,0.00134
3707.44842,0.00115
3706.48419,0.00081
3705.51997,0.00051
3704.55574,0.00046
3703.59151,0.00066
3702.62729,0.00085
3701.66306,0.00078
3700.69884,0.00051
3699.73461,0.00025
3698.77038,0.00014
3697.80616,0.00016
3696.84193,0.00026
3695.87771,0.00047
3694.91348,0.00084
3693.94925,0.00121
3692.98503,0.00137
3692.02080,0.00123
3691.05658,0.00099
3690.09235,0.00098
3689.12813,0.00136
3688.16390,0.00196
3687.19967,0.00245
3686.23545,0.00259
3685.27122,0.00247
3684.30700,0.00234
3683.34277,0.00247
3682.37854,0.00285
3681.41432,0.00325
3680.45009,0.00342
3679.48587,0.00332
3678.52164,0.00316
3677.55742,0.00314
3676.59319,0.00332
3675.62896,0.00357
3674.66474,0.00386
3673.70051,0.00425
3672.73629,0.00478
3671.77206,0.00535
3670.80783,0.00581
3669.84361,0.00607
3668.87938,0.00618
3667.91516,0.00613
3666.95093,0.00582
3665.98671,0.00527
3665.02248,0.00466
3664.05825,0.00434
3663.09403,0.00445
3662.12980,0.00484
3661.16558,0.00528
3660.20135,0.00573
3659.23712,0.00633
3658.27290,0.00717
3657.30867,0.00810
3656.34445,0.00879
3655.38022,0.00904
3654.41599,0.00894
3653.45177,0.00871
3652.48754,0.00851
3651.52332,0.00836
3650.55909,0.00824
3649.59487,0.00815
3648.63064,0.00811
3647.66641,0.00813
3646.70219,0.00818
3645.73796,0.00828
3644.77374,0.00846
3643.80951,0.00875
3642.84528,0.00909
3641.88106,0.00931
3640.91683,0.00924
3639.95261,0.00883
3638.98838,0.00832
3638.02416,0.00803
3637.05993,0.00820
3636.09570,0.00877
3635.13148,0.00945
3634.16725,0.00990
3633.20303,0.01002
3632.23880,0.00997
3631.27457,0.01000
3630.31035,0.01024
3629.34612,0.01064
3628.38190,0.01101
3627.41767,0.01116
3626.45344,0.01104
3625.48922,0.01071
3624.52499,0.01033
3623.56077,0.01005
3622.59654,0.01002
3621.63232,0.01030
3620.66809,0.01086
3619.70386,0.01154
3618.73964,0.01210
3617.77541,0.01231
3616.81119,0.01215
3615.84696,0.01174
3614.88273,0.01130
3613.91851,0.01107
3612.95428,0.01119
3611.99006,0.01172
3611.02583,0.01247
3610.06161,0.01311
3609.09738,0.01328
3608.13315,0.01287
3607.16893,0.01209
3606.20470,0.01134
3605.24048,0.01092
3604.27625,0.01087
3603.31202,0.01104
3602.34780,0.01127
3601.38357,0.01151
3600.41935,0.01176
3599.45512,0.01203
3598.49090,0.01226
3597.52667,0.01228
3596.56244,0.01195
3595.59822,0.01135
3594.63399,0.01081
3593.66977,0.01079
3592.70554,0.01143
3591.74131,0.01242
3590.77709,0.01324
3589.81286,0.01360
3588.84864,0.01361
3587.88441,0.01360
3586.92018,0.01375
3585.95596,0.01397
3584.99173,0.01405
3584.02751,0.01390
3583.06328,0.01357
3582.09906,0.01325
3581.13483,0.01312
3580.17060,0.01332
3579.20638,0.01386
3578.24215,0.01454
3577.27793,0.01505
3576.31370,0.01520
3575.34947,0.01505
3574.38525,0.01473
3573.42102,0.01433
3572.45680,0.01383
3571.49257,0.01328
3570.52835,0.01287
3569.56412,0.01281
3568.59989,0.01309
3567.63567,0.01351
3566.67144,0.01383
3565.70722,0.01399
3564.74299,0.01407
3563.77876,0.01411
3562.81454,0.01406
3561.85031,0.01384
3560.88609,0.01342
3559.92186,0.01290
3558.95764,0.01246
3557.99341,0.01231
3557.02918,0.01256
3556.06496,0.01314
3555.10073,0.01378
3554.13651,0.01416
3553.17228,0.01421
3552.20805,0.01414
3551.24383,0.01422
3550.27960,0.01452
3549.31538,0.01485
3548.35115,0.01497
3547.38692,0.01480
3546.42270,0.01448
3545.45847,0.01416
3544.49425,0.01391
3543.53002,0.01379
3542.56580,0.01385
3541.60157,0.01420
3540.63734,0.01482
3539.67312,0.01555
3538.70889,0.01614
3537.74467,0.01646
3536.78044,0.01659
3535.81621,0.01667
3534.85199,0.01675
3533.88776,0.01668
3532.92354,0.01628
3531.95931,0.01559
3530.99509,0.01493
3530.03086,0.01467
3529.06663,0.01494
3528.10241,0.01548
3527.13818,0.01583
3526.17396,0.01576
3525.20973,0.01541
3524.24550,0.01517
3523.28128,0.01531
3522.31705,0.01581
3521.35283,0.01641
3520.38860,0.01685
3519.42437,0.01697
3518.46015,0.01675
3517.49592,0.01625
3516.53170,0.01564
3515.56747,0.01515
3514.60325,0.01497
3513.63902,0.01513
3512.67479,0.01551
3511.71057,0.01594
3510.74634,0.01633
3509.78212,0.01669
3508.81789,0.01700
3507.85366,0.01716
3506.88944,0.01707
3505.92521,0.01682
3504.96099,0.01665
3503.99676,0.01667
3503.03254,0.01670
3502.06831,0.01636
3501.10408,0.01560
3500.13986,0.01486
3499.17563,0.01479
3498.21141,0.01560
3497.24718,0.01671
3496.28295,0.01722
3495.31873,0.01667
3494.35450,0.01551
3493.39028,0.01472
3492.42605,0.01494
3491.46183,0.01603
3490.49760,0.01730
3489.53337,0.01814
3488.56915,0.01844
3487.60492,0.01836
3486.64070,0.01808
3485.67647,0.01762
3484.71224,0.01706
3483.74802,0.01661
3482.78379,0.01650
3481.81957,0.01675
3480.85534,0.01713
3479.89111,0.01737
3478.92689,0.01745
3477.96266,0.01750
3476.99844,0.01768
3476.03421,0.01797
3475.06999,0.01820
3474.10576,0.01823
3473.14153,0.01808
3472.17731,0.01791
3471.21308,0.01795
3470.24886,0.01840
3469.28463,0.01924
3468.32040,0.02022
3467.35618,0.02094
3466.39195,0.02110
3465.42773,0.02073
3464.46350,0.02013
3463.49928,0.01962
3462.53505,0.01935
3461.57082,0.01926
3460.60660,0.01919
3459.64237,0.01910
3458.67815,0.01904
3457.71392,0.01909
3456.74969,0.01928
3455.78547,0.01955
3454.82124,0.01978
3453.85702,0.01980
3452.89279,0.01956
3451.92856,0.01918
3450.96434,0.01897
3450.00011,0.01920
3449.03589,0.01990
3448.07166,0.02068
3447.10744,0.02100
3446.14321,0.02048
3445.17898,0.01931
3444.21476,0.01820
3443.25053,0.01788
3442.28631,0.01859
3441.32208,0.01973
3440.35785,0.02040
3439.39363,0.02010
3438.42940,0.01917
3437.46518,0.01837
3436.50095,0.01817
3435.53673,0.01843
3434.57250,0.01875
3433.60827,0.01906
3432.64405,0.01960
3431.67982,0.02043
3430.71560,0.02115
3429.75137,0.02128
3428.78714,0.02076
3427.82292,0.02007
3426.85869,0.01974
3425.89447,0.01982
3424.93024,0.01992
3423.96602,0.01972
3423.00179,0.01929
3422.03756,0.01898
3421.07334,0.01902
3420.10911,0.01938
3419.14489,0.01981
3418.18066,0.02002
3417.21643,0.01989
3416.25221,0.01955
3415.28798,0.01925
3414.32376,0.01921
3413.35953,0.01938
3412.39530,0.01954
3411.43108,0.01959
3410.46685,0.01974
3409.50263,0.02031
3408.53840,0.02135
3407.57418,0.02241
3406.60995,0.02300
3405.64572,0.02298
3404.68150,0.02268
3403.71727,0.02243
3402.75305,0.02228
3401.78882,0.02202
3400.82459,0.02160
3399.86037,0.02118
3398.89614,0.02102
3397.93192,0.02119
3396.96769,0.02155
3396.00347,0.02197
3395.03924,0.02240
3394.07501,0.02284
3393.11079,0.02321
3392.14656,0.02342
3391.18234,0.02344
3390.21811,0.02328
3389.25388,0.02299
3388.28966,0.02261
3387.32543,0.02221
3386.36121,0.02189
3385.39698,0.02166
3384.43276,0.02141
3383.46853,0.02099
3382.50430,0.02038
3381.54008,0.01978
3380.57585,0.01950
3379.61163,0.01976
3378.64740,0.02051
3377.68317,0.02146
3376.71895,0.02220
3375.75472,0.02234
3374.79050,0.02180
3373.82627,0.02079
3372.86204,0.01974
3371.89782,0.01910
3370.93359,0.01908
3369.96937,0.01952
3369.00514,0.02004
3368.04092,0.02026
3367.07669,0.02006
3366.11246,0.01969
3365.14824,0.01954
3364.18401,0.01984
3363.21979,0.02049
3362.25556,0.02110
3361.29133,0.02132
3360.32711,0.02107
3359.36288,0.02056
3358.39866,0.02007
3357.43443,0.01973
3356.47021,0.01953
3355.50598,0.01940
3354.54175,0.01934
3353.57753,0.01942
3352.61330,0.01970
3351.64908,0.02016
3350.68485,0.02066
3349.72062,0.02100
3348.75640,0.02107
3347.79217,0.02092
3346.82795,0.02073
3345.86372,0.02070
3344.89949,0.02092
3343.93527,0.02130
3342.97104,0.02169
3342.00682,0.02198
3341.04259,0.02206
3340.07837,0.02187
3339.11414,0.02139
3338.14991,0.02068
3337.18569,0.01994
3336.22146,0.01943
3335.25724,0.01934
3334.29301,0.01968
3333.32878,0.02024
3332.36456,0.02074
3331.40033,0.02098
3330.43611,0.02097
3329.47188,0.02085
3328.50766,0.02079
3327.54343,0.02084
3326.57920,0.02092
3325.61498,0.02088
3324.65075,0.02068
3323.68653,0.02039
3322.72230,0.02016
3321.75807,0.02007
3320.79385,0.02014
3319.82962,0.02033
3318.86540,0.02059
3317.90117,0.02097
3316.93695,0.02148
3315.97272,0.02207
3315.00849,0.02255
3314.04427,0.02269
3313.08004,0.02233
3312.11582,0.02151
3311.15159,0.02049
3310.18736,0.01961
3309.22314,0.01917
3308.25891,0.01933
3307.29469,0.02002
3306.33046,0.02100
3305.36623,0.02193
3304.40201,0.02258
3303.43778,0.02291
3302.47356,0.02309
3301.50933,0.02320
3300.54511,0.02316
3299.58088,0.02271
3298.61665,0.02174
3297.65243,0.02048
3296.68820,0.01942
3295.72398,0.01902
3294.75975,0.01934
3293.79552,0.02007
3292.83130,0.02072
3291.86707,0.02097
3290.90285,0.02082
3289.93862,0.02049
3288.97440,0.02024
3288.01017,0.02015
3287.04594,0.02016
3286.08172,0.02013
3285.11749,0.02011
3284.15327,0.02024
3283.18904,0.02066
3282.22481,0.02134
3281.26059,0.02204
3280.29636,0.02248
3279.33214,0.02246
3278.36791,0.02195
3277.40369,0.02112
3276.43946,0.02023
3275.47523,0.01957
3274.51101,0.01929
3273.54678,0.01934
3272.58256,0.01952
3271.61833,0.01962
3270.65410,0.01961
3269.68988,0.01958
3268.72565,0.01966
3267.76143,0.01987
3266.79720,0.02012
3265.83297,0.02026
3264.86875,0.02013
3263.90452,0.01968
3262.94030,0.01898
3261.97607,0.01829
3261.01185,0.01792
3260.04762,0.01805
3259.08339,0.01848
3258.11917,0.01883
3257.15494,0.01882
3256.19072,0.01852
3255.22649,0.01829
3254.26226,0.01843
3253.29804,0.01895
3252.33381,0.01965
3251.36959,0.02024
3250.40536,0.02058
3249.44114,0.02065
3248.47691,0.02053
3247.51268,0.02039
3246.54846,0.02035
3245.58423,0.02042
3244.62001,0.02045
3243.65578,0.02031
3242.69155,0.02004
3241.72733,0.01979
3240.76310,0.01967
3239.79888,0.01958
3238.83465,0.01934
3237.87042,0.01896
3236.90620,0.01869
3235.94197,0.01879
3234.97775,0.01926
3234.01352,0.01980
3233.04930,0.02010
3232.08507,0.02004
3231.12084,0.01972
3230.15662,0.01930
3229.19239,0.01891
3228.22817,0.01861
3227.26394,0.01842
3226.29971,0.01829
3225.33549,0.01817
3224.37126,0.01805
3223.40704,0.01801
3222.44281,0.01806
3221.47859,0.01816
3220.51436,0.01822
3219.55013,0.01829
3218.58591,0.01853
3217.62168,0.01899
3216.65746,0.01946
3215.69323,0.01964
3214.72900,0.01939
3213.76478,0.01887
3212.80055,0.01837
3211.83633,0.01807
3210.87210,0.01795
3209.90788,0.01794
3208.94365,0.01804
3207.97942,0.01827
3207.01520,0.01858
3206.05097,0.01880
3205.08675,0.01877
3204.12252,0.01843
3203.15829,0.01785
3202.19407,0.01723
3201.22984,0.01679
3200.26562,0.01662
3199.30139,0.01665
3198.33716,0.01667
3197.37294,0.01654
3196.40871,0.01634
3195.44449,0.01628
3194.48026,0.01652
3193.51604,0.01703
3192.55181,0.01763
3191.58758,0.01812
3190.62336,0.01832
3189.65913,0.01810
3188.69491,0.01751
3187.73068,0.01682
3186.76645,0.01644
3185.80223,0.01652
3184.83800,0.01681
3183.87378,0.01690
3182.90955,0.01666
3181.94533,0.01639
3180.98110,0.01642
3180.01687,0.01676
3179.05265,0.01705
3178.08842,0.01707
3177.12420,0.01695
3176.15997,0.01696
3175.19574,0.01713
3174.23152,0.01719
3173.26729,0.01699
3172.30307,0.01668
3171.33884,0.01652
3170.37461,0.01657
3169.41039,0.01662
3168.44616,0.01647
3167.48194,0.01616
3166.51771,0.01591
3165.55349,0.01580
3164.58926,0.01570
3163.62503,0.01546
3162.66081,0.01515
3161.69658,0.01498
3160.73236,0.01512
3159.76813,0.01546
3158.80390,0.01577
3157.83968,0.01584
3156.87545,0.01565
3155.91123,0.01537
3154.94700,0.01524
3153.98278,0.01540
3153.01855,0.01577
3152.05432,0.01608
3151.09010,0.01607
3150.12587,0.01567
3149.16165,0.01504
3148.19742,0.01452
3147.23319,0.01433
3146.26897,0.01445
3145.30474,0.01468
3144.34052,0.01481
3143.37629,0.01471
3142.41207,0.01446
3141.44784,0.01418
3140.48361,0.01397
3139.51939,0.01384
3138.55516,0.01376
3137.59094,0.01373
3136.62671,0.01377
3135.66248,0.01388
3134.69826,0.01407
3133.73403,0.01431
3132.76981,0.01459
3131.80558,0.01485
3130.84135,0.01496
3129.87713,0.01484
3128.91290,0.01456
3127.94868,0.01425
3126.98445,0.01402
3126.02023,0.01380
3125.05600,0.01345
3124.09177,0.01297
3123.12755,0.01257
3122.16332,0.01250
3121.19910,0.01282
3120.23487,0.01333
3119.27064,0.01372
3118.30642,0.01378
3117.34219,0.01348
3116.37797,0.01293
3115.41374,0.01230
3114.44952,0.01173
3113.48529,0.01133
3112.52106,0.01109
3111.55684,0.01095
3110.59261,0.01092
3109.62839,0.01108
3108.66416,0.01144
3107.69993,0.01185
3106.73571,0.01210
3105.77148,0.01209
3104.80726,0.01196
3103.84303,0.01189
3102.87881,0.01193
3101.91458,0.01198
3100.95035,0.01199
3099.98613,0.01198
3099.02190,0.01195
3098.05768,0.01179
3097.09345,0.01139
3096.12922,0.01082
3095.16500,0.01037
3094.20077,0.01033
3093.23655,0.01072
3092.27232,0.01131
3091.30809,0.01187
3090.34387,0.01229
3089.37964,0.01258
3088.41542,0.01271
3087.45119,0.01268
3086.48697,0.01252
3085.52274,0.01231
3084.55851,0.01207
3083.59429,0.01170
3082.63006,0.01115
3081.66584,0.01052
3080.70161,0.00997
3079.73738,0.00960
3078.77316,0.00937
3077.80893,0.00914
3076.84471,0.00885
3075.88048,0.00855
3074.91626,0.00833
3073.95203,0.00827
3072.98780,0.00840
3072.02358,0.00869
3071.05935,0.00902
3070.09513,0.00923
3069.13090,0.00925
3068.16667,0.00911
3067.20245,0.00893
3066.23822,0.00883
3065.27400,0.00886
3064.30977,0.00902
3063.34554,0.00928
3062.38132,0.00955
3061.41709,0.00973
3060.45287,0.00980
3059.48864,0.00988
3058.52442,0.01006
3057.56019,0.01030
3056.59596,0.01038
3055.63174,0.01010
3054.66751,0.00953
3053.70329,0.00898
3052.73906,0.00873
3051.77483,0.00888
3050.81061,0.00935
3049.84638,0.00994
3048.88216,0.01043
3047.91793,0.01059
3046.95371,0.01026
3045.98948,0.00956
3045.02525,0.00888
3044.06103,0.00860
3043.09680,0.00882
3042.13258,0.00927
3041.16835,0.00956
3040.20412,0.00951
3039.23990,0.00918
3038.27567,0.00883
3037.31145,0.00872
3036.34722,0.00893
3035.38300,0.00934
3034.41877,0.00970
3033.45454,0.00979
3032.49032,0.00957
3031.52609,0.00922
3030.56187,0.00898
3029.59764,0.00890
3028.63341,0.00885
3027.66919,0.00871
3026.70496,0.00856
3025.74074,0.00856
3024.77651,0.00880
3023.81228,0.00913
3022.84806,0.00930
3021.88383,0.00921
3020.91961,0.00899
3019.95538,0.00880
3018.99116,0.00870
3018.02693,0.00858
3017.06270,0.00831
3016.09848,0.00791
3015.13425,0.00749
3014.17003,0.00722
3013.20580,0.00712
3012.24157,0.00714
3011.27735,0.00724
3010.31312,0.00738
3009.34890,0.00756
3008.38467,0.00768
3007.42045,0.00765
3006.45622,0.00749
3005.49199,0.00738
3004.52777,0.00751
3003.56354,0.00790
3002.59932,0.00832
3001.63509,0.00848
3000.67086,0.00834
2999.70664,0.00808
2998.74241,0.00790
2997.77819,0.00784
2996.81396,0.00776
2995.84974,0.00758
2994.88551,0.00733
2993.92128,0.00707
2992.95706,0.00680
2991.99283,0.00652
2991.02861,0.00634
2990.06438,0.00639
2989.10015,0.00668
2988.13593,0.00696
2987.17170,0.00704
2986.20748,0.00690
2985.24325,0.00675
2984.27902,0.00675
2983.31480,0.00683
2982.35057,0.00683
2981.38635,0.00677
2980.42212,0.00680
2979.45790,0.00699
2978.49367,0.00713
2977.52944,0.00698
2976.56522,0.00656
2975.60099,0.00614
2974.63677,0.00605
2973.67254,0.00632
2972.70831,0.00672
2971.74409,0.00701
2970.77986,0.00711
2969.81564,0.00707
2968.85141,0.00692
2967.88719,0.00670
2966.92296,0.00644
2965.95873,0.00620
2964.99451,0.00603
2964.03028,0.00597
2963.06606,0.00600
2962.10183,0.00614
2961.13760,0.00636
2960.17338,0.00655
2959.20915,0.00659
2958.24493,0.00650
2957.28070,0.00637
2956.31647,0.00633
2955.35225,0.00637
2954.38802,0.00640
2953.42380,0.00638
2952.45957,0.00639
2951.49535,0.00648
2950.53112,0.00662
2949.56689,0.00670
2948.60267,0.00664
2947.63844,0.00651
2946.67422,0.00639
2945.70999,0.00631
2944.74576,0.00622
2943.78154,0.00606
2942.81731,0.00589
2941.85309,0.00581
2940.88886,0.00588
2939.92464,0.00607
2938.96041,0.00626
2937.99618,0.00635
2937.03196,0.00630
2936.06773,0.00612
2935.10351,0.00588
2934.13928,0.00570
2933.17505,0.00566
2932.21083,0.00577
2931.24660,0.00595
2930.28238,0.00609
2929.31815,0.00608
2928.35393,0.00587
2927.38970,0.00552
2926.42547,0.00521
2925.46125,0.00508
2924.49702,0.00520
2923.53280,0.00550
2922.56857,0.00583
2921.60434,0.00609
2920.64012,0.00625
2919.67589,0.00634
2918.71167,0.00634
2917.74744,0.00618
2916.78321,0.00582
2915.81899,0.00535
2914.85476,0.00491
2913.89054,0.00460
2912.92631,0.00443
2911.96209,0.00436
2910.99786,0.00433
2910.03363,0.00436
2909.06941,0.00451
2908.10518,0.00481
2907.14096,0.00521
2906.17673,0.00560
2905.21250,0.00586
2904.24828,0.00593
2903.28405,0.00578
2902.31983,0.00549
2901.35560,0.00511
2900.39138,0.00472
2899.42715,0.00437
2898.46292,0.00417
2897.49870,0.00417
2896.53447,0.00441
2895.57025,0.00477
2894.60602,0.00506
2893.64179,0.00514
2892.67757,0.00504
2891.71334,0.00491
2890.74912,0.00486
2889.78489,0.00485
2888.82066,0.00479
2887.85644,0.00463
2886.89221,0.00449
2885.92799,0.00448
2884.96376,0.00460
2883.99954,0.00475
2883.03531,0.00482
2882.07108,0.00485
2881.10686,0.00495
2880.14263,0.00511
2879.17841,0.00522
2878.21418,0.00518
2877.24995,0.00510
2876.28573,0.00520
2875.32150,0.00557
2874.35728,0.00606
2873.39305,0.00639
2872.42883,0.00633
2871.46460,0.00593
2870.50037,0.00535
2869.53615,0.00479
2868.57192,0.00433
2867.60770,0.00402
2866.64347,0.00387
2865.67924,0.00387
2864.71502,0.00399
2863.75079,0.00421
2862.78657,0.00450
2861.82234,0.00480
2860.85812,0.00501
2859.89389,0.00502
2858.92966,0.00481
2857.96544,0.00444
2857.00121,0.00404
2856.03699,0.00378
2855.07276,0.00374
2854.10853,0.00390
2853.14431,0.00411
2852.18008,0.00423
2851.21586,0.00420
2850.25163,0.00415
2849.28740,0.00427
2848.32318,0.00459
2847.35895,0.00496
2846.39473,0.00518
2845.43050,0.00513
2844.46628,0.00486
2843.50205,0.00456
2842.53782,0.00432
2841.57360,0.00421
2840.60937,0.00422
2839.64515,0.00431
2838.68092,0.00444
2837.71669,0.00462
2836.75247,0.00485
2835.78824,0.00510
2834.82402,0.00521
2833.85979,0.00506
2832.89557,0.00465
2831.93134,0.00419
2830.96711,0.00393
2830.00289,0.00391
2829.03866,0.00399
2828.07444,0.00403
2827.11021,0.00406
2826.14598,0.00422
2825.18176,0.00449
2824.21753,0.00469
2823.25331,0.00463
2822.28908,0.00433
2821.32486,0.00400
2820.36063,0.00376
2819.39640,0.00366
2818.43218,0.00368
2817.46795,0.00386
2816.50373,0.00417
2815.53950,0.00446
2814.57527,0.00452
2813.61105,0.00428
2812.64682,0.00392
2811.68260,0.00365
2810.71837,0.00355
2809.75414,0.00358
2808.78992,0.00369
2807.82569,0.00389
2806.86147,0.00414
2805.89724,0.00434
2804.93302,0.00436
2803.96879,0.00420
2803.00456,0.00397
2802.04034,0.00377
2801.07611,0.00365
2800.11189,0.00362
2799.14766,0.00372
2798.18343,0.00396
2797.21921,0.00425
2796.25498,0.00440
2795.29076,0.00433
2794.32653,0.00419
2793.36231,0.00417
2792.39808,0.00434
2791.43385,0.00460
2790.46963,0.00475
2789.50540,0.00472
2788.54118,0.00457
2787.57695,0.00441
2786.61272,0.00431
2785.64850,0.00425
2784.68427,0.00416
2783.72005,0.00398
2782.75582,0.00379
2781.79159,0.00371
2780.82737,0.00383
2779.86314,0.00402
2778.89892,0.00403
2777.93469,0.00369
2776.97047,0.00306
2776.00624,0.00251
2775.04201,0.00232
2774.07779,0.00258
2773.11356,0.00308
2772.14934,0.00356
2771.18511,0.00385
2770.22088,0.00393
2769.25666,0.00385
2768.29243,0.00374
2767.32821,0.00374
2766.36398,0.00391
2765.39976,0.00418
2764.43553,0.00438
2763.47130,0.00433
2762.50708,0.00403
2761.54285,0.00368
2760.57863,0.00350
2759.61440,0.00361
2758.65017,0.00391
2757.68595,0.00416
2756.72172,0.00423
2755.75750,0.00413
2754.79327,0.00399
2753.82905,0.00393
2752.86482,0.00391
2751.90059,0.00391
2750.93637,0.00394
2749.97214,0.00410
2749.00792,0.00439
2748.04369,0.00461
2747.07946,0.00452
2746.11524,0.00412
2745.15101,0.00367
2744.18679,0.00349
2743.22256,0.00362
2742.25833,0.00382
2741.29411,0.00386
2740.32988,0.00378
2739.36566,0.00376
2738.40143,0.00385
2737.43721,0.00388
2736.47298,0.00370
2735.50875,0.00342
2734.54453,0.00331
2733.58030,0.00351
2732.61608,0.00387
2731.65185,0.00410
2730.68762,0.00407
2729.72340,0.00387
2728.75917,0.00370
2727.79495,0.00363
2726.83072,0.00360
2725.86650,0.00354
2724.90227,0.00343
2723.93804,0.00328
2722.97382,0.00314
2722.00959,0.00307
2721.04537,0.00313
2720.08114,0.00335
2719.11691,0.00360
2718.15269,0.00368
2717.18846,0.00350
2716.22424,0.00320
2715.26001,0.00300
2714.29579,0.00303
2713.33156,0.00323
2712.36733,0.00344
2711.40311,0.00355
2710.43888,0.00359
2709.47466,0.00361
2708.51043,0.00362
2707.54620,0.00362
2706.58198,0.00360
2705.61775,0.00357
2704.65353,0.00353
2703.68930,0.00351
2702.72507,0.00355
2701.76085,0.00365
2700.79662,0.00379
2699.83240,0.00386
2698.86817,0.00378
2697.90395,0.00361
2696.93972,0.00350
2695.97549,0.00352
2695.01127,0.00361
2694.04704,0.00366
2693.08282,0.00363
2692.11859,0.00356
2691.15436,0.00353
2690.19014,0.00353
2689.22591,0.00356
2688.26169,0.00365
2687.29746,0.00380
2686.33324,0.00394
2685.36901,0.00393
2684.40478,0.00373
2683.44056,0.00351
2682.47633,0.00351
2681.51211,0.00374
2680.54788,0.00400
2679.58365,0.00411
2678.61943,0.00408
2677.65520,0.00411
2676.69098,0.00429
2675.72675,0.00448
2674.76252,0.00447
2673.79830,0.00422
2672.83407,0.00390
2671.86985,0.00370
2670.90562,0.00368
2669.94140,0.00372
2668.97717,0.00367
2668.01294,0.00344
2667.04872,0.00309
2666.08449,0.00273
2665.12027,0.00251
2664.15604,0.00252
2663.19181,0.00271
2662.22759,0.00294
2661.26336,0.00310
2660.29914,0.00320
2659.33491,0.00331
2658.37069,0.00349
2657.40646,0.00370
2656.44223,0.00387
2655.47801,0.00395
2654.51378,0.00390
2653.54956,0.00374
2652.58533,0.00349
2651.62110,0.00322
2650.65688,0.00298
2649.69265,0.00279
2648.72843,0.00261
2647.76420,0.00244
2646.79998,0.00237
2645.83575,0.00247
2644.87152,0.00275
2643.90730,0.00306
2642.94307,0.00327
2641.97885,0.00332
2641.01462,0.00328
2640.05039,0.00321
2639.08617,0.00319
2638.12194,0.00323
2637.15772,0.00334
2636.19349,0.00347
2635.22926,0.00355
2634.26504,0.00357
2633.30081,0.00355
2632.33659,0.00351
2631.37236,0.00343
2630.40814,0.00325
2629.44391,0.00303
2628.47968,0.00295
2627.51546,0.00315
2626.55123,0.00351
2625.58701,0.00377
2624.62278,0.00369
2623.65855,0.00336
2622.69433,0.00304
2621.73010,0.00297
2620.76588,0.00315
2619.80165,0.00342
2618.83743,0.00362
2617.87320,0.00373
2616.90897,0.00377
2615.94475,0.00374
2614.98052,0.00364
2614.01630,0.00349
2613.05207,0.00337
2612.08784,0.00340
2611.12362,0.00360
2610.15939,0.00387
2609.19517,0.00411
2608.23094,0.00430
2607.26672,0.00456
2606.30249,0.00495
2605.33826,0.00533
2604.37404,0.00543
2603.40981,0.00505
2602.44559,0.00435
2601.48136,0.00375
2600.51713,0.00352
2599.55291,0.00362
2598.58868,0.00372
2597.62446,0.00359
2596.66023,0.00330
2595.69600,0.00309
2594.73178,0.00307
2593.76755,0.00316
2592.80333,0.00323
2591.83910,0.00323
2590.87488,0.00321
2589.91065,0.00320
2588.94642,0.00318
2587.98220,0.00311
2587.01797,0.00307
2586.05375,0.00320
2585.08952,0.00355
2584.12529,0.00401
2583.16107,0.00434
2582.19684,0.00438
2581.23262,0.00411
2580.26839,0.00365
2579.30417,0.00319
2578.33994,0.00285
2577.37571,0.00267
2576.41149,0.00265
2575.44726,0.00282
2574.48304,0.00314
2573.51881,0.00352
2572.55458,0.00385
2571.59036,0.00405
2570.62613,0.00418
2569.66191,0.00431
2568.69768,0.00442
2567.73345,0.00438
2566.76923,0.00413
2565.80500,0.00377
2564.84078,0.00350
2563.87655,0.00342
2562.91233,0.00347
2561.94810,0.00349
2560.98387,0.00344
2560.01965,0.00338
2559.05542,0.00339
2558.09120,0.00344
2557.12697,0.00349
2556.16274,0.00349
2555.19852,0.00345
2554.23429,0.00335
2553.27007,0.00315
2552.30584,0.00281
2551.34162,0.00237
2550.37739,0.00197
2549.41316,0.00177
2548.44894,0.00186
2547.48471,0.00221
2546.52049,0.00267
2545.55626,0.00304
2544.59203,0.00321
2543.62781,0.00327
2542.66358,0.00336
2541.69936,0.00355
2540.73513,0.00375
2539.77091,0.00382
2538.80668,0.00368
2537.84245,0.00342
2536.87823,0.00318
2535.91400,0.00305
2534.94978,0.00310
2533.98555,0.00329
2533.02132,0.00355
2532.05710,0.00369
2531.09287,0.00358
2530.12865,0.00327
2529.16442,0.00297
2528.20019,0.00287
2527.23597,0.00300
2526.27174,0.00319
2525.30752,0.00329
2524.34329,0.00328
2523.37907,0.00330
2522.41484,0.00344
2521.45061,0.00368
2520.48639,0.00396
2519.52216,0.00416
2518.55794,0.00425
2517.59371,0.00423
2516.62948,0.00415
2515.66526,0.00411
2514.70103,0.00411
2513.73681,0.00406
2512.77258,0.00388
2511.80836,0.00365
2510.84413,0.00350
2509.87990,0.00355
2508.91568,0.00370
2507.95145,0.00380
2506.98723,0.00376
2506.02300,0.00359
2505.05877,0.00335
2504.09455,0.00307
2503.13032,0.00279
2502.16610,0.00264
2501.20187,0.00276
2500.23764,0.00316
2499.27342,0.00362
2498.30919,0.00391
2497.34497,0.00394
2496.38074,0.00382
2495.41652,0.00367
2494.45229,0.00354
2493.48806,0.00346
2492.52384,0.00349
2491.55961,0.00367
2490.59539,0.00397
2489.63116,0.00423
2488.66693,0.00436
2487.70271,0.00438
2486.73848,0.00439
2485.77426,0.00442
2484.81003,0.00442
2483.84581,0.00431
2482.88158,0.00412
2481.91735,0.00392
2480.95313,0.00383
2479.98890,0.00384
2479.02468,0.00395
2478.06045,0.00406
2477.09622,0.00412
2476.13200,0.00405
2475.16777,0.00388
2474.20355,0.00368
2473.23932,0.00352
2472.27510,0.00346
2471.31087,0.00347
2470.34664,0.00353
2469.38242,0.00364
2468.41819,0.00378
2467.45397,0.00391
2466.48974,0.00396
2465.52551,0.00390
2464.56129,0.00376
2463.59706,0.00361
2462.63284,0.00351
2461.66861,0.00348
2460.70438,0.00356
2459.74016,0.00374
2458.77593,0.00400
2457.81171,0.00424
2456.84748,0.00435
2455.88326,0.00433
2454.91903,0.00428
2453.95480,0.00429
2452.99058,0.00435
2452.02635,0.00438
2451.06213,0.00430
2450.09790,0.00416
2449.13367,0.00407
2448.16945,0.00409
2447.20522,0.00416
2446.24100,0.00415
2445.27677,0.00403
2444.31255,0.00389
2443.34832,0.00383
2442.38409,0.00385
2441.41987,0.00382
2440.45564,0.00370
2439.49142,0.00353
2438.52719,0.00347
2437.56296,0.00358
2436.59874,0.00379
2435.63451,0.00399
2434.67029,0.00404
2433.70606,0.00395
2432.74184,0.00374
2431.77761,0.00353
2430.81338,0.00339
2429.84916,0.00338
2428.88493,0.00347
2427.92071,0.00357
2426.95648,0.00361
2425.99225,0.00357
2425.02803,0.00347
2424.06380,0.00340
2423.09958,0.00341
2422.13535,0.00356
2421.17112,0.00385
2420.20690,0.00419
2419.24267,0.00440
2418.27845,0.00436
2417.31422,0.00409
2416.35000,0.00376
2415.38577,0.00355
2414.42154,0.00348
2413.45732,0.00346
2412.49309,0.00339
2411.52887,0.00330
2410.56464,0.00330
2409.60041,0.00343
2408.63619,0.00363
2407.67196,0.00382
2406.70774,0.00393
2405.74351,0.00399
2404.77929,0.00400
2403.81506,0.00400
2402.85083,0.00403
2401.88661,0.00412
2400.92238,0.00428
2399.95816,0.00445
2398.99393,0.00456
2398.02970,0.00458
2397.06548,0.00453
2396.10125,0.00441
2395.13703,0.00422
2394.17280,0.00396
2393.20857,0.00370
2392.24435,0.00356
2391.28012,0.00357
2390.31590,0.00371
2389.35167,0.00394
2388.38745,0.00419
2387.42322,0.00441
2386.45899,0.00454
2385.49477,0.00451
2384.53054,0.00431
2383.56632,0.00405
2382.60209,0.00385
2381.63786,0.00376
2380.67364,0.00379
2379.70941,0.00389
2378.74519,0.00404
2377.78096,0.00421
2376.81674,0.00429
2375.85251,0.00418
2374.88828,0.00387
2373.92406,0.00348
2372.95983,0.00318
2371.99561,0.00309
2371.03138,0.00318
2370.06715,0.00339
2369.10293,0.00367
2368.13870,0.00396
2367.17448,0.00415
2366.21025,0.00417
2365.24603,0.00404
2364.28180,0.00388
2363.31757,0.00382
2362.35335,0.00389
2361.38912,0.00397
2360.42490,0.00396
2359.46067,0.00381
2358.49644,0.00362
2357.53222,0.00353
2356.56799,0.00362
2355.60377,0.00385
2354.63954,0.00407
2353.67531,0.00415
2352.71109,0.00411
2351.74686,0.00408
2350.78264,0.00416
2349.81841,0.00431
2348.85419,0.00442
2347.88996,0.00438
2346.92573,0.00422
2345.96151,0.00401
2344.99728,0.00383
2344.03306,0.00372
2343.06883,0.00367
2342.10460,0.00370
2341.14038,0.00381
2340.17615,0.00392
2339.21193,0.00395
2338.24770,0.00390
2337.28348,0.00383
2336.31925,0.00377
2335.35502,0.00372
2334.39080,0.00366
2333.42657,0.00366
2332.46235,0.00380
2331.49812,0.00409
2330.53389,0.00439
2329.56967,0.00451
2328.60544,0.00434
2327.64122,0.00396
2326.67699,0.00353
2325.71277,0.00329
2324.74854,0.00340
2323.78431,0.00390
2322.82009,0.00458
2321.85586,0.00516
2320.89164,0.00541
2319.92741,0.00530
2318.96318,0.00498
2317.99896,0.00459
2317.03473,0.00421
2316.07051,0.00390
2315.10628,0.00378
2314.14205,0.00389
2313.17783,0.00414
2312.21360,0.00429
2311.24938,0.00420
2310.28515,0.00392
2309.32093,0.00364
2308.35670,0.00351
2307.39247,0.00355
2306.42825,0.00370
2305.46402,0.00391
2304.49980,0.00414
2303.53557,0.00431
2302.57134,0.00436
2301.60712,0.00432
2300.64289,0.00429
2299.67867,0.00436
2298.71444,0.00456
2297.75022,0.00480
2296.78599,0.00498
2295.82176,0.00499
2294.85754,0.00479
2293.89331,0.00445
2292.92909,0.00419
2291.96486,0.00417
2291.00063,0.00437
2290.03641,0.00456
2289.07218,0.00455
2288.10796,0.00432
2287.14373,0.00401
2286.17950,0.00373
2285.21528,0.00350
2284.25105,0.00331
2283.28683,0.00322
2282.32260,0.00328
2281.35838,0.00343
2280.39415,0.00355
2279.42992,0.00361
2278.46570,0.00371
2277.50147,0.00395
2276.53725,0.00425
2275.57302,0.00443
2274.60879,0.00444
2273.64457,0.00442
2272.68034,0.00450
2271.71612,0.00463
2270.75189,0.00464
2269.78767,0.00447
2268.82344,0.00424
2267.85921,0.00406
2266.89499,0.00387
2265.93076,0.00359
2264.96654,0.00327
2264.00231,0.00310
2263.03808,0.00320
2262.07386,0.00353
2261.10963,0.00392
2260.14541,0.00423
2259.18118,0.00441
2258.21696,0.00442
2257.25273,0.00426
2256.28850,0.00402
2255.32428,0.00392
2254.36005,0.00408
2253.39583,0.00441
2252.43160,0.00470
2251.46737,0.00478
2250.50315,0.00464
2249.53892,0.00435
2248.57470,0.00388
2247.61047,0.00326
2246.64624,0.00265
2245.68202,0.00233
2244.71779,0.00246
2243.75357,0.00289
2242.78934,0.00334
2241.82512,0.00360
2240.86089,0.00372
2239.89666,0.00382
2238.93244,0.00396
2237.96821,0.00403
2237.00399,0.00392
2236.03976,0.00368
2235.07553,0.00347
2234.11131,0.00350
2233.14708,0.00379
2232.18286,0.00418
2231.21863,0.00446
2230.25441,0.00448
2229.29018,0.00433
2228.32595,0.00422
2227.36173,0.00431
2226.39750,0.00454
2225.43328,0.00473
2224.46905,0.00475
2223.50482,0.00461
2222.54060,0.00443
2221.57637,0.00430
2220.61215,0.00422
2219.64792,0.00416
2218.68369,0.00412
2217.71947,0.00403
2216.75524,0.00382
2215.79102,0.00351
2214.82679,0.00324
2213.86257,0.00322
2212.89834,0.00353
2211.93411,0.00402
2210.96989,0.00443
2210.00566,0.00459
2209.04144,0.00455
2208.07721,0.00448
2207.11298,0.00449
2206.14876,0.00460
2205.18453,0.00474
2204.22031,0.00484
2203.25608,0.00490
2202.29186,0.00493
2201.32763,0.00491
2200.36340,0.00482
2199.39918,0.00460
2198.43495,0.00426
2197.47073,0.00394
2196.50650,0.00379
2195.54227,0.00393
2194.57805,0.00433
2193.61382,0.00479
2192.64960,0.00511
2191.68537,0.00522
2190.72115,0.00515
2189.75692,0.00497
2188.79269,0.00474
2187.82847,0.00448
2186.86424,0.00429
2185.90002,0.00422
2184.93579,0.00426
2183.97156,0.00431
2183.00734,0.00428
2182.04311,0.00416
2181.07889,0.00401
2180.11466,0.00388
2179.15043,0.00376
2178.18621,0.00367
2177.22198,0.00366
2176.25776,0.00380
2175.29353,0.00406
2174.32931,0.00433
2173.36508,0.00451
2172.40085,0.00460
2171.43663,0.00465
2170.47240,0.00471
2169.50818,0.00472
2168.54395,0.00465
2167.57972,0.00452
2166.61550,0.00439
2165.65127,0.00430
2164.68705,0.00423
2163.72282,0.00422
2162.75860,0.00433
2161.79437,0.00460
2160.83014,0.00493
2159.86592,0.00516
2158.90169,0.00519
2157.93747,0.00509
2156.97324,0.00496
2156.00901,0.00482
2155.04479,0.00462
2154.08056,0.00440
2153.11634,0.00428
2152.15211,0.00438
2151.18789,0.00465
2150.22366,0.00490
2149.25943,0.00500
2148.29521,0.00499
2147.33098,0.00493
2146.36676,0.00486
2145.40253,0.00481
2144.43830,0.00487
2143.47408,0.00514
2142.50985,0.00564
2141.54563,0.00620
2140.58140,0.00659
2139.61717,0.00675
2138.65295,0.00677
2137.68872,0.00679
2136.72450,0.00681
2135.76027,0.00682
2134.79605,0.00685
2133.83182,0.00700
2132.86759,0.00735
2131.90337,0.00788
2130.93914,0.00848
2129.97492,0.00903
2129.01069,0.00942
2128.04646,0.00958
2127.08224,0.00953
2126.11801,0.00942
2125.15379,0.00939
2124.18956,0.00951
2123.22534,0.00966
2122.26111,0.00972
2121.29688,0.00964
2120.33266,0.00947
2119.36843,0.00922
2118.40421,0.00887
2117.43998,0.00844
2116.47575,0.00801
2115.51153,0.00773
2114.54730,0.00764
2113.58308,0.00770
2112.61885,0.00780
2111.65462,0.00788
2110.69040,0.00790
2109.72617,0.00782
2108.76195,0.00765
2107.79772,0.00743
2106.83350,0.00725
2105.86927,0.00712
2104.90504,0.00695
2103.94082,0.00667
2102.97659,0.00631
2102.01237,0.00596
2101.04814,0.00569
2100.08391,0.00554
2099.11969,0.00550
2098.15546,0.00558
2097.19124,0.00576
2096.22701,0.00594
2095.26279,0.00602
2094.29856,0.00590
2093.33433,0.00562
2092.37011,0.00523
2091.40588,0.00482
2090.44166,0.00449
2089.47743,0.00432
2088.51320,0.00433
2087.54898,0.00446
2086.58475,0.00462
2085.62053,0.00480
2084.65630,0.00498
2083.69208,0.00511
2082.72785,0.00504
2081.76362,0.00473
2080.79940,0.00431
2079.83517,0.00406
2078.87095,0.00415
2077.90672,0.00445
2076.94249,0.00469
2075.97827,0.00471
2075.01404,0.00453
2074.04982,0.00430
2073.08559,0.00411
2072.12136,0.00401
2071.15714,0.00404
2070.19291,0.00421
2069.22869,0.00448
2068.26446,0.00474
2067.30024,0.00489
2066.33601,0.00491
2065.37178,0.00485
2064.40756,0.00472
2063.44333,0.00452
2062.47911,0.00431
2061.51488,0.00420
2060.55065,0.00428
2059.58643,0.00448
2058.62220,0.00469
2057.65798,0.00480
2056.69375,0.00480
2055.72953,0.00478
2054.76530,0.00480
2053.80107,0.00489
2052.83685,0.00503
2051.87262,0.00518
2050.90840,0.00524
2049.94417,0.00517
2048.97994,0.00496
2048.01572,0.00473
2047.05149,0.00454
2046.08727,0.00442
2045.12304,0.00438
2044.15882,0.00440
2043.19459,0.00447
2042.23036,0.00451
2041.26614,0.00445
2040.30191,0.00428
2039.33769,0.00412
2038.37346,0.00407
2037.40923,0.00418
2036.44501,0.00440
2035.48078,0.00466
2034.51656,0.00487
2033.55233,0.00499
2032.58810,0.00498
2031.62388,0.00486
2030.65965,0.00468
2029.69543,0.00449
2028.73120,0.00430
2027.76698,0.00410
2026.80275,0.00390
2025.83852,0.00378
2024.87430,0.00378
2023.91007,0.00386
2022.94585,0.00396
2021.98162,0.00412
2021.01739,0.00439
2020.05317,0.00473
2019.08894,0.00496
2018.12472,0.00496
2017.16049,0.00476
2016.19627,0.00453
2015.23204,0.00440
2014.26781,0.00439
2013.30359,0.00441
2012.33936,0.00439
2011.37514,0.00433
2010.41091,0.00422
2009.44668,0.00403
2008.48246,0.00384
2007.51823,0.00377
2006.55401,0.00390
2005.58978,0.00415
2004.62555,0.00438
2003.66133,0.00454
2002.69710,0.00466
2001.73288,0.00478
2000.76865,0.00484
1999.80443,0.00476
1998.84020,0.00456
1997.87597,0.00440
1996.91175,0.00439
1995.94752,0.00452
1994.98330,0.00466
1994.01907,0.00469
1993.05484,0.00457
1992.09062,0.00432
1991.12639,0.00405
1990.16217,0.00390
1989.19794,0.00391
1988.23372,0.00403
1987.26949,0.00409
1986.30526,0.00402
1985.34104,0.00389
1984.37681,0.00388
1983.41259,0.00406
1982.44836,0.00432
1981.48413,0.00453
1980.51991,0.00464
1979.55568,0.00471
1978.59146,0.00476
1977.62723,0.00475
1976.66301,0.00466
1975.69878,0.00453
1974.73455,0.00444
1973.77033,0.00438
1972.80610,0.00425
1971.84188,0.00400
1970.87765,0.00370
1969.91342,0.00348
1968.94920,0.00343
1967.98497,0.00352
1967.02075,0.00369
1966.05652,0.00386
1965.09229,0.00399
1964.12807,0.00407
1963.16384,0.00417
1962.19962,0.00431
1961.23539,0.00448
1960.27117,0.00459
1959.30694,0.00452
1958.34271,0.00427
1957.37849,0.00396
1956.41426,0.00377
1955.45004,0.00382
1954.48581,0.00411
1953.52158,0.00450
1952.55736,0.00481
1951.59313,0.00487
1950.62891,0.00469
1949.66468,0.00442
1948.70046,0.00423
1947.73623,0.00415
1946.77200,0.00406
1945.80778,0.00385
1944.84355,0.00359
1943.87933,0.00349
1942.91510,0.00367
1941.95087,0.00404
1940.98665,0.00442
1940.02242,0.00467
1939.05820,0.00474
1938.09397,0.00469
1937.12974,0.00461
1936.16552,0.00460
1935.20129,0.00469
1934.23707,0.00483
1933.27284,0.00485
1932.30862,0.00468
1931.34439,0.00442
1930.38016,0.00429
1929.41594,0.00436
1928.45171,0.00453
1927.48749,0.00459
1926.52326,0.00446
1925.55903,0.00419
1924.59481,0.00389
1923.63058,0.00359
1922.66636,0.00330
1921.70213,0.00311
1920.73791,0.00308
1919.77368,0.00320
1918.80945,0.00338
1917.84523,0.00353
1916.88100,0.00367
1915.91678,0.00379
1914.95255,0.00388
1913.98832,0.00390
1913.02410,0.00386
1912.05987,0.00383
1911.09565,0.00381
1910.13142,0.00375
1909.16720,0.00363
1908.20297,0.00352
1907.23874,0.00354
1906.27452,0.00369
1905.31029,0.00386
1904.34607,0.00394
1903.38184,0.00395
1902.41761,0.00399
1901.45339,0.00414
1900.48916,0.00432
1899.52494,0.00441
1898.56071,0.00436
1897.59648,0.00418
1896.63226,0.00394
1895.66803,0.00374
1894.70381,0.00367
1893.73958,0.00376
1892.77536,0.00398
1891.81113,0.00420
1890.84690,0.00434
1889.88268,0.00440
1888.91845,0.00441
1887.95423,0.00443
1886.99000,0.00445
1886.02577,0.00444
1885.06155,0.00434
1884.09732,0.00410
1883.13310,0.00381
1882.16887,0.00358
1881.20465,0.00359
1880.24042,0.00381
1879.27619,0.00410
1878.31197,0.00426
1877.34774,0.00425
1876.38352,0.00419
1875.41929,0.00417
1874.45506,0.00416
1873.49084,0.00408
1872.52661,0.00397
1871.56239,0.00392
1870.59816,0.00397
1869.63394,0.00401
1868.66971,0.00390
1867.70548,0.00364
1866.74126,0.00340
1865.77703,0.00334
1864.81281,0.00346
1863.84858,0.00365
1862.88435,0.00385
1861.92013,0.00402
1860.95590,0.00413
1859.99168,0.00413
1859.02745,0.00399
1858.06322,0.00378
1857.09900,0.00363
1856.13477,0.00358
1855.17055,0.00363
1854.20632,0.00372
1853.24210,0.00382
1852.27787,0.00387
1851.31364,0.00385
1850.34942,0.00378
1849.38519,0.00375
1848.42097,0.00385
1847.45674,0.00408
1846.49251,0.00433
1845.52829,0.00448
1844.56406,0.00450
1843.59984,0.00448
1842.63561,0.00448
1841.67139,0.00450
1840.70716,0.00454
1839.74293,0.00458
1838.77871,0.00458
1837.81448,0.00450
1836.85026,0.00434
1835.88603,0.00422
1834.92180,0.00428
1833.95758,0.00455
1832.99335,0.00485
1832.02913,0.00499
1831.06490,0.00493
1830.10067,0.00480
1829.13645,0.00473
1828.17222,0.00471
1827.20800,0.00466
1826.24377,0.00453
1825.27955,0.00435
1824.31532,0.00419
1823.35109,0.00402
1822.38687,0.00386
1821.42264,0.00376
1820.45842,0.00379
1819.49419,0.00393
1818.52996,0.00408
1817.56574,0.00415
1816.60151,0.00419
1815.63729,0.00432
1814.67306,0.00459
1813.70884,0.00491
1812.74461,0.00511
1811.78038,0.00511
1810.81616,0.00499
1809.85193,0.00487
1808.88771,0.00484
1807.92348,0.00490
1806.95925,0.00500
1805.99503,0.00509
1805.03080,0.00512
1804.06658,0.00510
1803.10235,0.00510
1802.13813,0.00517
1801.17390,0.00530
1800.20967,0.00537
1799.24545,0.00527
1798.28122,0.00499
1797.31700,0.00464
1796.35277,0.00439
1795.38854,0.00428
1794.42432,0.00427
1793.46009,0.00432
1792.49587,0.00441
1791.53164,0.00453
1790.56741,0.00466
1789.60319,0.00475
1788.63896,0.00476
1787.67474,0.00474
1786.71051,0.00475
1785.74629,0.00486
1784.78206,0.00502
1783.81783,0.00514
1782.85361,0.00514
1781.88938,0.00502
1780.92516,0.00491
1779.96093,0.00491
1778.99670,0.00504
1778.03248,0.00516
1777.06825,0.00517
1776.10403,0.00507
1775.13980,0.00503
1774.17558,0.00517
1773.21135,0.00549
1772.24712,0.00582
1771.28290,0.00600
1770.31867,0.00603
1769.35445,0.00599
1768.39022,0.00591
1767.42599,0.00574
1766.46177,0.00545
1765.49754,0.00513
1764.53332,0.00491
1763.56909,0.00487
1762.60487,0.00495
1761.64064,0.00508
1760.67641,0.00521
1759.71219,0.00537
1758.74796,0.00556
1757.78374,0.00572
1756.81951,0.00575
1755.85528,0.00570
1754.89106,0.00568
1753.92683,0.00579
1752.96261,0.00599
1751.99838,0.00615
1751.03415,0.00616
1750.06993,0.00606
1749.10570,0.00598
1748.14148,0.00603
1747.17725,0.00624
1746.21303,0.00652
1745.24880,0.00677
1744.28457,0.00694
1743.32035,0.00700
1742.35612,0.00693
1741.39190,0.00671
1740.42767,0.00642
1739.46344,0.00620
1738.49922,0.00621
1737.53499,0.00648
1736.57077,0.00688
1735.60654,0.00723
1734.64232,0.00739
1733.67809,0.00739
1732.71386,0.00736
1731.74964,0.00742
1730.78541,0.00756
1729.82119,0.00771
1728.85696,0.00777
1727.89273,0.00770
1726.92851,0.00754
1725.96428,0.00733
1725.00006,0.00713
1724.03583,0.00694
1723.07160,0.00680
1722.10738,0.00680
1721.14315,0.00700
1720.17893,0.00741
1719.21470,0.00791
1718.25048,0.00833
1717.28625,0.00854
1716.32202,0.00850
1715.35780,0.00830
1714.39357,0.00806
1713.42935,0.00791
1712.46512,0.00792
1711.50089,0.00807
1710.53667,0.00829
1709.57244,0.00847
1708.60822,0.00863
1707.64399,0.00881
1706.67977,0.00907
1705.71554,0.00933
1704.75131,0.00950
1703.78709,0.00957
1702.82286,0.00966
1701.85864,0.00988
1700.89441,0.01021
1699.93018,0.01051
1698.96596,0.01071
1698.00173,0.01083
1697.03751,0.01095
1696.07328,0.01105
1695.10906,0.01105
1694.14483,0.01093
1693.18060,0.01081
1692.21638,0.01082
1691.25215,0.01101
1690.28793,0.01128
1689.32370,0.01153
1688.35947,0.01175
1687.39525,0.01198
1686.43102,0.01224
1685.46680,0.01249
1684.50257,0.01266
1683.53834,0.01270
1682.57412,0.01265
1681.60989,0.01255
1680.64567,0.01251
1679.68144,0.01258
1678.71722,0.01278
1677.75299,0.01300
1676.78876,0.01311
1675.82454,0.01305
1674.86031,0.01288
1673.89609,0.01274
1672.93186,0.01272
1671.96763,0.01287
1671.00341,0.01315
1670.03918,0.01353
1669.07496,0.01394
1668.11073,0.01432
1667.14651,0.01459
1666.18228,0.01468
1665.21805,0.01457
1664.25383,0.01437
1663.28960,0.01421
1662.32538,0.01422
1661.36115,0.01440
1660.39692,0.01469
1659.43270,0.01494
1658.46847,0.01507
1657.50425,0.01502
1656.54002,0.01483
1655.57579,0.01457
1654.61157,0.01435
1653.64734,0.01424
1652.68312,0.01424
1651.71889,0.01429
1650.75467,0.01436
1649.79044,0.01447
1648.82621,0.01466
1647.86199,0.01493
1646.89776,0.01516
1645.93354,0.01525
1644.96931,0.01513
1644.00508,0.01484
1643.04086,0.01448
1642.07663,0.01415
1641.11241,0.01393
1640.14818,0.01389
1639.18396,0.01397
1638.21973,0.01408
1637.25550,0.01412
1636.29128,0.01406
1635.32705,0.01393
1634.36283,0.01378
1633.39860,0.01360
1632.43437,0.01340
1631.47015,0.01325
1630.50592,0.01320
1629.54170,0.01322
1628.57747,0.01319
1627.61325,0.01301
1626.64902,0.01279
1625.68479,0.01268
1624.72057,0.01276
1623.75634,0.01292
1622.79212,0.01298
1621.82789,0.01289
1620.86366,0.01274
1619.89944,0.01263
1618.93521,0.01256
1617.97099,0.01240
1617.00676,0.01213
1616.04253,0.01182
1615.07831,0.01163
1614.11408,0.01159
1613.14986,0.01156
1612.18563,0.01142
1611.22141,0.01111
1610.25718,0.01074
1609.29295,0.01047
1608.32873,0.01033
1607.36450,0.01021
1606.40028,0.00997
1605.43605,0.00955
1604.47182,0.00908
1603.50760,0.00874
1602.54337,0.00866
1601.57915,0.00877
1600.61492,0.00892
1599.65070,0.00902
1598.68647,0.00903
1597.72224,0.00901
1596.75802,0.00893
1595.79379,0.00880
1594.82957,0.00863
1593.86534,0.00855
1592.90111,0.00863
1591.93689,0.00886
1590.97266,0.00907
1590.00844,0.00904
1589.04421,0.00868
1588.07999,0.00813
1587.11576,0.00769
1586.15153,0.00762
1585.18731,0.00793
1584.22308,0.00837
1583.25886,0.00866
1582.29463,0.00867
1581.33040,0.00852
1580.36618,0.00845
1579.40195,0.00856
1578.43773,0.00877
1577.47350,0.00886
1576.50927,0.00866
1575.54505,0.00819
1574.58082,0.00764
1573.61660,0.00722
1572.65237,0.00706
1571.68815,0.00711
1570.72392,0.00721
1569.75969,0.00719
1568.79547,0.00701
1567.83124,0.00677
1566.86702,0.00660
1565.90279,0.00659
1564.93856,0.00671
1563.97434,0.00686
1563.01011,0.00694
1562.04589,0.00696
1561.08166,0.00701
1560.11744,0.00720
1559.15321,0.00753
1558.18898,0.00783
1557.22476,0.00788
1556.26053,0.00767
1555.29631,0.00735
1554.33208,0.00716
1553.36785,0.00716
1552.40363,0.00725
1551.43940,0.00730
1550.47518,0.00722
1549.51095,0.00705
1548.54672,0.00684
1547.58250,0.00664
1546.61827,0.00651
1545.65405,0.00649
1544.68982,0.00657
1543.72560,0.00667
1542.76137,0.00670
1541.79714,0.00670
1540.83292,0.00675
1539.86869,0.00689
1538.90447,0.00700
1537.94024,0.00698
1536.97601,0.00685
1536.01179,0.00676
1535.04756,0.00683
1534.08334,0.00701
1533.11911,0.00714
1532.15489,0.00709
1531.19066,0.00687
1530.22643,0.00660
1529.26221,0.00640
1528.29798,0.00632
1527.33376,0.00634
1526.36953,0.00638
1525.40530,0.00636
1524.44108,0.00630
1523.47685,0.00626
1522.51263,0.00631
1521.54840,0.00640
1520.58418,0.00639
1519.61995,0.00625
1518.65572,0.00609
1517.69150,0.00610
1516.72727,0.00633
1515.76305,0.00664
1514.79882,0.00685
1513.83459,0.00690
1512.87037,0.00693
1511.90614,0.00704
1510.94192,0.00724
1509.97769,0.00745
1509.01346,0.00759
1508.04924,0.00764
1507.08501,0.00757
1506.12079,0.00734
1505.15656,0.00692
1504.19234,0.00641
1503.22811,0.00602
1502.26388,0.00588
1501.29966,0.00595
1500.33543,0.00609
1499.37121,0.00614
1498.40698,0.00608
1497.44275,0.00600
1496.47853,0.00600
1495.51430,0.00607
1494.55008,0.00608
1493.58585,0.00592
1492.62163,0.00559
1491.65740,0.00527
1490.69317,0.00515
1489.72895,0.00534
1488.76472,0.00575
1487.80050,0.00616
1486.83627,0.00634
1485.87204,0.00617
1484.90782,0.00567
1483.94359,0.00499
1482.97937,0.00436
1482.01514,0.00394
1481.05092,0.00382
1480.08669,0.00395
1479.12246,0.00418
1478.15824,0.00436
1477.19401,0.00442
1476.22979,0.00440
1475.26556,0.00446
1474.30133,0.00470
1473.33711,0.00513
1472.37288,0.00560
1471.40866,0.00591
1470.44443,0.00598
1469.48020,0.00582
1468.51598,0.00554
1467.55175,0.00524
1466.58753,0.00499
1465.62330,0.00485
1464.65908,0.00482
1463.69485,0.00486
1462.73062,0.00500
1461.76640,0.00535
1460.80217,0.00597
1459.83795,0.00664
1458.87372,0.00690
1457.90949,0.00632
1456.94527,0.00499
1455.98104,0.00348
1455.01682,0.00244
1454.05259,0.00203
1453.08837,0.00199
1452.12414,0.00200
1451.15991,0.00202
1450.19569,0.00219
1449.23146,0.00259
1448.26724,0.00315
1447.30301,0.00376
1446.33878,0.00435
1445.37456,0.00482
1444.41033,0.00510
1443.44611,0.00516
1442.48188,0.00512
1441.51765,0.00509
1440.55343,0.00508
1439.58920,0.00499
1438.62498,0.00476
1437.66075,0.00450
1436.69653,0.00439
1435.73230,0.00452
1434.76807,0.00484
1433.80385,0.00518
1432.83962,0.00540
1431.87540,0.00538
1430.91117,0.00514
1429.94694,0.00485
1428.98272,0.00478
1428.01849,0.00508
1427.05427,0.00569
1426.09004,0.00634
1425.12582,0.00682
1424.16159,0.00708
1423.19736,0.00719
1422.23314,0.00720
1421.26891,0.00706
1420.30469,0.00671
1419.34046,0.00620
1418.37623,0.00562
1417.41201,0.00508
1416.44778,0.00466
1415.48356,0.00438
1414.51933,0.00423
1413.55511,0.00416
1412.59088,0.00410
1411.62665,0.00403
1410.66243,0.00403
1409.69820,0.00420
1408.73398,0.00458
1407.76975,0.00501
1406.80552,0.00518
1405.84130,0.00487
1404.87707,0.00412
1403.91285,0.00324
1402.94862,0.00264
1401.98439,0.00260
1401.02017,0.00309
1400.05594,0.00386
1399.09172,0.00462
1398.12749,0.00518
1397.16327,0.00546
1396.19904,0.00540
1395.23481,0.00500
1394.27059,0.00435
1393.30636,0.00375
1392.34214,0.00349
1391.37791,0.00369
1390.41368,0.00420
1389.44946,0.00479
1388.48523,0.00528
1387.52101,0.00569
1386.55678,0.00609
1385.59256,0.00643
1384.62833,0.00650
1383.66410,0.00607
1382.69988,0.00515
1381.73565,0.00408
1380.77143,0.00335
1379.80720,0.00330
1378.84297,0.00389
1377.87875,0.00476
1376.91452,0.00549
1375.95030,0.00589
1374.98607,0.00594
1374.02184,0.00574
1373.05762,0.00541
1372.09339,0.00512
1371.12917,0.00506
1370.16494,0.00534
1369.20072,0.00583
1368.23649,0.00618
1367.27226,0.00615
1366.30804,0.00571
1365.34381,0.00509
1364.37959,0.00464
1363.41536,0.00460
1362.45113,0.00501
1361.48691,0.00563
1360.52268,0.00610
1359.55846,0.00617
1358.59423,0.00584
1357.63001,0.00536
1356.66578,0.00492
1355.70155,0.00459
1354.73733,0.00431
1353.77310,0.00416
1352.80888,0.00425
1351.84465,0.00456
1350.88042,0.00485
1349.91620,0.00482
1348.95197,0.00448
1347.98775,0.00412
1347.02352,0.00408
1346.05930,0.00441
1345.09507,0.00494
1344.13084,0.00539
1343.16662,0.00557
1342.20239,0.00538
1341.23817,0.00482
1340.27394,0.00409
1339.30971,0.00353
1338.34549,0.00340
1337.38126,0.00366
1336.41704,0.00401
1335.45281,0.00420
1334.48858,0.00426
1333.52436,0.00435
1332.56013,0.00449
1331.59591,0.00457
1330.63168,0.00444
1329.66746,0.00417
1328.70323,0.00389
1327.73900,0.00371
1326.77478,0.00362
1325.81055,0.00364
1324.84633,0.00383
1323.88210,0.00423
1322.91787,0.00469
1321.95365,0.00497
1320.98942,0.00492
1320.02520,0.00460
1319.06097,0.00424
1318.09675,0.00408
1317.13252,0.00421
1316.16829,0.00459
1315.20407,0.00510
1314.23984,0.00558
1313.27562,0.00592
1312.31139,0.00600
1311.34716,0.00572
1310.38294,0.00506
1309.41871,0.00418
1308.45449,0.00346
1307.49026,0.00325
1306.52604,0.00354
1305.56181,0.00402
1304.59758,0.00435
1303.63336,0.00449
1302.66913,0.00467
1301.70491,0.00503
1300.74068,0.00543
1299.77645,0.00559
1298.81223,0.00540
1297.84800,0.00496
1296.88378,0.00443
1295.91955,0.00396
1294.95532,0.00368
1293.99110,0.00375
1293.02687,0.00424
1292.06265,0.00501
1291.09842,0.00584
1290.13420,0.00662
1289.16997,0.00728
1288.20574,0.00770
1287.24152,0.00768
1286.27729,0.00721
1285.31307,0.00663
1284.34884,0.00641
1283.38461,0.00667
1282.42039,0.00703
1281.45616,0.00695
1280.49194,0.00632
1279.52771,0.00546
1278.56349,0.00479
1277.59926,0.00443
1276.63503,0.00425
1275.67081,0.00412
1274.70658,0.00403
1273.74236,0.00399
1272.77813,0.00397
1271.81390,0.00399
1270.84968,0.00415
1269.88545,0.00454
1268.92123,0.00507
1267.95700,0.00551
1266.99277,0.00563
1266.02855,0.00536
1265.06432,0.00488
1264.10010,0.00447
1263.13587,0.00434
1262.17165,0.00456
1261.20742,0.00493
1260.24319,0.00514
1259.27897,0.00501
1258.31474,0.00467
1257.35052,0.00439
1256.38629,0.00428
1255.42206,0.00414
1254.45784,0.00376
1253.49361,0.00319
1252.52939,0.00280
1251.56516,0.00287
1250.60094,0.00327
1249.63671,0.00358
1248.67248,0.00349
1247.70826,0.00313
1246.74403,0.00292
1245.77981,0.00317
1244.81558,0.00376
1243.85135,0.00435
1242.88713,0.00467
1241.92290,0.00470
1240.95868,0.00466
1239.99445,0.00468
1239.03023,0.00473
1238.06600,0.00465
1237.10177,0.00432
1236.13755,0.00380
1235.17332,0.00334
1234.20910,0.00316
1233.24487,0.00327
1232.28064,0.00352
1231.31642,0.00377
1230.35219,0.00399
1229.38797,0.00421
1228.42374,0.00437
1227.45951,0.00432
1226.49529,0.00396
1225.53106,0.00338
1224.56684,0.00279
1223.60261,0.00246
1222.63839,0.00246
1221.67416,0.00278
1220.70993,0.00337
1219.74571,0.00422
1218.78148,0.00530
1217.81726,0.00644
1216.85303,0.00728
1215.88880,0.00743
1214.92458,0.00670
1213.96035,0.00538
1212.99613,0.00414
1212.03190,0.00359
1211.06768,0.00382
1210.10345,0.00438
1209.13922,0.00471
1208.17500,0.00462
1207.21077,0.00435
1206.24655,0.00423
1205.28232,0.00432
1204.31809,0.00445
1203.35387,0.00448
1202.38964,0.00450
1201.42542,0.00463
1200.46119,0.00489
1199.49697,0.00513
1198.53274,0.00522
1197.56851,0.00514
1196.60429,0.00487
1195.64006,0.00435
1194.67584,0.00355
1193.71161,0.00262
1192.74738,0.00181
1191.78316,0.00133
1190.81893,0.00114
1189.85471,0.00115
1188.89048,0.00128
1187.92625,0.00150
1186.96203,0.00165
1185.99780,0.00152
1185.03358,0.00114
1184.06935,0.00096
1183.10513,0.00150
1182.14090,0.00279
1181.17667,0.00422
1180.21245,0.00498
1179.24822,0.00481
1178.28400,0.00415
1177.31977,0.00361
1176.35554,0.00332
1175.39132,0.00304
1174.42709,0.00258
1173.46287,0.00211
1172.49864,0.00187
1171.53442,0.00181
1170.57019,0.00162
1169.60596,0.00115
1168.64174,0.00068
1167.67751,0.00065
1166.71329,0.00116
1165.74906,0.00184
1164.78483,0.00215
1163.82061,0.00197
1162.85638,0.00168
1161.89216,0.00179
1160.92793,0.00249
1159.96370,0.00339
1158.99948,0.00389
1158.03525,0.00371
1157.07103,0.00307
1156.10680,0.00260
1155.14258,0.00273
1154.17835,0.00340
1153.21412,0.00417
1152.24990,0.00468
1151.28567,0.00504
1150.32145,0.00556
1149.35722,0.00631
1148.39299,0.00679
1147.42877,0.00625
1146.46454,0.00424
1145.50032,0.00104
1144.53609,-0.00243
1143.57187,-0.00514
1142.60764,-0.00644
1141.64341,-0.00634
1140.67919,-0.00531
1139.71496,-0.00385
1138.75074,-0.00227
1137.78651,-0.00070
1136.82228,0.00068
1135.85806,0.00163
1134.89383,0.00212
1133.92961,0.00259
1132.96538,0.00366
1132.00116,0.00549
1131.03693,0.00744
1130.07270,0.00849
1129.10848,0.00812
1128.14425,0.00662
1127.18003,0.00467
1126.21580,0.00272
1125.25157,0.00090
1124.28735,-0.00063
1123.32312,-0.00167
1122.35890,-0.00229
1121.39467,-0.00293
1120.43044,-0.00386
1119.46622,-0.00457
1118.50199,-0.00399
1117.53777,-0.00165
1116.57354,0.00159
1115.60932,0.00400
1114.64509,0.00443
1113.68086,0.00318
1112.71664,0.00158
1111.75241,0.00081
1110.78819,0.00119
1109.82396,0.00234
1108.85973,0.00374
1107.89551,0.00499
1106.93128,0.00579
1105.96706,0.00583
1105.00283,0.00505
1104.03861,0.00373
1103.07438,0.00222
1102.11015,0.00063
1101.14593,-0.00114
1100.18170,-0.00298
1099.21748,-0.00433
1098.25325,-0.00453
1097.28902,-0.00347
1096.32480,-0.00194
1095.36057,-0.00107
1094.39635,-0.00139
1093.43212,-0.00231
1092.46790,-0.00267
1091.50367,-0.00180
1090.53944,-0.00001
1089.57522,0.00176
1088.61099,0.00274
1087.64677,0.00278
1086.68254,0.00236
1085.71831,0.00212
1084.75409,0.00255
1083.78986,0.00377
1082.82564,0.00544
1081.86141,0.00697
1080.89718,0.00780
1079.93296,0.00782
1078.96873,0.00732
1078.00451,0.00670
1077.04028,0.00619
1076.07606,0.00588
1075.11183,0.00586
1074.14760,0.00618
1073.18338,0.00671
1072.21915,0.00713
1071.25493,0.00719
1070.29070,0.00688
1069.32647,0.00632
1068.36225,0.00544
1067.39802,0.00412
1066.43380,0.00253
1065.46957,0.00133
1064.50535,0.00121
1063.54112,0.00215
1062.57689,0.00344
1061.61267,0.00428
1060.64844,0.00444
1059.68422,0.00425
1058.71999,0.00406
1057.75576,0.00385
1056.79154,0.00338
1055.82731,0.00265
1054.86309,0.00202
1053.89886,0.00192
1052.93463,0.00249
1051.97041,0.00355
1051.00618,0.00471
1050.04196,0.00552
1049.07773,0.00563
1048.11351,0.00499
1047.14928,0.00398
1046.18505,0.00327
1045.22083,0.00333
1044.25660,0.00412
1043.29238,0.00516
1042.32815,0.00595
1041.36392,0.00636
1040.39970,0.00658
1039.43547,0.00688
1038.47125,0.00723
1037.50702,0.00730
1036.54280,0.00666
1035.57857,0.00518
1034.61434,0.00332
1033.65012,0.00199
1032.68589,0.00196
1031.72167,0.00330
1030.75744,0.00524
1029.79321,0.00673
1028.82899,0.00715
1027.86476,0.00664
1026.90054,0.00574
1025.93631,0.00498
1024.97209,0.00462
1024.00786,0.00470
1023.04363,0.00505
1022.07941,0.00538
1021.11518,0.00547
1020.15096,0.00542
1019.18673,0.00568
1018.22250,0.00651
1017.25828,0.00748
1016.29405,0.00760
1015.32983,0.00616
1014.36560,0.00353
1013.40137,0.00099
1012.43715,-0.00031
1011.47292,-0.00011
1010.50870,0.00095
1009.54447,0.00213
1008.58025,0.00302
1007.61602,0.00342
1006.65179,0.00313
1005.68757,0.00204
1004.72334,0.00053
1003.75912,-0.00061
1002.79489,-0.00074
1001.83066,0.00011
1000.86644,0.00122
999.90221,0.00182
998.93799,0.00157
997.97376,0.00067
997.00954,-0.00025
996.04531,-0.00047
995.08108,0.00050
994.11686,0.00235
993.15263,0.00387
992.18841,0.00376
991.22418,0.00184
990.25995,-0.00059
989.29573,-0.00188
988.33150,-0.00168
987.36728,-0.00132
986.40305,-0.00234
985.43882,-0.00468
984.47460,-0.00660
983.51037,-0.00643
982.54615,-0.00421
981.58192,-0.00161
980.61770,-0.00027
979.65347,-0.00037
978.68924,-0.00083
977.72502,-0.00068
976.76079,0.00008
975.79657,0.00079
974.83234,0.00101
973.86811,0.00105
972.90389,0.00154
971.93966,0.00271
970.97544,0.00396
970.01121,0.00430
969.04699,0.00320
968.08276,0.00107
967.11853,-0.00097
966.15431,-0.00193
965.19008,-0.00156
964.22586,-0.00044
963.26163,0.00065
962.29740,0.00115
961.33318,0.00096
960.36895,0.00035
959.40473,-0.00017
958.44050,-0.00027
957.47628,-0.00028
956.51205,-0.00105
955.54782,-0.00302
954.58360,-0.00537
953.61937,-0.00644
952.65515,-0.00525
951.69092,-0.00258
950.72669,-0.00019
949.76247,0.00104
948.79824,0.00176
947.83402,0.00288
946.86979,0.00403
945.90556,0.00386
944.94134,0.00186
943.97711,-0.00061
943.01289,-0.00147
942.04866,0.00003
941.08444,0.00268
940.12021,0.00458
939.15598,0.00470
938.19176,0.00310
937.22753,0.00036
936.26331,-0.00279
935.29908,-0.00535
934.33485,-0.00624
933.37063,-0.00519
932.40640,-0.00336
931.44218,-0.00239
930.47795,-0.00299
929.51373,-0.00430
928.54950,-0.00487
927.58527,-0.00392
926.62105,-0.00186
925.65682,0.00028
924.69260,0.00151
923.72837,0.00127
922.76414,-0.00040
921.79992,-0.00285
920.83569,-0.00500
919.87147,-0.00602
918.90724,-0.00583
917.94302,-0.00493
916.97879,-0.00377
916.01456,-0.00245
915.05034,-0.00118
914.08611,-0.00060
913.12189,-0.00127
912.15766,-0.00293
911.19343,-0.00434
910.22921,-0.00428
909.26498,-0.00258
908.30076,-0.00021
907.33653,0.00157
906.37230,0.00205
905.40808,0.00137
904.44385,0.00024
903.47963,-0.00058
902.51540,-0.00067
901.55118,-0.00019
900.58695,0.00023
899.62272,0.00009
898.65850,-0.00037
897.69427,-0.00029
896.73005,0.00091
895.76582,0.00278
894.80159,0.00403
893.83737,0.00382
892.87314,0.00262
891.90892,0.00183
890.94469,0.00238
889.98047,0.00366
889.01624,0.00402
888.05201,0.00219
887.08779,-0.00156
886.12356,-0.00571
885.15934,-0.00869
884.19511,-0.00970
883.23088,-0.00860
882.26666,-0.00558
881.30243,-0.00144
880.33821,0.00225
879.37398,0.00384
878.40975,0.00310
877.44553,0.00167
876.48130,0.00147
875.51708,0.00275
874.55285,0.00407
873.58863,0.00423
872.62440,0.00377
871.66017,0.00419
870.69595,0.00567
869.73172,0.00659
868.76750,0.00526
867.80327,0.00201
866.83904,-0.00132
865.87482,-0.00364
864.91059,-0.00572
863.94637,-0.00878
862.98214,-0.01238
862.01792,-0.01433
861.05369,-0.01280
860.08946,-0.00819
859.12524,-0.00272
858.16101,0.00153
857.19679,0.00380
856.23256,0.00435
855.26833,0.00369
854.30411,0.00240
853.33988,0.00137
852.37566,0.00154
851.41143,0.00316
850.44721,0.00541
849.48298,0.00716
848.51875,0.00797
847.55453,0.00851
846.59030,0.00969
845.62608,0.01166
844.66185,0.01354
843.69762,0.01431
842.73340,0.01386
841.76917,0.01288
840.80495,0.01186
839.84072,0.01036
838.87649,0.00746
837.91227,0.00310
836.94804,-0.00141
835.98382,-0.00436
835.01959,-0.00528
834.05537,-0.00502
833.09114,-0.00435
832.12691,-0.00289
831.16269,0.00014
830.19846,0.00433
829.23424,0.00774
828.27001,0.00859
827.30578,0.00699
826.34156,0.00467
825.37733,0.00289
824.41311,0.00132
823.44888,-0.00080
822.48466,-0.00293
821.52043,-0.00335
820.55620,-0.00103
819.59198,0.00275
818.62775,0.00521
817.66353,0.00437
816.69930,0.00083
815.73507,-0.00248
814.77085,-0.00251
813.80662,0.00146
812.84240,0.00705
811.87817,0.01076
810.91395,0.01089
809.94972,0.00860
808.98549,0.00633
808.02127,0.00514
807.05704,0.00383
806.09282,0.00073
805.12859,-0.00400
804.16436,-0.00830
803.20014,-0.01025
802.23591,-0.00968
801.27169,-0.00772
800.30746,-0.00551
799.34323,-0.00365
798.37901,-0.00257
797.41478,-0.00257
796.45056,-0.00328
795.48633,-0.00346
794.52211,-0.00216
793.55788,0.00007
792.59365,0.00158
791.62943,0.00130
790.66520,-0.00032
789.70098,-0.00199
788.73675,-0.00305
787.77252,-0.00377
786.80830,-0.00469
785.84407,-0.00594
784.87985,-0.00726
783.91562,-0.00824
782.95140,-0.00839
781.98717,-0.00728
781.02294,-0.00509
780.05872,-0.00303
779.09449,-0.00257
778.13027,-0.00419
777.16604,-0.00679
776.20181,-0.00873
775.23759,-0.00911
774.27336,-0.00818
773.30914,-0.00675
772.34491,-0.00547
771.38068,-0.00469
770.41646,-0.00426
769.45223,-0.00345
768.48801,-0.00145
767.52378,0.00153
766.55956,0.00387
765.59533,0.00367
764.63110,0.00074
763.66688,-0.00277
762.70265,-0.00406
761.73843,-0.00215
760.77420,0.00140
759.80997,0.00388
758.84575,0.00355
757.88152,0.00061
756.91730,-0.00327
755.95307,-0.00628
754.98885,-0.00757
754.02462,-0.00764
753.06039,-0.00743
752.09617,-0.00723
751.13194,-0.00637
750.16772,-0.00428
749.20349,-0.00149
748.23926,0.00050
747.27504,0.00079
746.31081,-0.00013
745.34659,-0.00121
744.38236,-0.00215
743.41814,-0.00331
742.45391,-0.00445
741.48968,-0.00443
740.52546,-0.00250
739.56123,0.00034
738.59701,0.00203
737.63278,0.00161
736.66855,0.00015
735.70433,-0.00070
734.74010,-0.00052
733.77588,-0.00012
732.81165,-0.00019
731.84742,-0.00055
730.88320,-0.00087
729.91897,-0.00129
728.95475,-0.00194
727.99052,-0.00234
727.02630,-0.00192
726.06207,-0.00109
725.09784,-0.00110
724.13362,-0.00254
723.16939,-0.00433
722.20517,-0.00462
721.24094,-0.00275
720.27671,0.00005
719.31249,0.00189
718.34826,0.00186
717.38404,0.00041
716.41981,-0.00113
715.45559,-0.00137
714.49136,0.00032
713.52713,0.00330
712.56291,0.00579
711.59868,0.00622
710.63446,0.00455
709.67023,0.00230
708.70600,0.00125
707.74178,0.00206
706.77755,0.00430
705.81333,0.00714
704.84910,0.00977
703.88487,0.01139
702.92065,0.01149
701.95642,0.01036
700.99220,0.00914
700.02797,0.00880
699.06375,0.00901
698.09952,0.00847
697.13529,0.00641
696.17107,0.00363
695.20684,0.00173
694.24262,0.00146
693.27839,0.00213
692.31416,0.00264
691.34994,0.00262
690.38571,0.00232
689.42149,0.00197
688.45726,0.00174
687.49304,0.00211
686.52881,0.00369
685.56458,0.00626
684.60036,0.00857
683.63613,0.00943
682.67191,0.00877
681.70768,0.00734
680.74345,0.00555
679.77923,0.00330
678.81500,0.00109
677.85078,0.00064
676.88655,0.00361
675.92233,0.00923
674.95810,0.01393
673.99387,0.01397
673.02965,0.00886
672.06542,0.00198
671.10120,-0.00209
670.13697,-0.00089
669.17274,0.00461
668.20852,0.01043
667.24429,0.01174
666.28007,0.00665
665.31584,-0.00197
664.35161,-0.00917
663.38739,-0.01123
662.42316,-0.00751
661.45894,-0.00056
660.49471,0.00572
659.53049,0.00889
658.56626,0.00911
657.60203,0.00805
656.63781,0.00688
655.67358,0.00537
654.70936,0.00261
653.74513,-0.00154
652.78090,-0.00575
651.81668,-0.00797
650.85245,-0.00708
649.88823,-0.00383
648.92400,-0.00032
647.95978,0.00162
646.99555,0.00160
646.03132,0.00045
645.06710,-0.00092
644.10287,-0.00211
643.13865,-0.00300
642.17442,-0.00327
641.21019,-0.00243
640.24597,-0.00052
639.28174,0.00149
638.31752,0.00209
637.35329,0.00028
636.38907,-0.00368
635.42484,-0.00820
634.46061,-0.01102
633.49639,-0.01042
632.53216,-0.00660
631.56794,-0.00158
630.60371,0.00237
629.63948,0.00426
628.67526,0.00446
627.71103,0.00379
626.74681,0.00273
625.78258,0.00166
624.81835,0.00110
623.85413,0.00126
622.88990,0.00148
621.92568,0.00093
620.96145,-0.00016
619.99723,-0.00041
619.03300,0.00129
618.06877,0.00438
617.10455,0.00729
616.14032,0.00939
615.17610,0.01141
614.21187,0.01374
613.24764,0.01527
612.28342,0.01453
611.31919,0.01187
610.35497,0.00974
609.39074,0.01041
608.42652,0.01392
607.46229,0.01820
606.49806,0.02139
605.53384,0.02244
604.56961,0.02057
603.60539,0.01559
602.64116,0.00918
601.67693,0.00480
600.71271,0.00491
599.74848,0.00831
598.78426,0.01185
597.82003,0.01418
596.85580,0.01668
595.89158,0.02019
594.92735,0.02196
593.96313,0.01787
592.99890,0.00802
592.03468,-0.00167
591.07045,-0.00478
590.10622,-0.00077
589.14200,0.00539
588.17777,0.00939
587.21355,0.01191
586.24932,0.01635
585.28509,0.02300
584.32087,0.02689
583.35664,0.02176
582.39242,0.00685
581.42819,-0.01089
580.46397,-0.02166
579.49974,-0.01994
578.53551,-0.00702
577.57129,0.01073
576.60706,0.02591
575.64284,0.03366
574.67861,0.03438
573.71438,0.03193
572.75016,0.02931
571.78593,0.02689
570.82171,0.02428
569.85748,0.02263
568.89326,0.02382
567.92903,0.02827
566.96480,0.03373
566.00058,0.03781
565.03635,0.04024
564.07213,0.04423
563.10790,0.05179
562.14367,0.06005
561.17945,0.06248
560.21522,0.05635
559.25100,0.04461
558.28677,0.03269
557.32254,0.02438
556.35832,0.02007
555.39409,0.01827
554.42987,0.01777
553.46564,0.01740
552.50142,0.01543
551.53719,0.01004
550.57296,0.00121
549.60874,-0.00472
548.64451,-0.00237
547.68029,0.00765
546.71606,0.01807
545.75183,0.02083
544.78761,0.02101
543.82338,0.03862
542.85916,0.09236
541.89493,0.16944
540.93071,0.21889
539.96648,0.21044
539.00225,0.16065
538.03803,0.11862
537.07380,0.11720
536.10958,0.14562
535.14535,0.18406
534.18112,0.23905
533.21690,0.32211
532.25267,0.40725
531.28845,0.41730
530.32422,0.29908
529.36000,0.15211
528.39577,0.04863
527.43154,-0.00328
526.46732,-0.04087
525.50309,-0.12415
524.53887,-0.24970
523.57464,-0.32106
522.61041,-0.27539
521.64619,-0.13708
520.68196,0.02893
519.71774,0.15794
518.75351,0.19606
517.78928,0.13888
516.82506,0.07071
515.86083,0.09909
514.89661,0.26142
513.93238,0.47235
512.96816,0.55440
512.00393,0.44779
511.03970,0.28356
510.07548,0.16597
509.11125,0.10932
508.14703,0.09962
507.18280,0.11364
506.21857,0.11842
505.25435,0.10941
504.29012,0.10296
503.32590,0.12025
502.36167,0.15598
501.39745,0.17788
500.43322,0.16319
499.46899,0.14076
498.50477,0.13198
497.54054,0.11585
496.57632,0.04629
495.61209,-0.06090
494.64786,-0.15484
493.68364,-0.18668
492.71941,-0.11296
491.75519,0.09540
490.79096,0.40010
489.82673,0.74623
488.86251,1.15441
487.89828,1.26619
486.93406,0.78533
485.96983,0.39458
485.00561,0.18746
484.04138,0.13045
483.07715,0.20534
482.11293,0.39383
481.14870,0.62114
480.18448,0.62354
479.22025,0.50097
478.25602,0.43276
477.29180,0.40651
476.32757,0.37503
475.36335,0.30612
474.39912,0.18092
473.43490,0.01310
472.47067,-0.12219
471.50644,-0.17964
470.54222,-0.16393
469.57799,-0.12052
468.61377,-0.08333
467.64954,-0.04652
466.68531,0.02292
465.72109,0.14539
464.75686,0.33925
463.79264,0.61549
462.82841,0.90607
461.86419,0.94655
460.89996,0.70488
459.93573,0.46158
458.97151,0.31165
458.00728,0.28875
457.04306,0.37615
456.07883,0.47126
455.11460,0.44196
454.15038,0.26850
453.18615,0.04144
452.22193,-0.12757
451.25770,-0.15988
450.29347,-0.09769
449.32925,-0.01289
448.36502,0.06674
447.40080,0.13474
446.43657,0.17891
445.47235,0.18142
444.50812,0.17591
443.54389,0.23476
442.57967,0.35278
441.61544,0.37151
440.65122,0.29616
439.68699,0.13519
438.72276,-0.05827
437.75854,-0.12477
436.79431,-0.08701
435.83009,-0.01608
434.86586,0.06067
433.90164,0.14422
432.93741,0.23143
431.97318,0.30102
431.00896,0.30586
430.04473,0.18253
429.08051,0.01202
428.11628,-0.14627
427.15205,-0.12086
426.18783,0.15096
425.22360,0.35420
424.25938,0.37493
423.29515,0.26950
422.33092,0.16231
421.36670,0.10965
420.40247,0.09424
419.43825,0.04858
418.47402,-0.04513
417.50980,-0.15652
416.54557,-0.21937
415.58134,-0.16861
414.61712,-0.03131
413.65289,0.05631
412.68867,0.01195
411.72444,-0.11480
410.76021,-0.22373
409.79599,-0.21048
408.83176,-0.07209
407.86754,-0.03009
406.90331,-0.09744
405.93909,-0.13325
404.97486,-0.09756
404.01063,-0.03233
403.04641,0.02201
402.08218,0.02066
401.11796,-0.06226
400.15373,-0.17877
399.18950,-0.17991
398.22528,-0.04619
397.26105,0.14679
396.29683,0.30704
395.33260,0.28697
394.36838,0.14040
393.40415,0.02908
392.43992,-0.01064
391.47570,-0.03435
390.51147,-0.07481
389.54725,-0.13430
388.58302,-0.18725
387.61879,-0.21627
386.65457,-0.22569
385.69034,-0.22478
384.72612,-0.19156
383.76189,-0.14181
382.79766,-0.11495
381.83344,-0.10180
380.86921,-0.09066
379.90499,-0.04258
378.94076,0.03479
377.97654,0.08836
377.01231,0.09443
376.04808,0.08430
375.08386,0.08037
374.11963,0.06686
373.15541,0.00031
372.19118,-0.10743
371.22695,-0.14546
370.26273,-0.06189
369.29850,0.06963
368.33428,0.18883
367.37005,0.25592
366.40583,0.22561
365.44160,0.05582
364.47737,-0.22976
363.51315,-0.45303
362.54892,-0.49858
361.58470,-0.57343
360.62047,-0.53958
359.65624,-0.42115
358.69202,-0.28590
357.72779,-0.16081
356.76357,-0.04857
355.79934,0.00295
354.83512,-0.04130
353.87089,-0.13290
352.90666,-0.18257
351.94244,-0.14262
350.97821,-0.05593
350.01399,0.05091
349.04976,0.19415
