3946.57643,0.01701
3945.61220,0.01575
3944.64798,0.01510
3943.68375,0.01521
3942.71953,0.01570
3941.75530,0.01604
3940.79107,0.01615
3939.82685,0.01641
3938.86262,0.01716
3937.89840,0.01818
3936.93417,0.01888
3935.96994,0.01887
3935.00572,0.01832
3934.04149,0.01771
3933.07727,0.01731
3932.11304,0.01700
3931.14882,0.01655
3930.18459,0.01599
3929.22036,0.01562
3928.25614,0.01574
3927.29191,0.01631
3926.32769,0.01693
3925.36346,0.01705
3924.39923,0.01643
3923.43501,0.01534
3922.47078,0.01440
3921.50656,0.01413
3920.54233,0.01455
3919.57811,0.01521
3918.61388,0.01570
3917.64965,0.01597
3916.68543,0.01629
3915.72120,0.01679
3914.75698,0.01723
3913.79275,0.01722
3912.82852,0.01663
3911.86430,0.01578
3910.90007,0.01518
3909.93585,0.01511
3908.97162,0.01549
3908.00739,0.01603
3907.04317,0.01647
3906.07894,0.01668
3905.11472,0.01663
3904.15049,0.01641
3903.18627,0.01615
3902.22204,0.01594
3901.25781,0.01578
3900.29359,0.01562
3899.32936,0.01547
3898.36514,0.01540
3897.40091,0.01546
3896.43668,0.01558
3895.47246,0.01573
3894.50823,0.01598
3893.54401,0.01647
3892.57978,0.01706
3891.61556,0.01729
3890.65133,0.01674
3889.68710,0.01549
3888.72288,0.01425
3887.75865,0.01382
3886.79443,0.01450
3885.83020,0.01584
3884.86597,0.01705
3883.90175,0.01762
3882.93752,0.01755
3881.97330,0.01721
3881.00907,0.01691
3880.04485,0.01674
3879.08062,0.01661
3878.11639,0.01647
3877.15217,0.01636
3876.18794,0.01639
3875.22372,0.01655
3874.25949,0.01669
3873.29526,0.01663
3872.33104,0.01634
3871.36681,0.01601
3870.40259,0.01590
3869.43836,0.01604
3868.47413,0.01620
3867.50991,0.01606
3866.54568,0.01559
3865.58146,0.01514
3864.61723,0.01517
3863.65301,0.01582
3862.68878,0.01673
3861.72455,0.01727
3860.76033,0.01705
3859.79610,0.01626
3858.83188,0.01547
3857.86765,0.01521
3856.90342,0.01558
3855.93920,0.01631
3854.97497,0.01698
3854.01075,0.01735
3853.04652,0.01745
3852.08230,0.01735
3851.11807,0.01709
3850.15384,0.01663
3849.18962,0.01597
3848.22539,0.01530
3847.26117,0.01492
3846.29694,0.01513
3845.33271,0.01592
3844.36849,0.01691
3843.40426,0.01759
3842.44004,0.01764
3841.47581,0.01720
3840.51159,0.01666
3839.54736,0.01631
3838.58313,0.01613
3837.61891,0.01585
3836.65468,0.01536
3835.69046,0.01485
3834.72623,0.01460
3833.76200,0.01476
3832.79778,0.01524
3831.83355,0.01593
3830.86933,0.01673
3829.90510,0.01751
3828.94087,0.01804
3827.97665,0.01807
3827.01242,0.01751
3826.04820,0.01658
3825.08397,0.01574
3824.11975,0.01537
3823.15552,0.01559
3822.19129,0.01614
3821.22707,0.01656
3820.26284,0.01644
3819.29862,0.01574
3818.33439,0.01480
3817.37016,0.01409
3816.40594,0.01393
3815.44171,0.01430
3814.47749,0.01496
3813.51326,0.01563
3812.54904,0.01615
3811.58481,0.01639
3810.62058,0.01625
3809.65636,0.01577
3808.69213,0.01521
3807.72791,0.01488
3806.76368,0.01499
3805.79945,0.01546
3804.83523,0.01605
3803.87100,0.01653
3802.90678,0.01676
3801.94255,0.01670
3800.97832,0.01637
3800.01410,0.01596
3799.04987,0.01569
3798.08565,0.01572
3797.12142,0.01604
3796.15720,0.01647
3795.19297,0.01688
3794.22874,0.01718
3793.26452,0.01735
3792.30029,0.01735
3791.33607,0.01720
3790.37184,0.01701
3789.40761,0.01695
3788.44339,0.01705
3787.47916,0.01719
3786.51494,0.01716
3785.55071,0.01687
3784.58649,0.01642
3783.62226,0.01597
3782.65803,0.01563
3781.69381,0.01547
3780.72958,0.01552
3779.76536,0.01580
3778.80113,0.01617
3777.83690,0.01635
3776.87268,0.01618
3775.90845,0.01582
3774.94423,0.01567
3773.98000,0.01602
3773.01578,0.01670
3772.05155,0.01718
3771.08732,0.01706
3770.12310,0.01639
3769.15887,0.01567
3768.19465,0.01531
3767.23042,0.01540
3766.26619,0.01575
3765.30197,0.01621
3764.33774,0.01674
3763.37352,0.01727
3762.40929,0.01759
3761.44506,0.01751
3760.48084,0.01709
3759.51661,0.01662
3758.55239,0.01633
3757.58816,0.01614
3756.62394,0.01586
3755.65971,0.01546
3754.69548,0.01520
3753.73126,0.01535
3752.76703,0.01585
3751.80281,0.01639
3750.83858,0.01669
3749.87435,0.01675
3748.91013,0.01680
3747.94590,0.01698
3746.98168,0.01724
3746.01745,0.01742
3745.05323,0.01741
3744.08900,0.01723
3743.12477,0.01695
3742.16055,0.01666
3741.19632,0.01645
3740.23210,0.01638
3739.26787,0.01644
3738.30364,0.01651
3737.33942,0.01640
3736.37519,0.01605
3735.41097,0.01561
3734.44674,0.01530
3733.48251,0.01525
3732.51829,0.01539
3731.55406,0.01548
3730.58984,0.01540
3729.62561,0.01522
3728.66139,0.01515
3727.69716,0.01535
3726.73293,0.01578
3725.76871,0.01627
3724.80448,0.01663
3723.84026,0.01684
3722.87603,0.01696
3721.91180,0.01707
3720.94758,0.01716
3719.98335,0.01711
3719.01913,0.01679
3718.05490,0.01617
3717.09068,0.01544
3716.12645,0.01488
3715.16222,0.01473
3714.19800,0.01505
3713.23377,0.01565
3712.26955,0.01628
3711.30532,0.01677
3710.34109,0.01706
3709.37687,0.01713
3708.41264,0.01688
3707.44842,0.01624
3706.48419,0.01532
3705.51997,0.01448
3704.55574,0.01409
3703.59151,0.01433
3702.62729,0.01503
3701.66306,0.01580
3700.69884,0.01627
3699.73461,0.01634
3698.77038,0.01616
3697.80616,0.01600
3696.84193,0.01605
3695.87771,0.01630
3694.91348,0.01663
3693.94925,0.01683
3692.98503,0.01682
3692.02080,0.01664
3691.05658,0.01645
3690.09235,0.01644
3689.12813,0.01671
3688.16390,0.01720
3687.19967,0.01767
3686.23545,0.01790
3685.27122,0.01786
3684.30700,0.01773
3683.34277,0.01766
3682.37854,0.01770
3681.41432,0.01773
3680.45009,0.01765
3679.48587,0.01747
3678.52164,0.01727
3677.55742,0.01707
3676.59319,0.01693
3675.62896,0.01700
3674.66474,0.01749
3673.70051,0.01843
3672.73629,0.01951
3671.77206,0.02025
3670.80783,0.02036
3669.84361,0.01996
3668.87938,0.01943
3667.91516,0.01907
3666.95093,0.01889
3665.98671,0.01876
3665.02248,0.01857
3664.05825,0.01832
3663.09403,0.01807
3662.12980,0.01787
3661.16558,0.01777
3660.20135,0.01788
3659.23712,0.01830
3658.27290,0.01905
3657.30867,0.01999
3656.34445,0.02085
3655.38022,0.02132
3654.41599,0.02124
3653.45177,0.02073
3652.48754,0.02011
3651.52332,0.01970
3650.55909,0.01958
3649.59487,0.01953
3648.63064,0.01926
3647.66641,0.01869
3646.70219,0.01804
3645.73796,0.01766
3644.77374,0.01774
3643.80951,0.01826
3642.84528,0.01900
3641.88106,0.01970
3640.91683,0.02009
3639.95261,0.02003
3638.98838,0.01958
3638.02416,0.01912
3637.05993,0.01904
3636.09570,0.01953
3635.13148,0.02027
3634.16725,0.02071
3633.20303,0.02046
3632.23880,0.01964
3631.27457,0.01884
3630.31035,0.01862
3629.34612,0.01915
3628.38190,0.02007
3627.41767,0.02091
3626.45344,0.02142
3625.48922,0.02168
3624.52499,0.02193
3623.56077,0.02225
3622.59654,0.02255
3621.63232,0.02271
3620.66809,0.02267
3619.70386,0.02249
3618.73964,0.02220
3617.77541,0.02184
3616.81119,0.02144
3615.84696,0.02105
3614.88273,0.02078
3613.91851,0.02068
3612.95428,0.02072
3611.99006,0.02079
3611.02583,0.02069
3610.06161,0.02034
3609.09738,0.01979
3608.13315,0.01928
3607.16893,0.01907
3606.20470,0.01925
3605.24048,0.01972
3604.27625,0.02030
3603.31202,0.02083
3602.34780,0.02124
3601.38357,0.02150
3600.41935,0.02159
3599.45512,0.02150
3598.49090,0.02124
3597.52667,0.02085
3596.56244,0.02044
3595.59822,0.02027
3594.63399,0.02058
3593.66977,0.02142
3592.70554,0.02247
3591.74131,0.02323
3590.77709,0.02341
3589.81286,0.02314
3588.84864,0.02278
3587.88441,0.02255
3586.92018,0.02241
3585.95596,0.02220
3584.99173,0.02195
3584.02751,0.02185
3583.06328,0.02202
3582.09906,0.02234
3581.13483,0.02259
3580.17060,0.02262
3579.20638,0.02250
3578.24215,0.02231
3577.27793,0.02207
3576.31370,0.02179
3575.34947,0.02150
3574.38525,0.02127
3573.42102,0.02112
3572.45680,0.02100
3571.49257,0.02090
3570.52835,0.02087
3569.56412,0.02094
3568.59989,0.02101
3567.63567,0.02095
3566.67144,0.02071
3565.70722,0.02048
3564.74299,0.02052
3563.77876,0.02094
3562.81454,0.02162
3561.85031,0.02231
3560.88609,0.02280
3559.92186,0.02304
3558.95764,0.02309
3557.99341,0.02302
3557.02918,0.02296
3556.06496,0.02297
3555.10073,0.02301
3554.13651,0.02291
3553.17228,0.02254
3552.20805,0.02199
3551.24383,0.02159
3550.27960,0.02159
3549.31538,0.02193
3548.35115,0.02228
3547.38692,0.02236
3546.42270,0.02224
3545.45847,0.02220
3544.49425,0.02240
3543.53002,0.02268
3542.56580,0.02276
3541.60157,0.02261
3540.63734,0.02248
3539.67312,0.02257
3538.70889,0.02287
3537.74467,0.02318
3536.78044,0.02342
3535.81621,0.02369
3534.85199,0.02405
3533.88776,0.02435
3532.92354,0.02432
3531.95931,0.02384
3530.99509,0.02314
3530.03086,0.02261
3529.06663,0.02242
3528.10241,0.02249
3527.13818,0.02258
3526.17396,0.02258
3525.20973,0.02255
3524.24550,0.02262
3523.28128,0.02277
3522.31705,0.02285
3521.35283,0.02272
3520.38860,0.02245
3519.42437,0.02226
3518.46015,0.02232
3517.49592,0.02260
3516.53170,0.02284
3515.56747,0.02282
3514.60325,0.02257
3513.63902,0.02233
3512.67479,0.02234
3511.71057,0.02262
3510.74634,0.02302
3509.78212,0.02334
3508.81789,0.02349
3507.85366,0.02345
3506.88944,0.02330
3505.92521,0.02317
3504.96099,0.02314
3503.99676,0.02315
3503.03254,0.02310
3502.06831,0.02297
3501.10408,0.02297
3500.13986,0.02333
3499.17563,0.02411
3498.21141,0.02502
3497.24718,0.02563
3496.28295,0.02568
3495.31873,0.02514
3494.35450,0.02417
3493.39028,0.02306
3492.42605,0.02224
3491.46183,0.02220
3490.49760,0.02305
3489.53337,0.02434
3488.56915,0.02525
3487.60492,0.02517
3486.64070,0.02420
3485.67647,0.02301
3484.71224,0.02233
3483.74802,0.02240
3482.78379,0.02306
3481.81957,0.02397
3480.85534,0.02482
3479.89111,0.02542
3478.92689,0.02570
3477.96266,0.02569
3476.99844,0.02552
3476.03421,0.02529
3475.06999,0.02503
3474.10576,0.02473
3473.14153,0.02449
3472.17731,0.02453
3471.21308,0.02502
3470.24886,0.02591
3469.28463,0.02686
3468.32040,0.02742
3467.35618,0.02733
3466.39195,0.02664
3465.42773,0.02573
3464.46350,0.02500
3463.49928,0.02470
3462.53505,0.02472
3461.57082,0.02482
3460.60660,0.02482
3459.64237,0.02475
3458.67815,0.02472
3457.71392,0.02481
3456.74969,0.02499
3455.78547,0.02516
3454.82124,0.02523
3453.85702,0.02507
3452.89279,0.02460
3451.92856,0.02394
3450.96434,0.02338
3450.00011,0.02321
3449.03589,0.02343
3448.07166,0.02378
3447.10744,0.02392
3446.14321,0.02377
3445.17898,0.02352
3444.21476,0.02344
3443.25053,0.02367
3442.28631,0.02414
3441.32208,0.02466
3440.35785,0.02505
3439.39363,0.02526
3438.42940,0.02532
3437.46518,0.02535
3436.50095,0.02540
3435.53673,0.02542
3434.57250,0.02538
3433.60827,0.02540
3432.64405,0.02571
3431.67982,0.02636
3430.71560,0.02709
3429.75137,0.02743
3428.78714,0.02714
3427.82292,0.02640
3426.85869,0.02568
3425.89447,0.02532
3424.93024,0.02524
3423.96602,0.02513
3423.00179,0.02482
3422.03756,0.02446
3421.07334,0.02437
3420.10911,0.02473
3419.14489,0.02538
3418.18066,0.02595
3417.21643,0.02623
3416.25221,0.02632
3415.28798,0.02650
3414.32376,0.02687
3413.35953,0.02717
3412.39530,0.02704
3411.43108,0.02644
3410.46685,0.02577
3409.50263,0.02559
3408.53840,0.02608
3407.57418,0.02689
3406.60995,0.02746
3405.64572,0.02749
3404.68150,0.02709
3403.71727,0.02652
3402.75305,0.02594
3401.78882,0.02539
3400.82459,0.02494
3399.86037,0.02474
3398.89614,0.02496
3397.93192,0.02555
3396.96769,0.02630
3396.00347,0.02699
3395.03924,0.02748
3394.07501,0.02776
3393.11079,0.02783
3392.14656,0.02764
3391.18234,0.02719
3390.21811,0.02662
3389.25388,0.02618
3388.28966,0.02609
3387.32543,0.02641
3386.36121,0.02696
3385.39698,0.02738
3384.43276,0.02736
3383.46853,0.02685
3382.50430,0.02606
3381.54008,0.02538
3380.57585,0.02510
3379.61163,0.02526
3378.64740,0.02567
3377.68317,0.02615
3376.71895,0.02661
3375.75472,0.02703
3374.79050,0.02734
3373.82627,0.02742
3372.86204,0.02718
3371.89782,0.02674
3370.93359,0.02637
3369.96937,0.02621
3369.00514,0.02616
3368.04092,0.02604
3367.07669,0.02578
3366.11246,0.02556
3365.14824,0.02563
3364.18401,0.02605
3363.21979,0.02667
3362.25556,0.02729
3361.29133,0.02781
3360.32711,0.02820
3359.36288,0.02838
3358.39866,0.02825
3357.43443,0.02776
3356.47021,0.02708
3355.50598,0.02647
3354.54175,0.02613
3353.57753,0.02612
3352.61330,0.02637
3351.64908,0.02674
3350.68485,0.02705
3349.72062,0.02711
3348.75640,0.02683
3347.79217,0.02634
3346.82795,0.02595
3345.86372,0.02594
3344.89949,0.02639
3343.93527,0.02714
3342.97104,0.02797
3342.00682,0.02872
3341.04259,0.02926
3340.07837,0.02938
3339.11414,0.02893
3338.14991,0.02795
3337.18569,0.02684
3336.22146,0.02616
3335.25724,0.02624
3334.29301,0.02695
3333.32878,0.02778
3332.36456,0.02824
3331.40033,0.02824
3330.43611,0.02798
3329.47188,0.02772
3328.50766,0.02756
3327.54343,0.02744
3326.57920,0.02726
3325.61498,0.02699
3324.65075,0.02665
3323.68653,0.02636
3322.72230,0.02628
3321.75807,0.02652
3320.79385,0.02701
3319.82962,0.02749
3318.86540,0.02772
3317.90117,0.02773
3316.93695,0.02776
3315.97272,0.02804
3315.00849,0.02854
3314.04427,0.02896
3313.08004,0.02900
3312.11582,0.02857
3311.15159,0.02789
3310.18736,0.02726
3309.22314,0.02695
3308.25891,0.02703
3307.29469,0.02735
3306.33046,0.02767
3305.36623,0.02787
3304.40201,0.02799
3303.43778,0.02822
3302.47356,0.02864
3301.50933,0.02910
3300.54511,0.02925
3299.58088,0.02886
3298.61665,0.02795
3297.65243,0.02682
3296.68820,0.02589
3295.72398,0.02549
3294.75975,0.02570
3293.79552,0.02634
3292.83130,0.02699
3291.86707,0.02734
3290.90285,0.02732
3289.93862,0.02715
3288.97440,0.02706
3288.01017,0.02712
3287.04594,0.02718
3286.08172,0.02711
3285.11749,0.02693
3284.15327,0.02682
3283.18904,0.02695
3282.22481,0.02732
3281.26059,0.02776
3280.29636,0.02803
3279.33214,0.02793
3278.36791,0.02745
3277.40369,0.02675
3276.43946,0.02608
3275.47523,0.02561
3274.51101,0.02537
3273.54678,0.02523
3272.58256,0.02505
3271.61833,0.02481
3270.65410,0.02458
3269.68988,0.02453
3268.72565,0.02479
3267.76143,0.02537
3266.79720,0.02613
3265.83297,0.02681
3264.86875,0.02719
3263.90452,0.02723
3262.94030,0.02703
3261.97607,0.02671
3261.01185,0.02638
3260.04762,0.02612
3259.08339,0.02609
3258.11917,0.02632
3257.15494,0.02674
3256.19072,0.02712
3255.22649,0.02731
3254.26226,0.02736
3253.29804,0.02735
3252.33381,0.02733
3251.36959,0.02721
3250.40536,0.02695
3249.44114,0.02661
3248.47691,0.02630
3247.51268,0.02606
3246.54846,0.02582
3245.58423,0.02551
3244.62001,0.02516
3243.65578,0.02490
3242.69155,0.02483
3241.72733,0.02503
3240.76310,0.02540
3239.79888,0.02574
3238.83465,0.02586
3237.87042,0.02571
3236.90620,0.02553
3235.94197,0.02561
3234.97775,0.02599
3234.01352,0.02636
3233.04930,0.02632
3232.08507,0.02573
3231.12084,0.02493
3230.15662,0.02443
3229.19239,0.02448
3228.22817,0.02490
3227.26394,0.02531
3226.29971,0.02543
3225.33549,0.02527
3224.37126,0.02506
3223.40704,0.02500
3222.44281,0.02512
3221.47859,0.02531
3220.51436,0.02546
3219.55013,0.02555
3218.58591,0.02567
3217.62168,0.02592
3216.65746,0.02631
3215.69323,0.02674
3214.72900,0.02700
3213.76478,0.02694
3212.80055,0.02650
3211.83633,0.02586
3210.87210,0.02534
3209.90788,0.02523
3208.94365,0.02558
3207.97942,0.02609
3207.01520,0.02637
3206.05097,0.02626
3205.08675,0.02592
3204.12252,0.02561
3203.15829,0.02539
3202.19407,0.02514
3201.22984,0.02473
3200.26562,0.02423
3199.30139,0.02385
3198.33716,0.02378
3197.37294,0.02401
3196.40871,0.02444
3195.44449,0.02482
3194.48026,0.02496
3193.51604,0.02480
3192.55181,0.02455
3191.58758,0.02458
3190.62336,0.02507
3189.65913,0.02583
3188.69491,0.02641
3187.73068,0.02656
3186.76645,0.02636
3185.80223,0.02610
3184.83800,0.02588
3183.87378,0.02561
3182.90955,0.02524
3181.94533,0.02494
3180.98110,0.02486
3180.01687,0.02492
3179.05265,0.02486
3178.08842,0.02452
3177.12420,0.02402
3176.15997,0.02366
3175.19574,0.02357
3174.23152,0.02375
3173.26729,0.02411
3172.30307,0.02456
3171.33884,0.02493
3170.37461,0.02500
3169.41039,0.02468
3168.44616,0.02412
3167.48194,0.02369
3166.51771,0.02360
3165.55349,0.02373
3164.58926,0.02380
3163.62503,0.02363
3162.66081,0.02328
3161.69658,0.02300
3160.73236,0.02301
3159.76813,0.02336
3158.80390,0.02388
3157.83968,0.02432
3156.87545,0.02449
3155.91123,0.02442
3154.94700,0.02430
3153.98278,0.02435
3153.01855,0.02460
3152.05432,0.02488
3151.09010,0.02498
3150.12587,0.02473
3149.16165,0.02417
3148.19742,0.02347
3147.23319,0.02290
3146.26897,0.02266
3145.30474,0.02285
3144.34052,0.02329
3143.37629,0.02368
3142.41207,0.02380
3141.44784,0.02361
3140.48361,0.02332
3139.51939,0.02313
3138.55516,0.02315
3137.59094,0.02332
3136.62671,0.02350
3135.66248,0.02358
3134.69826,0.02356
3133.73403,0.02357
3132.76981,0.02371
3131.80558,0.02393
3130.84135,0.02406
3129.87713,0.02394
3128.91290,0.02365
3127.94868,0.02339
3126.98445,0.02326
3126.02023,0.02314
3125.05600,0.02284
3124.09177,0.02241
3123.12755,0.02209
3122.16332,0.02213
3121.19910,0.02249
3120.23487,0.02293
3119.27064,0.02322
3118.30642,0.02327
3117.34219,0.02310
3116.37797,0.02280
3115.41374,0.02251
3114.44952,0.02240
3113.48529,0.02251
3112.52106,0.02266
3111.55684,0.02264
3110.59261,0.02242
3109.62839,0.02218
3108.66416,0.02212
3107.69993,0.02222
3106.73571,0.02229
3105.77148,0.02223
3104.80726,0.02217
3103.84303,0.02224
3102.87881,0.02242
3101.91458,0.02255
3100.95035,0.02253
3099.98613,0.02242
3099.02190,0.02229
3098.05768,0.02218
3097.09345,0.02208
3096.12922,0.02204
3095.16500,0.02214
3094.20077,0.02234
3093.23655,0.02251
3092.27232,0.02253
3091.30809,0.02246
3090.34387,0.02238
3089.37964,0.02234
3088.41542,0.02227
3087.45119,0.02219
3086.48697,0.02214
3085.52274,0.02217
3084.55851,0.02218
3083.59429,0.02208
3082.63006,0.02191
3081.66584,0.02172
3080.70161,0.02151
3079.73738,0.02111
3078.77316,0.02045
3077.80893,0.01970
3076.84471,0.01922
3075.88048,0.01917
3074.91626,0.01942
3073.95203,0.01971
3072.98780,0.01991
3072.02358,0.02008
3071.05935,0.02030
3070.09513,0.02053
3069.13090,0.02063
3068.16667,0.02056
3067.20245,0.02042
3066.23822,0.02035
3065.27400,0.02041
3064.30977,0.02060
3063.34554,0.02086
3062.38132,0.02114
3061.41709,0.02137
3060.45287,0.02155
3059.48864,0.02168
3058.52442,0.02171
3057.56019,0.02155
3056.59596,0.02118
3055.63174,0.02075
3054.66751,0.02050
3053.70329,0.02051
3052.73906,0.02062
3051.77483,0.02061
3050.81061,0.02047
3049.84638,0.02039
3048.88216,0.02055
3047.91793,0.02078
3046.95371,0.02078
3045.98948,0.02039
3045.02525,0.01986
3044.06103,0.01964
3043.09680,0.02005
3042.13258,0.02091
3041.16835,0.02174
3040.20412,0.02196
3039.23990,0.02137
3038.27567,0.02022
3037.31145,0.01914
3036.34722,0.01870
3035.38300,0.01903
3034.41877,0.01976
3033.45454,0.02035
3032.49032,0.02053
3031.52609,0.02044
3030.56187,0.02041
3029.59764,0.02055
3028.63341,0.02070
3027.66919,0.02067
3026.70496,0.02041
3025.74074,0.02007
3024.77651,0.01981
3023.81228,0.01965
3022.84806,0.01957
3021.88383,0.01956
3020.91961,0.01965
3019.95538,0.01981
3018.99116,0.01998
3018.02693,0.02004
3017.06270,0.01991
3016.09848,0.01964
3015.13425,0.01932
3014.17003,0.01908
3013.20580,0.01898
3012.24157,0.01908
3011.27735,0.01939
3010.31312,0.01985
3009.34890,0.02033
3008.38467,0.02064
3007.42045,0.02068
3006.45622,0.02051
3005.49199,0.02031
3004.52777,0.02025
3003.56354,0.02027
3002.59932,0.02023
3001.63509,0.02000
3000.67086,0.01963
2999.70664,0.01923
2998.74241,0.01892
2997.77819,0.01872
2996.81396,0.01859
2995.84974,0.01849
2994.88551,0.01842
2993.92128,0.01838
2992.95706,0.01843
2991.99283,0.01863
2991.02861,0.01900
2990.06438,0.01940
2989.10015,0.01964
2988.13593,0.01962
2987.17170,0.01941
2986.20748,0.01920
2985.24325,0.01909
2984.27902,0.01901
2983.31480,0.01887
2982.35057,0.01868
2981.38635,0.01856
2980.42212,0.01863
2979.45790,0.01890
2978.49367,0.01923
2977.52944,0.01945
2976.56522,0.01944
2975.60099,0.01927
2974.63677,0.01911
2973.67254,0.01916
2972.70831,0.01943
2971.74409,0.01976
2970.77986,0.01991
2969.81564,0.01980
2968.85141,0.01950
2967.88719,0.01918
2966.92296,0.01891
2965.95873,0.01873
2964.99451,0.01867
2964.03028,0.01876
2963.06606,0.01898
2962.10183,0.01916
2961.13760,0.01918
2960.17338,0.01907
2959.20915,0.01900
2958.24493,0.01911
2957.28070,0.01930
2956.31647,0.01939
2955.35225,0.01924
2954.38802,0.01895
2953.42380,0.01877
2952.45957,0.01887
2951.49535,0.01923
2950.53112,0.01966
2949.56689,0.01992
2948.60267,0.01989
2947.63844,0.01960
2946.67422,0.01920
2945.70999,0.01887
2944.74576,0.01871
2943.78154,0.01874
2942.81731,0.01888
2941.85309,0.01908
2940.88886,0.01925
2939.92464,0.01932
2938.96041,0.01929
2937.99618,0.01920
2937.03196,0.01910
2936.06773,0.01896
2935.10351,0.01876
2934.13928,0.01854
2933.17505,0.01840
2932.21083,0.01842
2931.24660,0.01855
2930.28238,0.01868
2929.31815,0.01879
2928.35393,0.01896
2927.38970,0.01919
2926.42547,0.01935
2925.46125,0.01926
2924.49702,0.01895
2923.53280,0.01868
2922.56857,0.01875
2921.60434,0.01917
2920.64012,0.01968
2919.67589,0.02000
2918.71167,0.02005
2917.74744,0.01990
2916.78321,0.01966
2915.81899,0.01935
2914.85476,0.01901
2913.89054,0.01867
2912.92631,0.01841
2911.96209,0.01822
2910.99786,0.01809
2910.03363,0.01799
2909.06941,0.01795
2908.10518,0.01794
2907.14096,0.01790
2906.17673,0.01778
2905.21250,0.01760
2904.24828,0.01744
2903.28405,0.01732
2902.31983,0.01722
2901.35560,0.01709
2900.39138,0.01694
2899.42715,0.01679
2898.46292,0.01669
2897.49870,0.01670
2896.53447,0.01689
2895.57025,0.01731
2894.60602,0.01790
2893.64179,0.01850
2892.67757,0.01890
2891.71334,0.01901
2890.74912,0.01886
2889.78489,0.01857
2888.82066,0.01820
2887.85644,0.01782
2886.89221,0.01751
2885.92799,0.01737
2884.96376,0.01743
2883.99954,0.01762
2883.03531,0.01777
2882.07108,0.01776
2881.10686,0.01762
2880.14263,0.01747
2879.17841,0.01745
2878.21418,0.01762
2877.24995,0.01796
2876.28573,0.01836
2875.32150,0.01871
2874.35728,0.01887
2873.39305,0.01873
2872.42883,0.01832
2871.46460,0.01781
2870.50037,0.01749
2869.53615,0.01751
2868.57192,0.01777
2867.60770,0.01799
2866.64347,0.01800
2865.67924,0.01781
2864.71502,0.01763
2863.75079,0.01758
2862.78657,0.01760
2861.82234,0.01756
2860.85812,0.01743
2859.89389,0.01727
2858.92966,0.01719
2857.96544,0.01719
2857.00121,0.01721
2856.03699,0.01719
2855.07276,0.01713
2854.10853,0.01708
2853.14431,0.01709
2852.18008,0.01725
2851.21586,0.01762
2850.25163,0.01819
2849.28740,0.01878
2848.32318,0.01916
2847.35895,0.01921
2846.39473,0.01904
2845.43050,0.01885
2844.46628,0.01869
2843.50205,0.01845
2842.53782,0.01807
2841.57360,0.01767
2840.60937,0.01747
2839.64515,0.01756
2838.68092,0.01779
2837.71669,0.01795
2836.75247,0.01797
2835.78824,0.01795
2834.82402,0.01796
2833.85979,0.01790
2832.89557,0.01763
2831.93134,0.01714
2830.96711,0.01667
2830.00289,0.01644
2829.03866,0.01645
2828.07444,0.01659
2827.11021,0.01674
2826.14598,0.01693
2825.18176,0.01725
2824.21753,0.01763
2823.25331,0.01790
2822.28908,0.01796
2821.32486,0.01787
2820.36063,0.01779
2819.39640,0.01779
2818.43218,0.01782
2817.46795,0.01778
2816.50373,0.01762
2815.53950,0.01740
2814.57527,0.01716
2813.61105,0.01693
2812.64682,0.01672
2811.68260,0.01660
2810.71837,0.01663
2809.75414,0.01682
2808.78992,0.01711
2807.82569,0.01739
2806.86147,0.01756
2805.89724,0.01761
2804.93302,0.01754
2803.96879,0.01740
2803.00456,0.01720
2802.04034,0.01694
2801.07611,0.01665
2800.11189,0.01640
2799.14766,0.01628
2798.18343,0.01639
2797.21921,0.01666
2796.25498,0.01692
2795.29076,0.01697
2794.32653,0.01678
2793.36231,0.01647
2792.39808,0.01629
2791.43385,0.01635
2790.46963,0.01661
2789.50540,0.01692
2788.54118,0.01716
2787.57695,0.01730
2786.61272,0.01740
2785.64850,0.01744
2784.68427,0.01738
2783.72005,0.01721
2782.75582,0.01705
2781.79159,0.01703
2780.82737,0.01719
2779.86314,0.01738
2778.89892,0.01739
2777.93469,0.01708
2776.97047,0.01656
2776.00624,0.01604
2775.04201,0.01575
2774.07779,0.01577
2773.11356,0.01605
2772.14934,0.01639
2771.18511,0.01664
2770.22088,0.01672
2769.25666,0.01666
2768.29243,0.01661
2767.32821,0.01667
2766.36398,0.01690
2765.39976,0.01720
2764.43553,0.01745
2763.47130,0.01751
2762.50708,0.01735
2761.54285,0.01710
2760.57863,0.01695
2759.61440,0.01703
2758.65017,0.01728
2757.68595,0.01748
2756.72172,0.01748
2755.75750,0.01735
2754.79327,0.01727
2753.82905,0.01736
2752.86482,0.01753
2751.90059,0.01757
2750.93637,0.01741
2749.97214,0.01718
2749.00792,0.01703
2748.04369,0.01695
2747.07946,0.01680
2746.11524,0.01652
2745.15101,0.01620
2744.18679,0.01603
2743.22256,0.01607
2742.25833,0.01624
2741.29411,0.01644
2740.32988,0.01664
2739.36566,0.01687
2738.40143,0.01708
2737.43721,0.01719
2736.47298,0.01713
2735.50875,0.01698
2734.54453,0.01689
2733.58030,0.01697
2732.61608,0.01722
2731.65185,0.01757
2730.68762,0.01787
2729.72340,0.01796
2728.75917,0.01774
2727.79495,0.01721
2726.83072,0.01656
2725.86650,0.01603
2724.90227,0.01581
2723.93804,0.01592
2722.97382,0.01621
2722.00959,0.01650
2721.04537,0.01669
2720.08114,0.01674
2719.11691,0.01669
2718.15269,0.01661
2717.18846,0.01655
2716.22424,0.01661
2715.26001,0.01682
2714.29579,0.01710
2713.33156,0.01730
2712.36733,0.01728
2711.40311,0.01708
2710.43888,0.01682
2709.47466,0.01661
2708.51043,0.01648
2707.54620,0.01642
2706.58198,0.01641
2705.61775,0.01650
2704.65353,0.01670
2703.68930,0.01692
2702.72507,0.01708
2701.76085,0.01711
2700.79662,0.01705
2699.83240,0.01695
2698.86817,0.01684
2697.90395,0.01672
2696.93972,0.01664
2695.97549,0.01665
2695.01127,0.01673
2694.04704,0.01680
2693.08282,0.01679
2692.11859,0.01664
2691.15436,0.01639
2690.19014,0.01616
2689.22591,0.01611
2688.26169,0.01634
2687.29746,0.01679
2686.33324,0.01724
2685.36901,0.01742
2684.40478,0.01730
2683.44056,0.01708
2682.47633,0.01705
2681.51211,0.01730
2680.54788,0.01766
2679.58365,0.01796
2678.61943,0.01814
2677.65520,0.01828
2676.69098,0.01839
2675.72675,0.01836
2674.76252,0.01811
2673.79830,0.01769
2672.83407,0.01729
2671.86985,0.01708
2670.90562,0.01703
2669.94140,0.01702
2668.97717,0.01697
2668.01294,0.01686
2667.04872,0.01670
2666.08449,0.01648
2665.12027,0.01619
2664.15604,0.01590
2663.19181,0.01571
2662.22759,0.01577
2661.26336,0.01612
2660.29914,0.01668
2659.33491,0.01720
2658.37069,0.01748
2657.40646,0.01744
2656.44223,0.01718
2655.47801,0.01689
2654.51378,0.01666
2653.54956,0.01648
2652.58533,0.01632
2651.62110,0.01616
2650.65688,0.01604
2649.69265,0.01596
2648.72843,0.01594
2647.76420,0.01603
2646.79998,0.01632
2645.83575,0.01678
2644.87152,0.01728
2643.90730,0.01766
2642.94307,0.01782
2641.97885,0.01776
2641.01462,0.01749
2640.05039,0.01706
2639.08617,0.01660
2638.12194,0.01632
2637.15772,0.01632
2636.19349,0.01650
2635.22926,0.01667
2634.26504,0.01672
2633.30081,0.01670
2632.33659,0.01667
2631.37236,0.01657
2630.40814,0.01637
2629.44391,0.01618
2628.47968,0.01623
2627.51546,0.01659
2626.55123,0.01707
2625.58701,0.01740
2624.62278,0.01751
2623.65855,0.01752
2622.69433,0.01755
2621.73010,0.01758
2620.76588,0.01754
2619.80165,0.01744
2618.83743,0.01738
2617.87320,0.01741
2616.90897,0.01744
2615.94475,0.01737
2614.98052,0.01718
2614.01630,0.01693
2613.05207,0.01670
2612.08784,0.01654
2611.12362,0.01650
2610.15939,0.01660
2609.19517,0.01678
2608.23094,0.01690
2607.26672,0.01691
2606.30249,0.01691
2605.33826,0.01703
2604.37404,0.01717
2603.40981,0.01714
2602.44559,0.01685
2601.48136,0.01649
2600.51713,0.01633
2599.55291,0.01648
2598.58868,0.01677
2597.62446,0.01703
2596.66023,0.01721
2595.69600,0.01738
2594.73178,0.01753
2593.76755,0.01756
2592.80333,0.01740
2591.83910,0.01708
2590.87488,0.01678
2589.91065,0.01659
2588.94642,0.01658
2587.98220,0.01668
2587.01797,0.01685
2586.05375,0.01700
2585.08952,0.01711
2584.12529,0.01721
2583.16107,0.01731
2582.19684,0.01738
2581.23262,0.01733
2580.26839,0.01713
2579.30417,0.01687
2578.33994,0.01664
2577.37571,0.01647
2576.41149,0.01630
2575.44726,0.01616
2574.48304,0.01615
2573.51881,0.01635
2572.55458,0.01668
2571.59036,0.01697
2570.62613,0.01713
2569.66191,0.01722
2568.69768,0.01727
2567.73345,0.01725
2566.76923,0.01708
2565.80500,0.01682
2564.84078,0.01661
2563.87655,0.01653
2562.91233,0.01653
2561.94810,0.01649
2560.98387,0.01641
2560.01965,0.01637
2559.05542,0.01642
2558.09120,0.01656
2557.12697,0.01672
2556.16274,0.01692
2555.19852,0.01713
2554.23429,0.01725
2553.27007,0.01717
2552.30584,0.01691
2551.34162,0.01663
2550.37739,0.01645
2549.41316,0.01637
2548.44894,0.01632
2547.48471,0.01630
2546.52049,0.01634
2545.55626,0.01644
2544.59203,0.01649
2543.62781,0.01644
2542.66358,0.01638
2541.69936,0.01646
2540.73513,0.01670
2539.77091,0.01700
2538.80668,0.01722
2537.84245,0.01736
2536.87823,0.01745
2535.91400,0.01749
2534.94978,0.01742
2533.98555,0.01725
2533.02132,0.01703
2532.05710,0.01682
2531.09287,0.01655
2530.12865,0.01619
2529.16442,0.01583
2528.20019,0.01568
2527.23597,0.01586
2526.27174,0.01620
2525.30752,0.01645
2524.34329,0.01648
2523.37907,0.01637
2522.41484,0.01629
2521.45061,0.01634
2520.48639,0.01650
2519.52216,0.01669
2518.55794,0.01686
2517.59371,0.01700
2516.62948,0.01713
2515.66526,0.01727
2514.70103,0.01740
2513.73681,0.01746
2512.77258,0.01739
2511.80836,0.01719
2510.84413,0.01695
2509.87990,0.01679
2508.91568,0.01679
2507.95145,0.01694
2506.98723,0.01715
2506.02300,0.01728
2505.05877,0.01723
2504.09455,0.01694
2503.13032,0.01653
2502.16610,0.01617
2501.20187,0.01603
2500.23764,0.01613
2499.27342,0.01636
2498.30919,0.01665
2497.34497,0.01694
2496.38074,0.01720
2495.41652,0.01734
2494.45229,0.01728
2493.48806,0.01704
2492.52384,0.01676
2491.55961,0.01659
2490.59539,0.01657
2489.63116,0.01660
2488.66693,0.01659
2487.70271,0.01652
2486.73848,0.01646
2485.77426,0.01647
2484.81003,0.01656
2483.84581,0.01666
2482.88158,0.01667
2481.91735,0.01656
2480.95313,0.01638
2479.98890,0.01627
2479.02468,0.01629
2478.06045,0.01639
2477.09622,0.01644
2476.13200,0.01637
2475.16777,0.01625
2474.20355,0.01619
2473.23932,0.01625
2472.27510,0.01637
2471.31087,0.01647
2470.34664,0.01655
2469.38242,0.01660
2468.41819,0.01661
2467.45397,0.01653
2466.48974,0.01637
2465.52551,0.01620
2464.56129,0.01611
2463.59706,0.01607
2462.63284,0.01601
2461.66861,0.01587
2460.70438,0.01570
2459.74016,0.01562
2458.77593,0.01573
2457.81171,0.01608
2456.84748,0.01659
2455.88326,0.01711
2454.91903,0.01749
2453.95480,0.01758
2452.99058,0.01740
2452.02635,0.01709
2451.06213,0.01682
2450.09790,0.01666
2449.13367,0.01658
2448.16945,0.01655
2447.20522,0.01653
2446.24100,0.01653
2445.27677,0.01655
2444.31255,0.01659
2443.34832,0.01662
2442.38409,0.01662
2441.41987,0.01658
2440.45564,0.01653
2439.49142,0.01651
2438.52719,0.01655
2437.56296,0.01668
2436.59874,0.01682
2435.63451,0.01694
2434.67029,0.01700
2433.70606,0.01698
2432.74184,0.01687
2431.77761,0.01664
2430.81338,0.01636
2429.84916,0.01615
2428.88493,0.01610
2427.92071,0.01617
2426.95648,0.01622
2425.99225,0.01615
2425.02803,0.01600
2424.06380,0.01590
2423.09958,0.01595
2422.13535,0.01611
2421.17112,0.01631
2420.20690,0.01650
2419.24267,0.01665
2418.27845,0.01674
2417.31422,0.01676
2416.35000,0.01677
2415.38577,0.01676
2414.42154,0.01673
2413.45732,0.01659
2412.49309,0.01635
2411.52887,0.01614
2410.56464,0.01613
2409.60041,0.01633
2408.63619,0.01663
2407.67196,0.01686
2406.70774,0.01702
2405.74351,0.01717
2404.77929,0.01733
2403.81506,0.01741
2402.85083,0.01733
2401.88661,0.01710
2400.92238,0.01693
2399.95816,0.01696
2398.99393,0.01719
2398.02970,0.01745
2397.06548,0.01758
2396.10125,0.01751
2395.13703,0.01732
2394.17280,0.01715
2393.20857,0.01706
2392.24435,0.01702
2391.28012,0.01700
2390.31590,0.01701
2389.35167,0.01713
2388.38745,0.01738
2387.42322,0.01763
2386.45899,0.01765
2385.49477,0.01731
2384.53054,0.01680
2383.56632,0.01644
2382.60209,0.01647
2381.63786,0.01684
2380.67364,0.01727
2379.70941,0.01751
2378.74519,0.01754
2377.78096,0.01745
2376.81674,0.01733
2375.85251,0.01715
2374.88828,0.01689
2373.92406,0.01662
2372.95983,0.01641
2371.99561,0.01630
2371.03138,0.01628
2370.06715,0.01631
2369.10293,0.01634
2368.13870,0.01633
2367.17448,0.01621
2366.21025,0.01597
2365.24603,0.01571
2364.28180,0.01562
2363.31757,0.01578
2362.35335,0.01608
2361.38912,0.01630
2360.42490,0.01625
2359.46067,0.01595
2358.49644,0.01556
2357.53222,0.01531
2356.56799,0.01534
2355.60377,0.01562
2354.63954,0.01603
2353.67531,0.01638
2352.71109,0.01658
2351.74686,0.01663
2350.78264,0.01662
2349.81841,0.01665
2348.85419,0.01673
2347.88996,0.01679
2346.92573,0.01675
2345.96151,0.01659
2344.99728,0.01636
2344.03306,0.01620
2343.06883,0.01620
2342.10460,0.01634
2341.14038,0.01649
2340.17615,0.01651
2339.21193,0.01637
2338.24770,0.01624
2337.28348,0.01629
2336.31925,0.01656
2335.35502,0.01684
2334.39080,0.01692
2333.42657,0.01677
2332.46235,0.01657
2331.49812,0.01655
2330.53389,0.01676
2329.56967,0.01702
2328.60544,0.01710
2327.64122,0.01695
2326.67699,0.01671
2325.71277,0.01658
2324.74854,0.01670
2323.78431,0.01702
2322.82009,0.01738
2321.85586,0.01759
2320.89164,0.01760
2319.92741,0.01745
2318.96318,0.01718
2317.99896,0.01684
2317.03473,0.01647
2316.07051,0.01615
2315.10628,0.01601
2314.14205,0.01615
2313.17783,0.01650
2312.21360,0.01688
2311.24938,0.01708
2310.28515,0.01706
2309.32093,0.01695
2308.35670,0.01692
2307.39247,0.01701
2306.42825,0.01712
2305.46402,0.01709
2304.49980,0.01686
2303.53557,0.01657
2302.57134,0.01640
2301.60712,0.01642
2300.64289,0.01654
2299.67867,0.01658
2298.71444,0.01650
2297.75022,0.01642
2296.78599,0.01649
2295.82176,0.01671
2294.85754,0.01693
2293.89331,0.01697
2292.92909,0.01682
2291.96486,0.01664
2291.00063,0.01654
2290.03641,0.01656
2289.07218,0.01661
2288.10796,0.01660
2287.14373,0.01648
2286.17950,0.01625
2285.21528,0.01596
2284.25105,0.01574
2283.28683,0.01570
2282.32260,0.01590
2281.35838,0.01620
2280.39415,0.01641
2279.42992,0.01641
2278.46570,0.01627
2277.50147,0.01615
2276.53725,0.01612
2275.57302,0.01618
2274.60879,0.01632
2273.64457,0.01656
2272.68034,0.01686
2271.71612,0.01707
2270.75189,0.01705
2269.78767,0.01678
2268.82344,0.01643
2267.85921,0.01619
2266.89499,0.01609
2265.93076,0.01601
2264.96654,0.01590
2264.00231,0.01586
2263.03808,0.01595
2262.07386,0.01610
2261.10963,0.01613
2260.14541,0.01598
2259.18118,0.01575
2258.21696,0.01562
2257.25273,0.01564
2256.28850,0.01577
2255.32428,0.01595
2254.36005,0.01620
2253.39583,0.01650
2252.43160,0.01678
2251.46737,0.01703
2250.50315,0.01747
2249.53892,0.01836
2248.57470,0.01961
2247.61047,0.02067
2246.64624,0.02083
2245.68202,0.01984
2244.71779,0.01815
2243.75357,0.01656
2242.78934,0.01559
2241.82512,0.01526
2240.86089,0.01531
2239.89666,0.01554
2238.93244,0.01585
2237.96821,0.01611
2237.00399,0.01615
2236.03976,0.01590
2235.07553,0.01559
2234.11131,0.01556
2233.14708,0.01595
2232.18286,0.01658
2231.21863,0.01710
2230.25441,0.01734
2229.29018,0.01741
2228.32595,0.01753
2227.36173,0.01774
2226.39750,0.01786
2225.43328,0.01772
2224.46905,0.01728
2223.50482,0.01673
2222.54060,0.01624
2221.57637,0.01590
2220.61215,0.01570
2219.64792,0.01566
2218.68369,0.01580
2217.71947,0.01608
2216.75524,0.01638
2215.79102,0.01654
2214.82679,0.01656
2213.86257,0.01660
2212.89834,0.01682
2211.93411,0.01714
2210.96989,0.01737
2210.00566,0.01733
2209.04144,0.01708
2208.07721,0.01682
2207.11298,0.01668
2206.14876,0.01663
2205.18453,0.01660
2204.22031,0.01661
2203.25608,0.01673
2202.29186,0.01694
2201.32763,0.01711
2200.36340,0.01710
2199.39918,0.01692
2198.43495,0.01667
2197.47073,0.01650
2196.50650,0.01644
2195.54227,0.01651
2194.57805,0.01666
2193.61382,0.01688
2192.64960,0.01707
2191.68537,0.01714
2190.72115,0.01708
2189.75692,0.01690
2188.79269,0.01666
2187.82847,0.01640
2186.86424,0.01619
2185.90002,0.01610
2184.93579,0.01615
2183.97156,0.01625
2183.00734,0.01625
2182.04311,0.01606
2181.07889,0.01575
2180.11466,0.01548
2179.15043,0.01535
2178.18621,0.01540
2177.22198,0.01559
2176.25776,0.01593
2175.29353,0.01636
2174.32931,0.01677
2173.36508,0.01703
2172.40085,0.01709
2171.43663,0.01700
2170.47240,0.01685
2169.50818,0.01670
2168.54395,0.01656
2167.57972,0.01646
2166.61550,0.01643
2165.65127,0.01646
2164.68705,0.01651
2163.72282,0.01655
2162.75860,0.01664
2161.79437,0.01685
2160.83014,0.01714
2159.86592,0.01738
2158.90169,0.01750
2157.93747,0.01750
2156.97324,0.01740
2156.00901,0.01717
2155.04479,0.01680
2154.08056,0.01643
2153.11634,0.01631
2152.15211,0.01659
2151.18789,0.01710
2150.22366,0.01746
2149.25943,0.01741
2148.29521,0.01701
2147.33098,0.01650
2146.36676,0.01611
2145.40253,0.01591
2144.43830,0.01589
2143.47408,0.01606
2142.50985,0.01642
2141.54563,0.01687
2140.58140,0.01722
2139.61717,0.01733
2138.65295,0.01725
2137.68872,0.01710
2136.72450,0.01697
2135.76027,0.01685
2134.79605,0.01672
2133.83182,0.01660
2132.86759,0.01656
2131.90337,0.01665
2130.93914,0.01681
2129.97492,0.01689
2129.01069,0.01681
2128.04646,0.01658
2127.08224,0.01634
2126.11801,0.01625
2125.15379,0.01638
2124.18956,0.01666
2123.22534,0.01689
2122.26111,0.01690
2121.29688,0.01668
2120.33266,0.01633
2119.36843,0.01600
2118.40421,0.01579
2117.43998,0.01575
2116.47575,0.01588
2115.51153,0.01611
2114.54730,0.01637
2113.58308,0.01658
2112.61885,0.01670
2111.65462,0.01674
2110.69040,0.01674
2109.72617,0.01672
2108.76195,0.01669
2107.79772,0.01665
2106.83350,0.01658
2105.86927,0.01648
2104.90504,0.01635
2103.94082,0.01624
2102.97659,0.01618
2102.01237,0.01620
2101.04814,0.01628
2100.08391,0.01637
2099.11969,0.01646
2098.15546,0.01652
2097.19124,0.01651
2096.22701,0.01644
2095.26279,0.01636
2094.29856,0.01633
2093.33433,0.01637
2092.37011,0.01638
2091.40588,0.01629
2090.44166,0.01611
2089.47743,0.01598
2088.51320,0.01599
2087.54898,0.01611
2086.58475,0.01622
2085.62053,0.01625
2084.65630,0.01624
2083.69208,0.01623
2082.72785,0.01621
2081.76362,0.01616
2080.79940,0.01607
2079.83517,0.01603
2078.87095,0.01610
2077.90672,0.01624
2076.94249,0.01631
2075.97827,0.01622
2075.01404,0.01599
2074.04982,0.01574
2073.08559,0.01560
2072.12136,0.01565
2071.15714,0.01586
2070.19291,0.01616
2069.22869,0.01649
2068.26446,0.01677
2067.30024,0.01694
2066.33601,0.01700
2065.37178,0.01692
2064.40756,0.01674
2063.44333,0.01652
2062.47911,0.01635
2061.51488,0.01627
2060.55065,0.01630
2059.58643,0.01641
2058.62220,0.01655
2057.65798,0.01667
2056.69375,0.01669
2055.72953,0.01657
2054.76530,0.01636
2053.80107,0.01618
2052.83685,0.01615
2051.87262,0.01629
2050.90840,0.01648
2049.94417,0.01659
2048.97994,0.01659
2048.01572,0.01650
2047.05149,0.01634
2046.08727,0.01615
2045.12304,0.01602
2044.15882,0.01602
2043.19459,0.01613
2042.23036,0.01617
2041.26614,0.01600
2040.30191,0.01564
2039.33769,0.01533
2038.37346,0.01522
2037.40923,0.01529
2036.44501,0.01533
2035.48078,0.01523
2034.51656,0.01510
2033.55233,0.01506
2032.58810,0.01513
2031.62388,0.01521
2030.65965,0.01523
2029.69543,0.01522
2028.73120,0.01527
2027.76698,0.01538
2026.80275,0.01551
2025.83852,0.01561
2024.87430,0.01569
2023.91007,0.01577
2022.94585,0.01584
2021.98162,0.01589
2021.01739,0.01595
2020.05317,0.01605
2019.08894,0.01617
2018.12472,0.01621
2017.16049,0.01613
2016.19627,0.01600
2015.23204,0.01592
2014.26781,0.01594
2013.30359,0.01596
2012.33936,0.01587
2011.37514,0.01563
2010.41091,0.01532
2009.44668,0.01506
2008.48246,0.01499
2007.51823,0.01514
2006.55401,0.01544
2005.58978,0.01574
2004.62555,0.01591
2003.66133,0.01596
2002.69710,0.01599
2001.73288,0.01617
2000.76865,0.01651
1999.80443,0.01686
1998.84020,0.01704
1997.87597,0.01691
1996.91175,0.01655
1995.94752,0.01615
1994.98330,0.01588
1994.01907,0.01578
1993.05484,0.01575
1992.09062,0.01567
1991.12639,0.01552
1990.16217,0.01537
1989.19794,0.01528
1988.23372,0.01529
1987.26949,0.01534
1986.30526,0.01540
1985.34104,0.01550
1984.37681,0.01567
1983.41259,0.01583
1982.44836,0.01590
1981.48413,0.01582
1980.51991,0.01568
1979.55568,0.01560
1978.59146,0.01561
1977.62723,0.01566
1976.66301,0.01569
1975.69878,0.01570
1974.73455,0.01569
1973.77033,0.01567
1972.80610,0.01559
1971.84188,0.01544
1970.87765,0.01525
1969.91342,0.01507
1968.94920,0.01493
1967.98497,0.01482
1967.02075,0.01478
1966.05652,0.01482
1965.09229,0.01499
1964.12807,0.01528
1963.16384,0.01564
1962.19962,0.01600
1961.23539,0.01627
1960.27117,0.01636
1959.30694,0.01623
1958.34271,0.01593
1957.37849,0.01558
1956.41426,0.01532
1955.45004,0.01525
1954.48581,0.01535
1953.52158,0.01555
1952.55736,0.01571
1951.59313,0.01573
1950.62891,0.01563
1949.66468,0.01555
1948.70046,0.01559
1947.73623,0.01569
1946.77200,0.01564
1945.80778,0.01531
1944.84355,0.01478
1943.87933,0.01434
1942.91510,0.01426
1941.95087,0.01455
1940.98665,0.01501
1940.02242,0.01537
1939.05820,0.01548
1938.09397,0.01535
1937.12974,0.01512
1936.16552,0.01492
1935.20129,0.01487
1934.23707,0.01497
1933.27284,0.01510
1932.30862,0.01517
1931.34439,0.01518
1930.38016,0.01522
1929.41594,0.01538
1928.45171,0.01565
1927.48749,0.01588
1926.52326,0.01591
1925.55903,0.01569
1924.59481,0.01527
1923.63058,0.01480
1922.66636,0.01444
1921.70213,0.01426
1920.73791,0.01427
1919.77368,0.01439
1918.80945,0.01458
1917.84523,0.01483
1916.88100,0.01515
1915.91678,0.01544
1914.95255,0.01551
1913.98832,0.01524
1913.02410,0.01472
1912.05987,0.01423
1911.09565,0.01401
1910.13142,0.01409
1909.16720,0.01438
1908.20297,0.01473
1907.23874,0.01506
1906.27452,0.01530
1905.31029,0.01539
1904.34607,0.01527
1903.38184,0.01502
1902.41761,0.01479
1901.45339,0.01470
1900.48916,0.01477
1899.52494,0.01488
1898.56071,0.01493
1897.59648,0.01488
1896.63226,0.01481
1895.66803,0.01481
1894.70381,0.01494
1893.73958,0.01518
1892.77536,0.01541
1891.81113,0.01552
1890.84690,0.01547
1889.88268,0.01533
1888.91845,0.01523
1887.95423,0.01526
1886.99000,0.01542
1886.02577,0.01562
1885.06155,0.01570
1884.09732,0.01560
1883.13310,0.01538
1882.16887,0.01518
1881.20465,0.01517
1880.24042,0.01532
1879.27619,0.01552
1878.31197,0.01562
1877.34774,0.01558
1876.38352,0.01547
1875.41929,0.01531
1874.45506,0.01510
1873.49084,0.01485
1872.52661,0.01471
1871.56239,0.01479
1870.59816,0.01509
1869.63394,0.01536
1868.66971,0.01536
1867.70548,0.01508
1866.74126,0.01472
1865.77703,0.01450
1864.81281,0.01444
1863.84858,0.01446
1862.88435,0.01448
1861.92013,0.01453
1860.95590,0.01464
1859.99168,0.01476
1859.02745,0.01482
1858.06322,0.01476
1857.09900,0.01461
1856.13477,0.01441
1855.17055,0.01424
1854.20632,0.01419
1853.24210,0.01439
1852.27787,0.01481
1851.31364,0.01524
1850.34942,0.01543
1849.38519,0.01534
1848.42097,0.01516
1847.45674,0.01516
1846.49251,0.01541
1845.52829,0.01571
1844.56406,0.01583
1843.59984,0.01575
1842.63561,0.01560
1841.67139,0.01551
1840.70716,0.01547
1839.74293,0.01538
1838.77871,0.01521
1837.81448,0.01497
1836.85026,0.01480
1835.88603,0.01477
1834.92180,0.01492
1833.95758,0.01518
1832.99335,0.01542
1832.02913,0.01555
1831.06490,0.01552
1830.10067,0.01540
1829.13645,0.01526
1828.17222,0.01514
1827.20800,0.01504
1826.24377,0.01500
1825.27955,0.01504
1824.31532,0.01514
1823.35109,0.01522
1822.38687,0.01518
1821.42264,0.01507
1820.45842,0.01500
1819.49419,0.01507
1818.52996,0.01523
1817.56574,0.01537
1816.60151,0.01542
1815.63729,0.01538
1814.67306,0.01532
1813.70884,0.01525
1812.74461,0.01519
1811.78038,0.01513
1810.81616,0.01515
1809.85193,0.01529
1808.88771,0.01550
1807.92348,0.01567
1806.95925,0.01567
1805.99503,0.01543
1805.03080,0.01506
1804.06658,0.01477
1803.10235,0.01477
1802.13813,0.01506
1801.17390,0.01547
1800.20967,0.01573
1799.24545,0.01573
1798.28122,0.01555
1797.31700,0.01537
1796.35277,0.01528
1795.38854,0.01524
1794.42432,0.01522
1793.46009,0.01527
1792.49587,0.01543
1791.53164,0.01566
1790.56741,0.01580
1789.60319,0.01575
1788.63896,0.01560
1787.67474,0.01555
1786.71051,0.01571
1785.74629,0.01600
1784.78206,0.01618
1783.81783,0.01607
1782.85361,0.01572
1781.88938,0.01535
1780.92516,0.01515
1779.96093,0.01518
1778.99670,0.01532
1778.03248,0.01541
1777.06825,0.01536
1776.10403,0.01519
1775.13980,0.01504
1774.17558,0.01501
1773.21135,0.01516
1772.24712,0.01541
1771.28290,0.01564
1770.31867,0.01576
1769.35445,0.01573
1768.39022,0.01558
1767.42599,0.01542
1766.46177,0.01532
1765.49754,0.01533
1764.53332,0.01541
1763.56909,0.01549
1762.60487,0.01548
1761.64064,0.01542
1760.67641,0.01541
1759.71219,0.01555
1758.74796,0.01582
1757.78374,0.01609
1756.81951,0.01623
1755.85528,0.01620
1754.89106,0.01614
1753.92683,0.01618
1752.96261,0.01631
1751.99838,0.01639
1751.03415,0.01629
1750.06993,0.01607
1749.10570,0.01596
1748.14148,0.01612
1747.17725,0.01653
1746.21303,0.01700
1745.24880,0.01737
1744.28457,0.01756
1743.32035,0.01758
1742.35612,0.01747
1741.39190,0.01724
1740.42767,0.01698
1739.46344,0.01684
1738.49922,0.01694
1737.53499,0.01728
1736.57077,0.01775
1735.60654,0.01821
1734.64232,0.01856
1733.67809,0.01874
1732.71386,0.01876
1731.74964,0.01868
1730.78541,0.01863
1729.82119,0.01866
1728.85696,0.01874
1727.89273,0.01880
1726.92851,0.01878
1725.96428,0.01867
1725.00006,0.01854
1724.03583,0.01844
1723.07160,0.01841
1722.10738,0.01851
1721.14315,0.01877
1720.17893,0.01912
1719.21470,0.01945
1718.25048,0.01966
1717.28625,0.01980
1716.32202,0.01995
1715.35780,0.02007
1714.39357,0.02004
1713.42935,0.01980
1712.46512,0.01945
1711.50089,0.01918
1710.53667,0.01909
1709.57244,0.01909
1708.60822,0.01910
1707.64399,0.01916
1706.67977,0.01938
1705.71554,0.01975
1704.75131,0.02017
1703.78709,0.02046
1702.82286,0.02056
1701.85864,0.02050
1700.89441,0.02036
1699.93018,0.02022
1698.96596,0.02023
1698.00173,0.02044
1697.03751,0.02075
1696.07328,0.02090
1695.10906,0.02069
1694.14483,0.02019
1693.18060,0.01973
1692.21638,0.01956
1691.25215,0.01970
1690.28793,0.01995
1689.32370,0.02013
1688.35947,0.02021
1687.39525,0.02029
1686.43102,0.02041
1685.46680,0.02057
1684.50257,0.02075
1683.53834,0.02090
1682.57412,0.02097
1681.60989,0.02090
1680.64567,0.02070
1679.68144,0.02049
1678.71722,0.02047
1677.75299,0.02069
1676.78876,0.02100
1675.82454,0.02118
1674.86031,0.02110
1673.89609,0.02082
1672.93186,0.02055
1671.96763,0.02046
1671.00341,0.02062
1670.03918,0.02098
1669.07496,0.02142
1668.11073,0.02180
1667.14651,0.02201
1666.18228,0.02201
1665.21805,0.02185
1664.25383,0.02160
1663.28960,0.02134
1662.32538,0.02112
1661.36115,0.02101
1660.39692,0.02105
1659.43270,0.02121
1658.46847,0.02142
1657.50425,0.02156
1656.54002,0.02156
1655.57579,0.02146
1654.61157,0.02135
1653.64734,0.02129
1652.68312,0.02123
1651.71889,0.02108
1650.75467,0.02083
1649.79044,0.02061
1648.82621,0.02059
1647.86199,0.02083
1646.89776,0.02114
1645.93354,0.02128
1644.96931,0.02113
1644.00508,0.02079
1643.04086,0.02052
1642.07663,0.02048
1641.11241,0.02062
1640.14818,0.02077
1639.18396,0.02077
1638.21973,0.02061
1637.25550,0.02040
1636.29128,0.02028
1635.32705,0.02028
1634.36283,0.02036
1633.39860,0.02043
1632.43437,0.02045
1631.47015,0.02041
1630.50592,0.02028
1629.54170,0.02004
1628.57747,0.01972
1627.61325,0.01940
1626.64902,0.01918
1625.68479,0.01914
1624.72057,0.01926
1623.75634,0.01944
1622.79212,0.01962
1621.82789,0.01973
1620.86366,0.01970
1619.89944,0.01951
1618.93521,0.01917
1617.97099,0.01880
1617.00676,0.01854
1616.04253,0.01850
1615.07831,0.01864
1614.11408,0.01883
1613.14986,0.01891
1612.18563,0.01882
1611.22141,0.01857
1610.25718,0.01824
1609.29295,0.01797
1608.32873,0.01783
1607.36450,0.01779
1606.40028,0.01777
1605.43605,0.01767
1604.47182,0.01750
1603.50760,0.01736
1602.54337,0.01733
1601.57915,0.01742
1600.61492,0.01753
1599.65070,0.01757
1598.68647,0.01750
1597.72224,0.01736
1596.75802,0.01719
1595.79379,0.01704
1594.82957,0.01698
1593.86534,0.01709
1592.90111,0.01738
1591.93689,0.01773
1590.97266,0.01794
1590.00844,0.01783
1589.04421,0.01738
1588.07999,0.01675
1587.11576,0.01619
1586.15153,0.01591
1585.18731,0.01596
1584.22308,0.01622
1583.25886,0.01650
1582.29463,0.01667
1581.33040,0.01671
1580.36618,0.01671
1579.40195,0.01671
1578.43773,0.01668
1577.47350,0.01650
1576.50927,0.01613
1575.54505,0.01569
1574.58082,0.01536
1573.61660,0.01528
1572.65237,0.01543
1571.68815,0.01567
1570.72392,0.01585
1569.75969,0.01591
1568.79547,0.01587
1567.83124,0.01576
1566.86702,0.01560
1565.90279,0.01544
1564.93856,0.01537
1563.97434,0.01545
1563.01011,0.01561
1562.04589,0.01572
1561.08166,0.01572
1560.11744,0.01567
1559.15321,0.01564
1558.18898,0.01559
1557.22476,0.01538
1556.26053,0.01496
1555.29631,0.01451
1554.33208,0.01434
1553.36785,0.01459
1552.40363,0.01513
1551.43940,0.01562
1550.47518,0.01582
1549.51095,0.01570
1548.54672,0.01544
1547.58250,0.01526
1546.61827,0.01530
1545.65405,0.01554
1544.68982,0.01583
1543.72560,0.01598
1542.76137,0.01591
1541.79714,0.01573
1540.83292,0.01555
1539.86869,0.01542
1538.90447,0.01524
1537.94024,0.01494
1536.97601,0.01463
1536.01179,0.01452
1535.04756,0.01468
1534.08334,0.01500
1533.11911,0.01527
1532.15489,0.01538
1531.19066,0.01536
1530.22643,0.01530
1529.26221,0.01525
1528.29798,0.01520
1527.33376,0.01513
1526.36953,0.01503
1525.40530,0.01489
1524.44108,0.01475
1523.47685,0.01468
1522.51263,0.01472
1521.54840,0.01481
1520.58418,0.01482
1519.61995,0.01467
1518.65572,0.01445
1517.69150,0.01430
1516.72727,0.01429
1515.76305,0.01435
1514.79882,0.01436
1513.83459,0.01431
1512.87037,0.01425
1511.90614,0.01424
1510.94192,0.01434
1509.97769,0.01457
1509.01346,0.01492
1508.04924,0.01528
1507.08501,0.01544
1506.12079,0.01524
1505.15656,0.01476
1504.19234,0.01430
1503.22811,0.01410
1502.26388,0.01418
1501.29966,0.01439
1500.33543,0.01458
1499.37121,0.01465
1498.40698,0.01456
1497.44275,0.01432
1496.47853,0.01407
1495.51430,0.01393
1494.55008,0.01400
1493.58585,0.01415
1492.62163,0.01418
1491.65740,0.01401
1490.69317,0.01375
1489.72895,0.01359
1488.76472,0.01358
1487.80050,0.01358
1486.83627,0.01344
1485.87204,0.01313
1484.90782,0.01276
1483.94359,0.01247
1482.97937,0.01241
1482.01514,0.01265
1481.05092,0.01313
1480.08669,0.01356
1479.12246,0.01358
1478.15824,0.01307
1477.19401,0.01225
1476.22979,0.01156
1475.26556,0.01128
1474.30133,0.01132
1473.33711,0.01148
1472.37288,0.01159
1471.40866,0.01163
1470.44443,0.01154
1469.48020,0.01125
1468.51598,0.01080
1467.55175,0.01042
1466.58753,0.01037
1465.62330,0.01058
1464.65908,0.01073
1463.69485,0.01059
1462.73062,0.01029
1461.76640,0.01019
1460.80217,0.01042
1459.83795,0.01072
1458.87372,0.01069
1457.90949,0.01024
1456.94527,0.00964
1455.98104,0.00922
1455.01682,0.00900
1454.05259,0.00881
1453.08837,0.00850
1452.12414,0.00810
1451.15991,0.00777
1450.19569,0.00759
1449.23146,0.00757
1448.26724,0.00775
1447.30301,0.00813
1446.33878,0.00864
1445.37456,0.00913
1444.41033,0.00950
1443.44611,0.00982
1442.48188,0.01017
1441.51765,0.01054
1440.55343,0.01079
1439.58920,0.01084
1438.62498,0.01076
1437.66075,0.01068
1436.69653,0.01057
1435.73230,0.01033
1434.76807,0.01005
1433.80385,0.01004
1432.83962,0.01057
1431.87540,0.01140
1430.91117,0.01189
1429.94694,0.01157
1428.98272,0.01062
1428.01849,0.00982
1427.05427,0.00983
1426.09004,0.01057
1425.12582,0.01144
1424.16159,0.01187
1423.19736,0.01184
1422.23314,0.01167
1421.26891,0.01158
1420.30469,0.01150
1419.34046,0.01128
1418.37623,0.01098
1417.41201,0.01081
1416.44778,0.01086
1415.48356,0.01103
1414.51933,0.01113
1413.55511,0.01114
1412.59088,0.01120
1411.62665,0.01144
1410.66243,0.01184
1409.69820,0.01224
1408.73398,0.01244
1407.76975,0.01228
1406.80552,0.01169
1405.84130,0.01078
1404.87707,0.00985
1403.91285,0.00924
1402.94862,0.00913
1401.98439,0.00937
1401.02017,0.00966
1400.05594,0.00978
1399.09172,0.00978
1398.12749,0.00983
1397.16327,0.01008
1396.19904,0.01048
1395.23481,0.01083
1394.27059,0.01090
1393.30636,0.01056
1392.34214,0.00995
1391.37791,0.00941
1390.41368,0.00928
1389.44946,0.00962
1388.48523,0.01012
1387.52101,0.01034
1386.55678,0.01013
1385.59256,0.00966
1384.62833,0.00925
1383.66410,0.00901
1382.69988,0.00887
1381.73565,0.00875
1380.77143,0.00867
1379.80720,0.00869
1378.84297,0.00880
1377.87875,0.00901
1376.91452,0.00939
1375.95030,0.00998
1374.98607,0.01066
1374.02184,0.01108
1373.05762,0.01102
1372.09339,0.01057
1371.12917,0.01008
1370.16494,0.00975
1369.20072,0.00953
1368.23649,0.00928
1367.27226,0.00905
1366.30804,0.00900
1365.34381,0.00921
1364.37959,0.00952
1363.41536,0.00973
1362.45113,0.00981
1361.48691,0.00989
1360.52268,0.01006
1359.55846,0.01030
1358.59423,0.01047
1357.63001,0.01050
1356.66578,0.01038
1355.70155,0.01012
1354.73733,0.00978
1353.77310,0.00947
1352.80888,0.00933
1351.84465,0.00941
1350.88042,0.00964
1349.91620,0.00993
1348.95197,0.01024
1347.98775,0.01046
1347.02352,0.01048
1346.05930,0.01027
1345.09507,0.00995
1344.13084,0.00978
1343.16662,0.00982
1342.20239,0.00988
1341.23817,0.00977
1340.27394,0.00953
1339.30971,0.00944
1338.34549,0.00969
1337.38126,0.01012
1336.41704,0.01038
1335.45281,0.01031
1334.48858,0.01001
1333.52436,0.00972
1332.56013,0.00956
1331.59591,0.00953
1330.63168,0.00962
1329.66746,0.00975
1328.70323,0.00980
1327.73900,0.00963
1326.77478,0.00931
1325.81055,0.00910
1324.84633,0.00924
1323.88210,0.00968
1322.91787,0.01014
1321.95365,0.01034
1320.98942,0.01023
1320.02520,0.00988
1319.06097,0.00938
1318.09675,0.00884
1317.13252,0.00847
1316.16829,0.00849
1315.20407,0.00891
1314.23984,0.00949
1313.27562,0.00994
1312.31139,0.01012
1311.34716,0.01008
1310.38294,0.00991
1309.41871,0.00973
1308.45449,0.00971
1307.49026,0.00997
1306.52604,0.01042
1305.56181,0.01074
1304.59758,0.01064
1303.63336,0.01021
1302.66913,0.00983
1301.70491,0.00971
1300.74068,0.00975
1299.77645,0.00966
1298.81223,0.00929
1297.84800,0.00874
1296.88378,0.00822
1295.91955,0.00787
1294.95532,0.00785
1293.99110,0.00828
1293.02687,0.00908
1292.06265,0.00993
1291.09842,0.01044
1290.13420,0.01057
1289.16997,0.01054
1288.20574,0.01054
1287.24152,0.01050
1286.27729,0.01028
1285.31307,0.00995
1284.34884,0.00981
1283.38461,0.01001
1282.42039,0.01035
1281.45616,0.01056
1280.49194,0.01062
1279.52771,0.01070
1278.56349,0.01079
1277.59926,0.01061
1276.63503,0.00994
1275.67081,0.00909
1274.70658,0.00866
1273.74236,0.00896
1272.77813,0.00968
1271.81390,0.01019
1270.84968,0.01019
1269.88545,0.01000
1268.92123,0.01011
1267.95700,0.01059
1266.99277,0.01104
1266.02855,0.01098
1265.06432,0.01034
1264.10010,0.00954
1263.13587,0.00903
1262.17165,0.00893
1261.20742,0.00897
1260.24319,0.00886
1259.27897,0.00855
1258.31474,0.00824
1257.35052,0.00814
1256.38629,0.00824
1255.42206,0.00842
1254.45784,0.00859
1253.49361,0.00877
1252.52939,0.00900
1251.56516,0.00920
1250.60094,0.00924
1249.63671,0.00911
1248.67248,0.00888
1247.70826,0.00868
1246.74403,0.00853
1245.77981,0.00838
1244.81558,0.00822
1243.85135,0.00816
1242.88713,0.00830
1241.92290,0.00862
1240.95868,0.00897
1239.99445,0.00920
1239.03023,0.00917
1238.06600,0.00883
1237.10177,0.00825
1236.13755,0.00760
1235.17332,0.00717
1234.20910,0.00720
1233.24487,0.00776
1232.28064,0.00861
1231.31642,0.00937
1230.35219,0.00968
1229.38797,0.00937
1228.42374,0.00851
1227.45951,0.00738
1226.49529,0.00628
1225.53106,0.00543
1224.56684,0.00486
1223.60261,0.00455
1222.63839,0.00451
1221.67416,0.00479
1220.70993,0.00542
1219.74571,0.00637
1218.78148,0.00753
1217.81726,0.00876
1216.85303,0.00982
1215.88880,0.01031
1214.92458,0.01000
1213.96035,0.00908
1212.99613,0.00817
1212.03190,0.00792
1211.06768,0.00841
1210.10345,0.00909
1209.13922,0.00934
1208.17500,0.00897
1207.21077,0.00828
1206.24655,0.00760
1205.28232,0.00704
1204.31809,0.00657
1203.35387,0.00630
1202.38964,0.00645
1201.42542,0.00705
1200.46119,0.00782
1199.49697,0.00846
1198.53274,0.00892
1197.56851,0.00937
1196.60429,0.00985
1195.64006,0.01010
1194.67584,0.00983
1193.71161,0.00905
1192.74738,0.00806
1191.78316,0.00714
1190.81893,0.00641
1189.85471,0.00595
1188.89048,0.00582
1187.92625,0.00602
1186.96203,0.00627
1185.99780,0.00622
1185.03358,0.00587
1184.06935,0.00558
1183.10513,0.00567
1182.14090,0.00593
1181.17667,0.00579
1180.21245,0.00503
1179.24822,0.00417
1178.28400,0.00396
1177.31977,0.00453
1176.35554,0.00521
1175.39132,0.00522
1174.42709,0.00452
1173.46287,0.00372
1172.49864,0.00341
1171.53442,0.00354
1170.57019,0.00364
1169.60596,0.00354
1168.64174,0.00364
1167.67751,0.00445
1166.71329,0.00606
1165.74906,0.00790
1164.78483,0.00927
1163.82061,0.00982
1162.85638,0.00970
1161.89216,0.00926
1160.92793,0.00880
1159.96370,0.00833
1158.99948,0.00775
1158.03525,0.00694
1157.07103,0.00596
1156.10680,0.00509
1155.14258,0.00464
1154.17835,0.00466
1153.21412,0.00485
1152.24990,0.00481
1151.28567,0.00447
1150.32145,0.00424
1149.35722,0.00469
1148.39299,0.00595
1147.42877,0.00745
1146.46454,0.00819
1145.50032,0.00743
1144.53609,0.00517
1143.57187,0.00222
1142.60764,-0.00021
1141.64341,-0.00126
1140.67919,-0.00084
1139.71496,0.00030
1138.75074,0.00113
1137.78651,0.00104
1136.82228,0.00031
1135.85806,-0.00023
1134.89383,0.00014
1133.92961,0.00153
1132.96538,0.00347
1132.00116,0.00534
1131.03693,0.00664
1130.07270,0.00712
1129.10848,0.00673
1128.14425,0.00570
1127.18003,0.00451
1126.21580,0.00368
1125.25157,0.00343
1124.28735,0.00360
1123.32312,0.00384
1122.35890,0.00385
1121.39467,0.00341
1120.43044,0.00244
1119.46622,0.00122
1118.50199,0.00049
1117.53777,0.00098
1116.57354,0.00262
1115.60932,0.00423
1114.64509,0.00446
1113.68086,0.00318
1112.71664,0.00178
1111.75241,0.00195
1110.78819,0.00414
1109.82396,0.00717
1108.85973,0.00959
1107.89551,0.01084
1106.93128,0.01116
1105.96706,0.01064
1105.00283,0.00893
1104.03861,0.00617
1103.07438,0.00359
1102.11015,0.00279
1101.14593,0.00414
1100.18170,0.00627
1099.21748,0.00735
1098.25325,0.00683
1097.28902,0.00576
1096.32480,0.00543
1095.36057,0.00606
1094.39635,0.00681
1093.43212,0.00687
1092.46790,0.00626
1091.50367,0.00552
1090.53944,0.00501
1089.57522,0.00470
1088.61099,0.00449
1087.64677,0.00462
1086.68254,0.00557
1085.71831,0.00761
1084.75409,0.01045
1083.78986,0.01323
1082.82564,0.01496
1081.86141,0.01512
1080.89718,0.01391
1079.93296,0.01200
1078.96873,0.01000
1078.00451,0.00816
1077.04028,0.00653
1076.07606,0.00534
1075.11183,0.00497
1074.14760,0.00561
1073.18338,0.00688
1072.21915,0.00806
1071.25493,0.00859
1070.29070,0.00841
1069.32647,0.00780
1068.36225,0.00706
1067.39802,0.00643
1066.43380,0.00622
1065.46957,0.00673
1064.50535,0.00800
1063.54112,0.00966
1062.57689,0.01121
1061.61267,0.01225
1060.64844,0.01259
1059.68422,0.01212
1058.71999,0.01076
1057.75576,0.00873
1056.79154,0.00668
1055.82731,0.00541
1054.86309,0.00536
1053.89886,0.00631
1052.93463,0.00769
1051.97041,0.00893
1051.00618,0.00974
1050.04196,0.01008
1049.07773,0.00999
1048.11351,0.00964
1047.14928,0.00928
1046.18505,0.00916
1045.22083,0.00944
1044.25660,0.01005
1043.29238,0.01085
1042.32815,0.01162
1041.36392,0.01217
1040.39970,0.01236
1039.43547,0.01218
1038.47125,0.01174
1037.50702,0.01107
1036.54280,0.01007
1035.57857,0.00863
1034.61434,0.00686
1033.65012,0.00529
1032.68589,0.00458
1031.72167,0.00503
1030.75744,0.00636
1029.79321,0.00791
1028.82899,0.00914
1027.86476,0.00980
1026.90054,0.00987
1025.93631,0.00931
1024.97209,0.00814
1024.00786,0.00667
1023.04363,0.00555
1022.07941,0.00542
1021.11518,0.00632
1020.15096,0.00768
1019.18673,0.00868
1018.22250,0.00885
1017.25828,0.00821
1016.29405,0.00701
1015.32983,0.00555
1014.36560,0.00424
1013.40137,0.00359
1012.43715,0.00391
1011.47292,0.00486
1010.50870,0.00570
1009.54447,0.00600
1008.58025,0.00614
1007.61602,0.00669
1006.65179,0.00747
1005.68757,0.00747
1004.72334,0.00599
1003.75912,0.00366
1002.79489,0.00208
1001.83066,0.00219
1000.86644,0.00337
999.90221,0.00422
998.93799,0.00402
997.97376,0.00323
997.00954,0.00273
996.04531,0.00282
995.08108,0.00330
994.11686,0.00406
993.15263,0.00515
992.18841,0.00639
991.22418,0.00710
990.25995,0.00683
989.29573,0.00588
988.33150,0.00506
987.36728,0.00475
986.40305,0.00455
985.43882,0.00390
984.47460,0.00283
983.51037,0.00193
982.54615,0.00168
981.58192,0.00206
980.61770,0.00282
979.65347,0.00376
978.68924,0.00488
977.72502,0.00614
976.76079,0.00740
975.79657,0.00842
974.83234,0.00880
973.86811,0.00820
972.90389,0.00673
971.93966,0.00503
970.97544,0.00376
970.01121,0.00289
969.04699,0.00190
968.08276,0.00061
967.11853,-0.00026
966.15431,0.00023
965.19008,0.00194
964.22586,0.00357
963.26163,0.00391
962.29740,0.00300
961.33318,0.00186
960.36895,0.00137
959.40473,0.00162
958.44050,0.00232
957.47628,0.00307
956.51205,0.00329
955.54782,0.00230
954.58360,0.00005
953.61937,-0.00225
952.65515,-0.00300
951.69092,-0.00178
950.72669,0.00009
949.76247,0.00105
948.79824,0.00083
947.83402,0.00029
946.86979,-0.00008
945.90556,-0.00072
944.94134,-0.00190
943.97711,-0.00268
943.01289,-0.00166
942.04866,0.00132
941.08444,0.00471
940.12021,0.00671
939.15598,0.00678
938.19176,0.00533
937.22753,0.00279
936.26331,-0.00053
935.29908,-0.00357
934.33485,-0.00450
933.37063,-0.00232
932.40640,0.00182
931.44218,0.00540
930.47795,0.00680
929.51373,0.00642
928.54950,0.00561
927.58527,0.00499
926.62105,0.00423
925.65682,0.00314
924.69260,0.00223
923.72837,0.00202
922.76414,0.00220
921.79992,0.00198
920.83569,0.00105
919.87147,0.00004
918.90724,-0.00003
917.94302,0.00130
916.97879,0.00354
916.01456,0.00557
915.05034,0.00629
914.08611,0.00537
913.12189,0.00360
912.15766,0.00231
911.19343,0.00214
910.22921,0.00244
909.26498,0.00213
908.30076,0.00128
907.33653,0.00122
906.37230,0.00289
905.40808,0.00533
904.44385,0.00644
903.47963,0.00513
902.51540,0.00263
901.55118,0.00114
900.58695,0.00174
899.62272,0.00370
898.65850,0.00570
897.69427,0.00711
896.73005,0.00806
895.76582,0.00864
894.80159,0.00861
893.83737,0.00778
892.87314,0.00645
891.90892,0.00500
890.94469,0.00346
889.98047,0.00146
889.01624,-0.00121
888.05201,-0.00408
887.08779,-0.00616
886.12356,-0.00659
885.15934,-0.00529
884.19511,-0.00311
883.23088,-0.00110
882.26666,0.00019
881.30243,0.00084
880.33821,0.00095
879.37398,0.00035
878.40975,-0.00091
877.44553,-0.00186
876.48130,-0.00113
875.51708,0.00173
874.55285,0.00540
873.58863,0.00788
872.62440,0.00833
871.66017,0.00764
870.69595,0.00699
869.73172,0.00656
868.76750,0.00580
867.80327,0.00475
866.83904,0.00414
865.87482,0.00405
864.91059,0.00323
863.94637,0.00036
862.98214,-0.00394
862.01792,-0.00721
861.05369,-0.00743
860.08946,-0.00494
859.12524,-0.00170
858.16101,0.00106
857.19679,0.00363
856.23256,0.00642
855.26833,0.00867
854.30411,0.00898
853.33988,0.00716
852.37566,0.00475
851.41143,0.00352
850.44721,0.00382
849.48298,0.00451
848.51875,0.00445
847.55453,0.00368
846.59030,0.00324
845.62608,0.00391
844.66185,0.00548
843.69762,0.00706
842.73340,0.00789
841.76917,0.00783
840.80495,0.00709
839.84072,0.00574
838.87649,0.00355
837.91227,0.00043
836.94804,-0.00317
835.98382,-0.00626
835.01959,-0.00802
834.05537,-0.00831
833.09114,-0.00752
832.12691,-0.00606
831.16269,-0.00413
830.19846,-0.00193
829.23424,0.00018
828.27001,0.00193
827.30578,0.00321
826.34156,0.00376
825.37733,0.00291
824.41311,0.00022
823.44888,-0.00348
822.48466,-0.00587
821.52043,-0.00465
820.55620,0.00008
819.59198,0.00534
818.62775,0.00747
817.66353,0.00509
816.69930,0.00020
815.73507,-0.00345
814.77085,-0.00311
813.80662,0.00113
812.84240,0.00657
811.87817,0.01008
810.91395,0.01025
809.94972,0.00801
808.98549,0.00537
808.02127,0.00357
807.05704,0.00227
806.09282,0.00051
805.12859,-0.00175
804.16436,-0.00320
803.20014,-0.00249
802.23591,0.00047
801.27169,0.00431
800.30746,0.00739
799.34323,0.00853
798.37901,0.00732
797.41478,0.00408
796.45056,0.00010
795.48633,-0.00268
794.52211,-0.00281
793.55788,-0.00056
792.59365,0.00231
791.62943,0.00405
790.66520,0.00413
789.70098,0.00318
788.73675,0.00188
787.77252,0.00024
786.80830,-0.00201
785.84407,-0.00481
784.87985,-0.00755
783.91562,-0.00934
782.95140,-0.00934
781.98717,-0.00707
781.02294,-0.00297
780.05872,0.00137
779.09449,0.00398
778.13027,0.00422
777.16604,0.00369
776.20181,0.00477
775.23759,0.00816
774.27336,0.01178
773.30914,0.01253
772.34491,0.00918
771.38068,0.00372
770.41646,-0.00024
769.45223,-0.00037
768.48801,0.00269
767.52378,0.00610
766.55956,0.00721
765.59533,0.00540
764.63110,0.00202
763.66688,-0.00089
762.70265,-0.00207
761.73843,-0.00143
760.77420,0.00016
759.80997,0.00159
758.84575,0.00201
757.88152,0.00124
756.91730,0.00001
755.95307,-0.00054
754.98885,0.00017
754.02462,0.00149
753.06039,0.00233
752.09617,0.00250
751.13194,0.00304
750.16772,0.00497
749.20349,0.00777
748.23926,0.00965
747.27504,0.00939
746.31081,0.00774
745.34659,0.00669
744.38236,0.00740
743.41814,0.00919
742.45391,0.01038
741.48968,0.00983
740.52546,0.00748
739.56123,0.00394
738.59701,0.00001
737.63278,-0.00331
736.66855,-0.00496
735.70433,-0.00456
734.74010,-0.00285
733.77588,-0.00126
732.81165,-0.00068
731.84742,-0.00085
730.88320,-0.00066
729.91897,0.00083
728.95475,0.00388
727.99052,0.00763
727.02630,0.01021
726.06207,0.00966
725.09784,0.00548
724.13362,-0.00049
723.16939,-0.00510
722.20517,-0.00615
721.24094,-0.00401
720.27671,-0.00080
719.31249,0.00188
718.34826,0.00405
717.38404,0.00630
716.41981,0.00834
715.45559,0.00907
714.49136,0.00788
713.52713,0.00568
712.56291,0.00412
711.59868,0.00425
710.63446,0.00585
709.67023,0.00792
708.70600,0.00945
707.74178,0.01008
706.77755,0.01020
705.81333,0.01050
704.84910,0.01142
703.88487,0.01272
702.92065,0.01378
701.95642,0.01418
700.99220,0.01396
700.02797,0.01327
699.06375,0.01204
698.09952,0.01004
697.13529,0.00745
696.17107,0.00500
695.20684,0.00345
694.24262,0.00300
693.27839,0.00325
692.31416,0.00382
691.34994,0.00441
690.38571,0.00465
689.42149,0.00406
688.45726,0.00282
687.49304,0.00213
686.52881,0.00325
685.56458,0.00600
684.60036,0.00858
683.63613,0.00924
682.67191,0.00807
681.70768,0.00682
680.74345,0.00694
679.77923,0.00793
678.81500,0.00805
677.85078,0.00644
676.88655,0.00422
675.92233,0.00327
674.95810,0.00409
673.99387,0.00528
673.02965,0.00503
672.06542,0.00305
671.10120,0.00099
670.13697,0.00082
669.17274,0.00297
668.20852,0.00568
667.24429,0.00632
666.28007,0.00393
665.31584,0.00022
664.35161,-0.00220
663.38739,-0.00193
662.42316,0.00064
661.45894,0.00403
660.49471,0.00712
659.53049,0.00993
658.56626,0.01308
657.60203,0.01651
656.63781,0.01889
655.67358,0.01844
654.70936,0.01451
653.74513,0.00839
652.78090,0.00253
651.81668,-0.00119
650.85245,-0.00259
649.88823,-0.00260
648.92400,-0.00189
647.95978,-0.00039
646.99555,0.00195
646.03132,0.00424
645.06710,0.00521
644.10287,0.00458
643.13865,0.00360
642.17442,0.00388
641.21019,0.00583
640.24597,0.00832
639.28174,0.00978
638.31752,0.00932
637.35329,0.00706
636.38907,0.00379
635.42484,0.00091
634.46061,0.00011
633.49639,0.00218
632.53216,0.00596
631.56794,0.00918
630.60371,0.01074
629.63948,0.01127
628.67526,0.01128
627.71103,0.00955
626.74681,0.00468
625.78258,-0.00194
624.81835,-0.00619
623.85413,-0.00544
622.88990,-0.00134
621.92568,0.00217
620.96145,0.00337
619.99723,0.00420
619.03300,0.00709
618.06877,0.01140
617.10455,0.01451
616.14032,0.01578
615.17610,0.01715
614.21187,0.01925
613.24764,0.01875
612.28342,0.01142
611.31919,-0.00229
610.35497,-0.01615
609.39074,-0.02350
608.42652,-0.02245
607.46229,-0.01585
606.49806,-0.00766
605.53384,-0.00073
604.56961,0.00342
603.60539,0.00493
602.64116,0.00623
601.67693,0.01044
600.71271,0.01754
599.74848,0.02273
598.78426,0.02074
597.82003,0.01126
596.85580,-0.00119
595.89158,-0.01256
594.92735,-0.02315
593.96313,-0.03458
592.99890,-0.04416
592.03468,-0.04520
591.07045,-0.03404
590.10622,-0.01611
589.14200,-0.00245
588.17777,0.00028
587.21355,-0.00535
586.24932,-0.01251
585.28509,-0.01692
584.32087,-0.01849
583.35664,-0.01789
582.39242,-0.01414
581.42819,-0.00653
580.46397,0.00280
579.49974,0.00895
578.53551,0.00853
577.57129,0.00255
576.60706,-0.00429
575.64284,-0.00726
574.67861,-0.00422
573.71438,0.00352
572.75016,0.01248
571.78593,0.01947
570.82171,0.02344
569.85748,0.02480
568.89326,0.02192
567.92903,0.01213
566.96480,-0.00391
566.00058,-0.01861
565.03635,-0.02083
564.07213,-0.00472
563.10790,0.02429
562.14367,0.05364
561.17945,0.07344
560.21522,0.08250
559.25100,0.08399
558.28677,0.07996
557.32254,0.06992
556.35832,0.05340
555.39409,0.03191
554.42987,0.01099
553.46564,-0.00769
552.50142,-0.01803
551.53719,-0.01199
550.57296,0.01204
549.60874,0.04575
548.64451,0.07129
547.68029,0.07604
546.71606,0.06931
545.75183,0.05610
544.78761,0.04400
543.82338,0.04047
542.85916,0.05848
541.89493,0.09435
540.93071,0.11059
539.96648,0.07303
539.00225,-0.01245
538.03803,-0.08677
537.07380,-0.09444
536.10958,-0.04005
535.14535,0.02513
534.18112,0.06357
533.21690,0.07089
532.25267,0.07305
531.28845,0.07882
530.32422,0.05211
529.36000,-0.03535
528.39577,-0.15237
527.43154,-0.24930
526.46732,-0.30668
525.50309,-0.33228
524.53887,-0.34159
523.57464,-0.32113
522.61041,-0.22234
521.64619,-0.04898
520.68196,0.13555
519.71774,0.24348
518.75351,0.21542
517.78928,0.09111
516.82506,-0.02789
515.86083,-0.06554
514.89661,-0.01117
513.93238,0.07519
512.96816,0.14183
512.00393,0.15074
511.03970,0.08516
510.07548,-0.02182
509.11125,-0.11299
508.14703,-0.14967
507.18280,-0.11691
506.21857,-0.04358
505.25435,0.01856
504.29012,0.04240
503.32590,0.04833
502.36167,0.05048
501.39745,0.03615
500.43322,-0.00973
499.46899,-0.07214
498.50477,-0.12517
497.54054,-0.15453
496.57632,-0.16446
495.61209,-0.15971
494.64786,-0.15844
493.68364,-0.16695
492.71941,-0.16230
491.75519,-0.12793
490.79096,-0.08199
489.82673,-0.05729
488.86251,-0.07589
487.89828,-0.13067
486.93406,-0.18977
485.96983,-0.21372
485.00561,-0.17583
484.04138,-0.09029
483.07715,-0.02844
482.11293,-0.06780
481.14870,-0.15251
480.18448,-0.15805
479.22025,-0.04694
478.25602,0.14707
477.29180,0.34306
476.32757,0.38448
475.36335,0.25943
474.39912,0.08589
473.43490,-0.08116
472.47067,-0.21212
471.50644,-0.28695
470.54222,-0.29264
469.57799,-0.22694
468.61377,-0.09500
467.64954,0.03244
466.68531,0.07098
465.72109,0.03607
464.75686,-0.00660
463.79264,-0.03269
462.82841,-0.05318
461.86419,-0.09678
460.89996,-0.17234
459.93573,-0.25821
458.97151,-0.29933
458.00728,-0.24337
457.04306,-0.10671
456.07883,0.00920
455.11460,0.02869
454.15038,-0.04595
453.18615,-0.16259
452.22193,-0.24527
451.25770,-0.22304
450.29347,-0.13093
449.32925,-0.04032
448.36502,0.00997
447.40080,-0.00563
446.43657,-0.09975
445.47235,-0.22068
444.50812,-0.23686
443.54389,-0.10255
442.57967,0.03913
441.61544,0.10559
440.65122,0.08866
439.68699,0.02233
438.72276,-0.02996
437.75854,-0.01670
436.79431,0.04438
435.83009,0.11236
434.86586,0.16076
433.90164,0.16133
432.93741,0.10641
431.97318,0.01537
431.00896,-0.09876
430.04473,-0.23368
429.08051,-0.41434
428.11628,-0.64966
427.15205,-0.79067
426.18783,-0.64063
425.22360,-0.42555
424.25938,-0.27736
423.29515,-0.20173
422.33092,-0.12739
421.36670,-0.01373
420.40247,0.13771
419.43825,0.24545
418.47402,0.14731
417.50980,-0.07551
416.54557,-0.26172
415.58134,-0.31094
414.61712,-0.24082
413.65289,-0.15612
412.68867,-0.15580
411.72444,-0.26497
410.76021,-0.42967
409.79599,-0.53739
408.83176,-0.52477
407.86754,-0.49175
406.90331,-0.48894
405.93909,-0.47221
404.97486,-0.40324
404.01063,-0.30987
403.04641,-0.23188
402.08218,-0.23225
401.11796,-0.32148
400.15373,-0.41577
399.18950,-0.38404
398.22528,-0.22291
397.26105,-0.02305
396.29683,0.13208
395.33260,0.15646
394.36838,0.07678
393.40415,0.00020
392.43992,-0.04297
391.47570,-0.05779
390.51147,-0.07161
389.54725,-0.10117
388.58302,-0.13785
387.61879,-0.16920
386.65457,-0.19231
385.69034,-0.21308
384.72612,-0.20660
383.76189,-0.16841
382.79766,-0.10323
381.83344,-0.03104
380.86921,0.01501
379.90499,0.01648
378.94076,-0.03276
377.97654,-0.09322
377.01231,-0.12910
376.04808,-0.12718
375.08386,-0.10412
374.11963,-0.08909
373.15541,-0.11571
372.19118,-0.15219
371.22695,-0.10927
370.26273,0.02585
369.29850,0.15780
368.33428,0.20538
367.37005,0.13345
366.40583,-0.04910
365.44160,-0.30507
364.47737,-0.56401
363.51315,-0.67079
362.54892,-0.57288
361.58470,-0.54489
360.62047,-0.49574
359.65624,-0.45485
358.69202,-0.43315
357.72779,-0.40879
356.76357,-0.36157
355.79934,-0.31228
354.83512,-0.27842
353.87089,-0.26606
352.90666,-0.21956
351.94244,-0.09816
350.97821,0.05331
350.01399,0.15225
349.04976,0.15759
