3946.57643,0.00283
3945.61220,0.00186
3944.64798,0.00065
3943.68375,0.00002
3942.71953,0.00026
3941.75530,0.00093
3940.79107,0.00150
3939.82685,0.00186
3938.86262,0.00218
3937.89840,0.00241
3936.93417,0.00220
3935.96994,0.00131
3935.00572,0.00003
3934.04149,-0.00096
3933.07727,-0.00119
3932.11304,-0.00082
3931.14882,-0.00047
3930.18459,-0.00057
3929.22036,-0.00108
3928.25614,-0.00163
3927.29191,-0.00196
3926.32769,-0.00215
3925.36346,-0.00238
3924.39923,-0.00261
3923.43501,-0.00253
3922.47078,-0.00194
3921.50656,-0.00104
3920.54233,-0.00037
3919.57811,-0.00037
3918.61388,-0.00096
3917.64965,-0.00159
3916.68543,-0.00174
3915.72120,-0.00133
3914.75698,-0.00069
3913.79275,-0.00018
3912.82852,0.00009
3911.86430,0.00021
3910.90007,0.00023
3909.93585,0.00010
3908.97162,-0.00017
3908.00739,-0.00043
3907.04317,-0.00051
3906.07894,-0.00035
3905.11472,-0.00004
3904.15049,0.00031
3903.18627,0.00060
3902.22204,0.00071
3901.25781,0.00042
3900.29359,-0.00030
3899.32936,-0.00118
3898.36514,-0.00174
3897.40091,-0.00179
3896.43668,-0.00158
3895.47246,-0.00148
3894.50823,-0.00145
3893.54401,-0.00108
3892.57978,-0.00013
3891.61556,0.00099
3890.65133,0.00145
3889.68710,0.00087
3888.72288,-0.00029
3887.75865,-0.00114
3886.79443,-0.00115
3885.83020,-0.00055
3884.86597,0.00001
3883.90175,0.00011
3882.93752,-0.00020
3881.97330,-0.00062
3881.00907,-0.00097
3880.04485,-0.00121
3879.08062,-0.00136
3878.11639,-0.00139
3877.15217,-0.00131
3876.18794,-0.00118
3875.22372,-0.00108
3874.25949,-0.00106
3873.29526,-0.00108
3872.33104,-0.00109
3871.36681,-0.00109
3870.40259,-0.00109
3869.43836,-0.00110
3868.47413,-0.00111
3867.50991,-0.00112
3866.54568,-0.00109
3865.58146,-0.00096
3864.61723,-0.00068
3863.65301,-0.00024
3862.68878,0.00020
3861.72455,0.00038
3860.76033,0.00011
3859.79610,-0.00059
3858.83188,-0.00142
3857.86765,-0.00200
3856.90342,-0.00213
3855.93920,-0.00190
3854.97497,-0.00153
3854.01075,-0.00121
3853.04652,-0.00099
3852.08230,-0.00083
3851.11807,-0.00077
3850.15384,-0.00091
3849.18962,-0.00126
3848.22539,-0.00166
3847.26117,-0.00176
3846.29694,-0.00126
3845.33271,-0.00017
3844.36849,0.00111
3843.40426,0.00197
3842.44004,0.00204
3841.47581,0.00145
3840.51159,0.00073
3839.54736,0.00028
3838.58313,0.00002
3837.61891,-0.00043
3836.65468,-0.00127
3835.69046,-0.00219
3834.72623,-0.00268
3833.76200,-0.00254
3832.79778,-0.00205
3831.83355,-0.00168
3830.86933,-0.00155
3829.90510,-0.00145
3828.94087,-0.00112
3827.97665,-0.00066
3827.01242,-0.00042
3826.04820,-0.00058
3825.08397,-0.00090
3824.11975,-0.00096
3823.15552,-0.00055
3822.19129,0.00008
3821.22707,0.00041
3820.26284,0.00011
3819.29862,-0.00068
3818.33439,-0.00150
3817.37016,-0.00194
3816.40594,-0.00195
3815.44171,-0.00174
3814.47749,-0.00157
3813.51326,-0.00145
3812.54904,-0.00129
3811.58481,-0.00108
3810.62058,-0.00101
3809.65636,-0.00117
3808.69213,-0.00141
3807.72791,-0.00138
3806.76368,-0.00091
3805.79945,-0.00026
3804.83523,0.00015
3803.87100,0.00013
3802.90678,-0.00008
3801.94255,-0.00015
3800.97832,0.00003
3800.01410,0.00023
3799.04987,0.00015
3798.08565,-0.00024
3797.12142,-0.00071
3796.15720,-0.00096
3795.19297,-0.00088
3794.22874,-0.00057
3793.26452,-0.00017
3792.30029,0.00018
3791.33607,0.00045
3790.37184,0.00063
3789.40761,0.00072
3788.44339,0.00067
3787.47916,0.00044
3786.51494,0.00002
3785.55071,-0.00044
3784.58649,-0.00071
3783.62226,-0.00063
3782.65803,-0.00025
3781.69381,0.00020
3780.72958,0.00051
3779.76536,0.00059
3778.80113,0.00050
3777.83690,0.00034
3776.87268,0.00019
3775.90845,0.00016
3774.94423,0.00033
3773.98000,0.00063
3773.01578,0.00086
3772.05155,0.00075
3771.08732,0.00022
3770.12310,-0.00054
3769.15887,-0.00122
3768.19465,-0.00159
3767.23042,-0.00156
3766.26619,-0.00115
3765.30197,-0.00045
3764.33774,0.00034
3763.37352,0.00093
3762.40929,0.00117
3761.44506,0.00113
3760.48084,0.00106
3759.51661,0.00107
3758.55239,0.00102
3757.58816,0.00063
3756.62394,-0.00012
3755.65971,-0.00093
3754.69548,-0.00142
3753.73126,-0.00144
3752.76703,-0.00116
3751.80281,-0.00083
3750.83858,-0.00061
3749.87435,-0.00053
3748.91013,-0.00059
3747.94590,-0.00077
3746.98168,-0.00097
3746.01745,-0.00105
3745.05323,-0.00100
3744.08900,-0.00095
3743.12477,-0.00104
3742.16055,-0.00121
3741.19632,-0.00121
3740.23210,-0.00085
3739.26787,-0.00022
3738.30364,0.00040
3737.33942,0.00070
3736.37519,0.00063
3735.41097,0.00038
3734.44674,0.00025
3733.48251,0.00038
3732.51829,0.00076
3731.55406,0.00117
3730.58984,0.00138
3729.62561,0.00134
3728.66139,0.00118
3727.69716,0.00117
3726.73293,0.00139
3725.76871,0.00168
3724.80448,0.00181
3723.84026,0.00166
3722.87603,0.00133
3721.91180,0.00101
3720.94758,0.00082
3719.98335,0.00069
3719.01913,0.00051
3718.05490,0.00022
3717.09068,-0.00011
3716.12645,-0.00035
3715.16222,-0.00040
3714.19800,-0.00031
3713.23377,-0.00021
3712.26955,-0.00027
3711.30532,-0.00050
3710.34109,-0.00075
3709.37687,-0.00091
3708.41264,-0.00096
3707.44842,-0.00097
3706.48419,-0.00095
3705.51997,-0.00084
3704.55574,-0.00059
3703.59151,-0.00025
3702.62729,0.00003
3701.66306,0.00020
3700.69884,0.00028
3699.73461,0.00036
3698.77038,0.00044
3697.80616,0.00048
3696.84193,0.00050
3695.87771,0.00057
3694.91348,0.00074
3693.94925,0.00092
3692.98503,0.00098
3692.02080,0.00092
3691.05658,0.00088
3690.09235,0.00106
3689.12813,0.00154
3688.16390,0.00216
3687.19967,0.00266
3686.23545,0.00288
3685.27122,0.00281
3684.30700,0.00255
3683.34277,0.00227
3682.37854,0.00211
3681.41432,0.00213
3680.45009,0.00237
3679.48587,0.00277
3678.52164,0.00312
3677.55742,0.00317
3676.59319,0.00280
3675.62896,0.00220
3674.66474,0.00184
3673.70051,0.00208
3672.73629,0.00282
3671.77206,0.00362
3670.80783,0.00408
3669.84361,0.00418
3668.87938,0.00416
3667.91516,0.00421
3666.95093,0.00421
3665.98671,0.00399
3665.02248,0.00362
3664.05825,0.00340
3663.09403,0.00356
3662.12980,0.00400
3661.16558,0.00442
3660.20135,0.00471
3659.23712,0.00504
3658.27290,0.00569
3657.30867,0.00659
3656.34445,0.00733
3655.38022,0.00748
3654.41599,0.00702
3653.45177,0.00637
3652.48754,0.00597
3651.52332,0.00603
3650.55909,0.00638
3649.59487,0.00673
3648.63064,0.00687
3647.66641,0.00674
3646.70219,0.00642
3645.73796,0.00606
3644.77374,0.00584
3643.80951,0.00590
3642.84528,0.00622
3641.88106,0.00663
3640.91683,0.00688
3639.95261,0.00691
3638.98838,0.00689
3638.02416,0.00709
3637.05993,0.00760
3636.09570,0.00821
3635.13148,0.00854
3634.16725,0.00839
3633.20303,0.00789
3632.23880,0.00744
3631.27457,0.00748
3630.31035,0.00810
3629.34612,0.00904
3628.38190,0.00982
3627.41767,0.01002
3626.45344,0.00962
3625.48922,0.00894
3624.52499,0.00839
3623.56077,0.00820
3622.59654,0.00837
3621.63232,0.00872
3620.66809,0.00909
3619.70386,0.00938
3618.73964,0.00957
3617.77541,0.00969
3616.81119,0.00975
3615.84696,0.00984
3614.88273,0.01002
3613.91851,0.01032
3612.95428,0.01068
3611.99006,0.01100
3611.02583,0.01118
3610.06161,0.01115
3609.09738,0.01088
3608.13315,0.01038
3607.16893,0.00973
3606.20470,0.00907
3605.24048,0.00859
3604.27625,0.00842
3603.31202,0.00856
3602.34780,0.00886
3601.38357,0.00918
3600.41935,0.00949
3599.45512,0.00980
3598.49090,0.01009
3597.52667,0.01020
3596.56244,0.01002
3595.59822,0.00969
3594.63399,0.00963
3593.66977,0.01024
3592.70554,0.01147
3591.74131,0.01278
3590.77709,0.01351
3589.81286,0.01341
3588.84864,0.01272
3587.88441,0.01198
3586.92018,0.01161
3585.95596,0.01167
3584.99173,0.01195
3584.02751,0.01215
3583.06328,0.01205
3582.09906,0.01165
3581.13483,0.01118
3580.17060,0.01091
3579.20638,0.01101
3578.24215,0.01136
3577.27793,0.01169
3576.31370,0.01179
3575.34947,0.01165
3574.38525,0.01140
3573.42102,0.01121
3572.45680,0.01120
3571.49257,0.01143
3570.52835,0.01185
3569.56412,0.01228
3568.59989,0.01250
3567.63567,0.01242
3566.67144,0.01215
3565.70722,0.01189
3564.74299,0.01172
3563.77876,0.01162
3562.81454,0.01156
3561.85031,0.01155
3560.88609,0.01158
3559.92186,0.01159
3558.95764,0.01151
3557.99341,0.01141
3557.02918,0.01146
3556.06496,0.01173
3555.10073,0.01203
3554.13651,0.01212
3553.17228,0.01193
3552.20805,0.01170
3551.24383,0.01174
3550.27960,0.01213
3549.31538,0.01267
3548.35115,0.01301
3547.38692,0.01298
3546.42270,0.01263
3545.45847,0.01220
3544.49425,0.01191
3543.53002,0.01192
3542.56580,0.01226
3541.60157,0.01283
3540.63734,0.01344
3539.67312,0.01386
3538.70889,0.01398
3537.74467,0.01387
3536.78044,0.01379
3535.81621,0.01397
3534.85199,0.01443
3533.88776,0.01487
3532.92354,0.01489
3531.95931,0.01430
3530.99509,0.01330
3530.03086,0.01232
3529.06663,0.01169
3528.10241,0.01149
3527.13818,0.01164
3526.17396,0.01210
3525.20973,0.01282
3524.24550,0.01370
3523.28128,0.01440
3522.31705,0.01464
3521.35283,0.01436
3520.38860,0.01381
3519.42437,0.01336
3518.46015,0.01317
3517.49592,0.01311
3516.53170,0.01295
3515.56747,0.01260
3514.60325,0.01226
3513.63902,0.01225
3512.67479,0.01271
3511.71057,0.01350
3510.74634,0.01425
3509.78212,0.01462
3508.81789,0.01452
3507.85366,0.01415
3506.88944,0.01380
3505.92521,0.01365
3504.96099,0.01368
3503.99676,0.01378
3503.03254,0.01386
3502.06831,0.01387
3501.10408,0.01388
3500.13986,0.01401
3499.17563,0.01438
3498.21141,0.01498
3497.24718,0.01559
3496.28295,0.01587
3495.31873,0.01557
3494.35450,0.01475
3493.39028,0.01375
3492.42605,0.01309
3491.46183,0.01307
3490.49760,0.01367
3489.53337,0.01452
3488.56915,0.01516
3487.60492,0.01528
3486.64070,0.01486
3485.67647,0.01412
3484.71224,0.01345
3483.74802,0.01317
3482.78379,0.01342
3481.81957,0.01408
3480.85534,0.01479
3479.89111,0.01521
3478.92689,0.01521
3477.96266,0.01500
3476.99844,0.01493
3476.03421,0.01513
3475.06999,0.01547
3474.10576,0.01574
3473.14153,0.01591
3472.17731,0.01618
3471.21308,0.01678
3470.24886,0.01771
3469.28463,0.01865
3468.32040,0.01918
3467.35618,0.01903
3466.39195,0.01827
3465.42773,0.01733
3464.46350,0.01674
3463.49928,0.01681
3462.53505,0.01738
3461.57082,0.01794
3460.60660,0.01807
3459.64237,0.01777
3458.67815,0.01738
3457.71392,0.01726
3456.74969,0.01745
3455.78547,0.01771
3454.82124,0.01780
3453.85702,0.01758
3452.89279,0.01713
3451.92856,0.01664
3450.96434,0.01640
3450.00011,0.01659
3449.03589,0.01714
3448.07166,0.01763
3447.10744,0.01763
3446.14321,0.01707
3445.17898,0.01628
3444.21476,0.01575
3443.25053,0.01567
3442.28631,0.01588
3441.32208,0.01610
3440.35785,0.01616
3439.39363,0.01607
3438.42940,0.01588
3437.46518,0.01564
3436.50095,0.01548
3435.53673,0.01556
3434.57250,0.01596
3433.60827,0.01662
3432.64405,0.01737
3431.67982,0.01801
3430.71560,0.01836
3429.75137,0.01829
3428.78714,0.01781
3427.82292,0.01711
3426.85869,0.01653
3425.89447,0.01629
3424.93024,0.01633
3423.96602,0.01645
3423.00179,0.01647
3422.03756,0.01640
3421.07334,0.01630
3420.10911,0.01624
3419.14489,0.01621
3418.18066,0.01620
3417.21643,0.01628
3416.25221,0.01651
3415.28798,0.01695
3414.32376,0.01755
3413.35953,0.01813
3412.39530,0.01840
3411.43108,0.01816
3410.46685,0.01754
3409.50263,0.01703
3408.53840,0.01710
3407.57418,0.01785
3406.60995,0.01887
3405.64572,0.01963
3404.68150,0.01990
3403.71727,0.01979
3402.75305,0.01949
3401.78882,0.01905
3400.82459,0.01853
3399.86037,0.01806
3398.89614,0.01781
3397.93192,0.01777
3396.96769,0.01781
3396.00347,0.01789
3395.03924,0.01820
3394.07501,0.01894
3393.11079,0.01997
3392.14656,0.02081
3391.18234,0.02107
3390.21811,0.02076
3389.25388,0.02024
3388.28966,0.01979
3387.32543,0.01949
3386.36121,0.01924
3385.39698,0.01903
3384.43276,0.01886
3383.46853,0.01870
3382.50430,0.01843
3381.54008,0.01807
3380.57585,0.01790
3379.61163,0.01818
3378.64740,0.01893
3377.68317,0.01977
3376.71895,0.02024
3375.75472,0.02015
3374.79050,0.01963
3373.82627,0.01897
3372.86204,0.01844
3371.89782,0.01814
3370.93359,0.01809
3369.96937,0.01820
3369.00514,0.01824
3368.04092,0.01802
3367.07669,0.01756
3366.11246,0.01716
3365.14824,0.01721
3364.18401,0.01783
3363.21979,0.01870
3362.25556,0.01931
3361.29133,0.01938
3360.32711,0.01908
3359.36288,0.01875
3358.39866,0.01857
3357.43443,0.01839
3356.47021,0.01800
3355.50598,0.01743
3354.54175,0.01702
3353.57753,0.01712
3352.61330,0.01780
3351.64908,0.01875
3350.68485,0.01954
3349.72062,0.01988
3348.75640,0.01975
3347.79217,0.01931
3346.82795,0.01875
3345.86372,0.01821
3344.89949,0.01778
3343.93527,0.01754
3342.97104,0.01764
3342.00682,0.01812
3341.04259,0.01886
3340.07837,0.01953
3339.11414,0.01983
3338.14991,0.01970
3337.18569,0.01935
3336.22146,0.01907
3335.25724,0.01902
3334.29301,0.01915
3333.32878,0.01931
3332.36456,0.01940
3331.40033,0.01937
3330.43611,0.01913
3329.47188,0.01868
3328.50766,0.01812
3327.54343,0.01765
3326.57920,0.01739
3325.61498,0.01734
3324.65075,0.01741
3323.68653,0.01755
3322.72230,0.01778
3321.75807,0.01809
3320.79385,0.01833
3319.82962,0.01838
3318.86540,0.01823
3317.90117,0.01804
3316.93695,0.01798
3315.97272,0.01810
3315.00849,0.01831
3314.04427,0.01850
3313.08004,0.01860
3312.11582,0.01855
3311.15159,0.01838
3310.18736,0.01823
3309.22314,0.01830
3308.25891,0.01871
3307.29469,0.01935
3306.33046,0.01994
3305.36623,0.02025
3304.40201,0.02021
3303.43778,0.01993
3302.47356,0.01951
3301.50933,0.01895
3300.54511,0.01825
3299.58088,0.01742
3298.61665,0.01662
3297.65243,0.01605
3296.68820,0.01587
3295.72398,0.01614
3294.75975,0.01670
3293.79552,0.01728
3292.83130,0.01756
3291.86707,0.01746
3290.90285,0.01714
3289.93862,0.01692
3288.97440,0.01702
3288.01017,0.01740
3287.04594,0.01784
3286.08172,0.01809
3285.11749,0.01812
3284.15327,0.01812
3283.18904,0.01830
3282.22481,0.01871
3281.26059,0.01909
3280.29636,0.01918
3279.33214,0.01891
3278.36791,0.01848
3277.40369,0.01811
3276.43946,0.01786
3275.47523,0.01758
3274.51101,0.01722
3273.54678,0.01691
3272.58256,0.01690
3271.61833,0.01723
3270.65410,0.01775
3269.68988,0.01820
3268.72565,0.01849
3267.76143,0.01867
3266.79720,0.01885
3265.83297,0.01898
3264.86875,0.01897
3263.90452,0.01874
3262.94030,0.01833
3261.97607,0.01787
3261.01185,0.01748
3260.04762,0.01722
3259.08339,0.01710
3258.11917,0.01707
3257.15494,0.01708
3256.19072,0.01711
3255.22649,0.01721
3254.26226,0.01742
3253.29804,0.01770
3252.33381,0.01791
3251.36959,0.01789
3250.40536,0.01761
3249.44114,0.01714
3248.47691,0.01670
3247.51268,0.01650
3246.54846,0.01660
3245.58423,0.01684
3244.62001,0.01692
3243.65578,0.01666
3242.69155,0.01619
3241.72733,0.01583
3240.76310,0.01583
3239.79888,0.01611
3238.83465,0.01643
3237.87042,0.01664
3236.90620,0.01687
3235.94197,0.01725
3234.97775,0.01767
3234.01352,0.01782
3233.04930,0.01744
3232.08507,0.01666
3231.12084,0.01590
3230.15662,0.01556
3229.19239,0.01566
3228.22817,0.01591
3227.26394,0.01594
3226.29971,0.01561
3225.33549,0.01510
3224.37126,0.01476
3223.40704,0.01484
3222.44281,0.01530
3221.47859,0.01588
3220.51436,0.01634
3219.55013,0.01662
3218.58591,0.01682
3217.62168,0.01706
3216.65746,0.01731
3215.69323,0.01745
3214.72900,0.01740
3213.76478,0.01710
3212.80055,0.01661
3211.83633,0.01601
3210.87210,0.01545
3209.90788,0.01511
3208.94365,0.01510
3207.97942,0.01532
3207.01520,0.01559
3206.05097,0.01572
3205.08675,0.01569
3204.12252,0.01556
3203.15829,0.01541
3202.19407,0.01528
3201.22984,0.01519
3200.26562,0.01520
3199.30139,0.01534
3198.33716,0.01553
3197.37294,0.01566
3196.40871,0.01560
3195.44449,0.01536
3194.48026,0.01510
3193.51604,0.01509
3192.55181,0.01543
3191.58758,0.01596
3190.62336,0.01624
3189.65913,0.01596
3188.69491,0.01522
3187.73068,0.01451
3186.76645,0.01428
3185.80223,0.01457
3184.83800,0.01503
3183.87378,0.01527
3182.90955,0.01518
3181.94533,0.01486
3180.98110,0.01448
3180.01687,0.01412
3179.05265,0.01387
3178.08842,0.01385
3177.12420,0.01404
3176.15997,0.01425
3175.19574,0.01426
3174.23152,0.01405
3173.26729,0.01388
3172.30307,0.01398
3171.33884,0.01428
3170.37461,0.01446
3169.41039,0.01429
3168.44616,0.01384
3167.48194,0.01336
3166.51771,0.01310
3165.55349,0.01309
3164.58926,0.01323
3163.62503,0.01338
3162.66081,0.01345
3161.69658,0.01344
3160.73236,0.01341
3159.76813,0.01341
3158.80390,0.01343
3157.83968,0.01338
3156.87545,0.01324
3155.91123,0.01313
3154.94700,0.01320
3153.98278,0.01349
3153.01855,0.01382
3152.05432,0.01399
3151.09010,0.01388
3150.12587,0.01355
3149.16165,0.01312
3148.19742,0.01271
3147.23319,0.01240
3146.26897,0.01228
3145.30474,0.01232
3144.34052,0.01237
3143.37629,0.01227
3142.41207,0.01202
3141.44784,0.01178
3140.48361,0.01171
3139.51939,0.01178
3138.55516,0.01184
3137.59094,0.01180
3136.62671,0.01168
3135.66248,0.01160
3134.69826,0.01160
3133.73403,0.01168
3132.76981,0.01186
3131.80558,0.01212
3130.84135,0.01241
3129.87713,0.01256
3128.91290,0.01252
3127.94868,0.01232
3126.98445,0.01207
3126.02023,0.01180
3125.05600,0.01150
3124.09177,0.01121
3123.12755,0.01105
3122.16332,0.01112
3121.19910,0.01138
3120.23487,0.01171
3119.27064,0.01198
3118.30642,0.01215
3117.34219,0.01215
3116.37797,0.01189
3115.41374,0.01141
3114.44952,0.01092
3113.48529,0.01071
3112.52106,0.01085
3111.55684,0.01113
3110.59261,0.01128
3109.62839,0.01122
3108.66416,0.01110
3107.69993,0.01103
3106.73571,0.01094
3105.77148,0.01071
3104.80726,0.01035
3103.84303,0.01001
3102.87881,0.00981
3101.91458,0.00967
3100.95035,0.00951
3099.98613,0.00933
3099.02190,0.00925
3098.05768,0.00930
3097.09345,0.00937
3096.12922,0.00938
3095.16500,0.00941
3094.20077,0.00962
3093.23655,0.01004
3092.27232,0.01051
3091.30809,0.01081
3090.34387,0.01084
3089.37964,0.01069
3088.41542,0.01044
3087.45119,0.01012
3086.48697,0.00973
3085.52274,0.00934
3084.55851,0.00903
3083.59429,0.00886
3082.63006,0.00881
3081.66584,0.00883
3080.70161,0.00889
3079.73738,0.00894
3078.77316,0.00889
3077.80893,0.00866
3076.84471,0.00830
3075.88048,0.00798
3074.91626,0.00782
3073.95203,0.00785
3072.98780,0.00793
3072.02358,0.00797
3071.05935,0.00792
3070.09513,0.00783
3069.13090,0.00778
3068.16667,0.00780
3067.20245,0.00791
3066.23822,0.00806
3065.27400,0.00819
3064.30977,0.00828
3063.34554,0.00835
3062.38132,0.00845
3061.41709,0.00854
3060.45287,0.00856
3059.48864,0.00845
3058.52442,0.00828
3057.56019,0.00814
3056.59596,0.00808
3055.63174,0.00807
3054.66751,0.00800
3053.70329,0.00782
3052.73906,0.00758
3051.77483,0.00741
3050.81061,0.00741
3049.84638,0.00761
3048.88216,0.00790
3047.91793,0.00809
3046.95371,0.00799
3045.98948,0.00763
3045.02525,0.00727
3044.06103,0.00726
3043.09680,0.00776
3042.13258,0.00856
3041.16835,0.00923
3040.20412,0.00937
3039.23990,0.00890
3038.27567,0.00808
3037.31145,0.00737
3036.34722,0.00710
3035.38300,0.00730
3034.41877,0.00767
3033.45454,0.00785
3032.49032,0.00768
3031.52609,0.00731
3030.56187,0.00700
3029.59764,0.00691
3028.63341,0.00696
3027.66919,0.00701
3026.70496,0.00702
3025.74074,0.00703
3024.77651,0.00710
3023.81228,0.00719
3022.84806,0.00724
3021.88383,0.00722
3020.91961,0.00718
3019.95538,0.00714
3018.99116,0.00710
3018.02693,0.00702
3017.06270,0.00690
3016.09848,0.00675
3015.13425,0.00655
3014.17003,0.00630
3013.20580,0.00606
3012.24157,0.00594
3011.27735,0.00605
3010.31312,0.00636
3009.34890,0.00673
3008.38467,0.00695
3007.42045,0.00694
3006.45622,0.00679
3005.49199,0.00666
3004.52777,0.00668
3003.56354,0.00681
3002.59932,0.00692
3001.63509,0.00691
3000.67086,0.00679
2999.70664,0.00667
2998.74241,0.00662
2997.77819,0.00661
2996.81396,0.00654
2995.84974,0.00637
2994.88551,0.00609
2993.92128,0.00578
2992.95706,0.00547
2991.99283,0.00525
2991.02861,0.00520
2990.06438,0.00532
2989.10015,0.00547
2988.13593,0.00548
2987.17170,0.00533
2986.20748,0.00523
2985.24325,0.00540
2984.27902,0.00582
2983.31480,0.00621
2982.35057,0.00626
2981.38635,0.00596
2980.42212,0.00561
2979.45790,0.00548
2978.49367,0.00557
2977.52944,0.00559
2976.56522,0.00533
2975.60099,0.00491
2974.63677,0.00467
2973.67254,0.00488
2972.70831,0.00547
2971.74409,0.00611
2970.77986,0.00652
2969.81564,0.00661
2968.85141,0.00650
2967.88719,0.00625
2966.92296,0.00587
2965.95873,0.00541
2964.99451,0.00505
2964.03028,0.00502
2963.06606,0.00537
2962.10183,0.00587
2961.13760,0.00619
2960.17338,0.00619
2959.20915,0.00598
2958.24493,0.00577
2957.28070,0.00565
2956.31647,0.00560
2955.35225,0.00552
2954.38802,0.00542
2953.42380,0.00531
2952.45957,0.00522
2951.49535,0.00519
2950.53112,0.00525
2949.56689,0.00540
2948.60267,0.00553
2947.63844,0.00549
2946.67422,0.00530
2945.70999,0.00507
2944.74576,0.00499
2943.78154,0.00512
2942.81731,0.00534
2941.85309,0.00552
2940.88886,0.00557
2939.92464,0.00543
2938.96041,0.00513
2937.99618,0.00476
2937.03196,0.00451
2936.06773,0.00454
2935.10351,0.00474
2934.13928,0.00489
2933.17505,0.00480
2932.21083,0.00454
2931.24660,0.00436
2930.28238,0.00435
2929.31815,0.00443
2928.35393,0.00440
2927.38970,0.00424
2926.42547,0.00403
2925.46125,0.00391
2924.49702,0.00389
2923.53280,0.00396
2922.56857,0.00409
2921.60434,0.00425
2920.64012,0.00434
2919.67589,0.00422
2918.71167,0.00389
2917.74744,0.00349
2916.78321,0.00321
2915.81899,0.00311
2914.85476,0.00318
2913.89054,0.00333
2912.92631,0.00352
2911.96209,0.00365
2910.99786,0.00364
2910.03363,0.00348
2909.06941,0.00335
2908.10518,0.00344
2907.14096,0.00377
2906.17673,0.00416
2905.21250,0.00440
2904.24828,0.00439
2903.28405,0.00421
2902.31983,0.00396
2901.35560,0.00368
2900.39138,0.00336
2899.42715,0.00302
2898.46292,0.00275
2897.49870,0.00264
2896.53447,0.00276
2895.57025,0.00309
2894.60602,0.00350
2893.64179,0.00385
2892.67757,0.00405
2891.71334,0.00404
2890.74912,0.00390
2889.78489,0.00371
2888.82066,0.00354
2887.85644,0.00342
2886.89221,0.00343
2885.92799,0.00360
2884.96376,0.00389
2883.99954,0.00415
2883.03531,0.00424
2882.07108,0.00413
2881.10686,0.00390
2880.14263,0.00371
2879.17841,0.00369
2878.21418,0.00386
2877.24995,0.00421
2876.28573,0.00468
2875.32150,0.00516
2874.35728,0.00548
2873.39305,0.00547
2872.42883,0.00506
2871.46460,0.00437
2870.50037,0.00365
2869.53615,0.00320
2868.57192,0.00312
2867.60770,0.00331
2866.64347,0.00354
2865.67924,0.00368
2864.71502,0.00376
2863.75079,0.00389
2862.78657,0.00407
2861.82234,0.00418
2860.85812,0.00406
2859.89389,0.00370
2858.92966,0.00327
2857.96544,0.00297
2857.00121,0.00293
2856.03699,0.00311
2855.07276,0.00340
2854.10853,0.00364
2853.14431,0.00368
2852.18008,0.00351
2851.21586,0.00327
2850.25163,0.00320
2849.28740,0.00342
2848.32318,0.00384
2847.35895,0.00420
2846.39473,0.00431
2845.43050,0.00416
2844.46628,0.00383
2843.50205,0.00343
2842.53782,0.00304
2841.57360,0.00279
2840.60937,0.00277
2839.64515,0.00296
2838.68092,0.00321
2837.71669,0.00334
2836.75247,0.00333
2835.78824,0.00327
2834.82402,0.00319
2833.85979,0.00306
2832.89557,0.00281
2831.93134,0.00253
2830.96711,0.00241
2830.00289,0.00256
2829.03866,0.00290
2828.07444,0.00318
2827.11021,0.00324
2826.14598,0.00306
2825.18176,0.00280
2824.21753,0.00267
2823.25331,0.00278
2822.28908,0.00304
2821.32486,0.00328
2820.36063,0.00333
2819.39640,0.00318
2818.43218,0.00301
2817.46795,0.00297
2816.50373,0.00307
2815.53950,0.00313
2814.57527,0.00300
2813.61105,0.00271
2812.64682,0.00238
2811.68260,0.00215
2810.71837,0.00206
2809.75414,0.00212
2808.78992,0.00231
2807.82569,0.00257
2806.86147,0.00279
2805.89724,0.00289
2804.93302,0.00291
2803.96879,0.00294
2803.00456,0.00296
2802.04034,0.00285
2801.07611,0.00255
2800.11189,0.00221
2799.14766,0.00210
2798.18343,0.00232
2797.21921,0.00266
2796.25498,0.00282
2795.29076,0.00272
2794.32653,0.00253
2793.36231,0.00247
2792.39808,0.00255
2791.43385,0.00264
2790.46963,0.00265
2789.50540,0.00264
2788.54118,0.00274
2787.57695,0.00296
2786.61272,0.00318
2785.64850,0.00325
2784.68427,0.00311
2783.72005,0.00280
2782.75582,0.00245
2781.79159,0.00220
2780.82737,0.00214
2779.86314,0.00219
2778.89892,0.00219
2777.93469,0.00205
2776.97047,0.00181
2776.00624,0.00167
2775.04201,0.00173
2774.07779,0.00193
2773.11356,0.00211
2772.14934,0.00218
2771.18511,0.00216
2770.22088,0.00217
2769.25666,0.00226
2768.29243,0.00244
2767.32821,0.00265
2766.36398,0.00283
2765.39976,0.00297
2764.43553,0.00303
2763.47130,0.00304
2762.50708,0.00301
2761.54285,0.00293
2760.57863,0.00281
2759.61440,0.00264
2758.65017,0.00248
2757.68595,0.00238
2756.72172,0.00231
2755.75750,0.00224
2754.79327,0.00216
2753.82905,0.00210
2752.86482,0.00214
2751.90059,0.00232
2750.93637,0.00266
2749.97214,0.00309
2749.00792,0.00347
2748.04369,0.00359
2747.07946,0.00335
2746.11524,0.00285
2745.15101,0.00242
2744.18679,0.00230
2743.22256,0.00249
2742.25833,0.00275
2741.29411,0.00289
2740.32988,0.00292
2739.36566,0.00297
2738.40143,0.00305
2737.43721,0.00305
2736.47298,0.00286
2735.50875,0.00255
2734.54453,0.00229
2733.58030,0.00215
2732.61608,0.00210
2731.65185,0.00211
2730.68762,0.00224
2729.72340,0.00253
2728.75917,0.00289
2727.79495,0.00313
2726.83072,0.00314
2725.86650,0.00299
2724.90227,0.00284
2723.93804,0.00280
2722.97382,0.00279
2722.00959,0.00273
2721.04537,0.00260
2720.08114,0.00241
2719.11691,0.00218
2718.15269,0.00190
2717.18846,0.00163
2716.22424,0.00143
2715.26001,0.00137
2714.29579,0.00142
2713.33156,0.00152
2712.36733,0.00164
2711.40311,0.00179
2710.43888,0.00196
2709.47466,0.00209
2708.51043,0.00212
2707.54620,0.00206
2706.58198,0.00200
2705.61775,0.00205
2704.65353,0.00226
2703.68930,0.00260
2702.72507,0.00297
2701.76085,0.00322
2700.79662,0.00322
2699.83240,0.00296
2698.86817,0.00256
2697.90395,0.00221
2696.93972,0.00204
2695.97549,0.00203
2695.01127,0.00207
2694.04704,0.00205
2693.08282,0.00200
2692.11859,0.00198
2691.15436,0.00204
2690.19014,0.00219
2689.22591,0.00239
2688.26169,0.00262
2687.29746,0.00277
2686.33324,0.00275
2685.36901,0.00251
2684.40478,0.00219
2683.44056,0.00201
2682.47633,0.00211
2681.51211,0.00244
2680.54788,0.00279
2679.58365,0.00297
2678.61943,0.00298
2677.65520,0.00294
2676.69098,0.00299
2675.72675,0.00315
2674.76252,0.00330
2673.79830,0.00327
2672.83407,0.00296
2671.86985,0.00244
2670.90562,0.00191
2669.94140,0.00167
2668.97717,0.00184
2668.01294,0.00227
2667.04872,0.00265
2666.08449,0.00274
2665.12027,0.00256
2664.15604,0.00234
2663.19181,0.00229
2662.22759,0.00245
2661.26336,0.00270
2660.29914,0.00291
2659.33491,0.00298
2658.37069,0.00287
2657.40646,0.00259
2656.44223,0.00228
2655.47801,0.00207
2654.51378,0.00205
2653.54956,0.00213
2652.58533,0.00218
2651.62110,0.00214
2650.65688,0.00206
2649.69265,0.00206
2648.72843,0.00216
2647.76420,0.00232
2646.79998,0.00252
2645.83575,0.00273
2644.87152,0.00292
2643.90730,0.00299
2642.94307,0.00289
2641.97885,0.00266
2641.01462,0.00240
2640.05039,0.00220
2639.08617,0.00207
2638.12194,0.00204
2637.15772,0.00210
2636.19349,0.00222
2635.22926,0.00232
2634.26504,0.00232
2633.30081,0.00222
2632.33659,0.00208
2631.37236,0.00196
2630.40814,0.00182
2629.44391,0.00166
2628.47968,0.00156
2627.51546,0.00166
2626.55123,0.00198
2625.58701,0.00234
2624.62278,0.00253
2623.65855,0.00247
2622.69433,0.00228
2621.73010,0.00209
2620.76588,0.00195
2619.80165,0.00184
2618.83743,0.00175
2617.87320,0.00177
2616.90897,0.00193
2615.94475,0.00214
2614.98052,0.00222
2614.01630,0.00209
2613.05207,0.00185
2612.08784,0.00174
2611.12362,0.00190
2610.15939,0.00228
2609.19517,0.00266
2608.23094,0.00286
2607.26672,0.00288
2606.30249,0.00287
2605.33826,0.00291
2604.37404,0.00291
2603.40981,0.00273
2602.44559,0.00234
2601.48136,0.00195
2600.51713,0.00179
2599.55291,0.00192
2598.58868,0.00217
2597.62446,0.00235
2596.66023,0.00242
2595.69600,0.00245
2594.73178,0.00246
2593.76755,0.00238
2592.80333,0.00219
2591.83910,0.00196
2590.87488,0.00183
2589.91065,0.00186
2588.94642,0.00201
2587.98220,0.00219
2587.01797,0.00235
2586.05375,0.00251
2585.08952,0.00264
2584.12529,0.00266
2583.16107,0.00250
2582.19684,0.00217
2581.23262,0.00182
2580.26839,0.00161
2579.30417,0.00165
2578.33994,0.00184
2577.37571,0.00199
2576.41149,0.00193
2575.44726,0.00171
2574.48304,0.00157
2573.51881,0.00172
2572.55458,0.00215
2571.59036,0.00262
2570.62613,0.00289
2569.66191,0.00290
2568.69768,0.00274
2567.73345,0.00256
2566.76923,0.00243
2565.80500,0.00243
2564.84078,0.00259
2563.87655,0.00280
2562.91233,0.00289
2561.94810,0.00272
2560.98387,0.00236
2560.01965,0.00205
2559.05542,0.00192
2558.09120,0.00190
2557.12697,0.00182
2556.16274,0.00161
2555.19852,0.00142
2554.23429,0.00140
2553.27007,0.00157
2552.30584,0.00178
2551.34162,0.00188
2550.37739,0.00184
2549.41316,0.00177
2548.44894,0.00184
2547.48471,0.00216
2546.52049,0.00270
2545.55626,0.00322
2544.59203,0.00343
2543.62781,0.00317
2542.66358,0.00258
2541.69936,0.00201
2540.73513,0.00172
2539.77091,0.00175
2538.80668,0.00198
2537.84245,0.00227
2536.87823,0.00254
2535.91400,0.00273
2534.94978,0.00275
2533.98555,0.00259
2533.02132,0.00232
2532.05710,0.00202
2531.09287,0.00171
2530.12865,0.00141
2529.16442,0.00121
2528.20019,0.00125
2527.23597,0.00155
2526.27174,0.00191
2525.30752,0.00211
2524.34329,0.00204
2523.37907,0.00182
2522.41484,0.00161
2521.45061,0.00149
2520.48639,0.00145
2519.52216,0.00144
2518.55794,0.00147
2517.59371,0.00156
2516.62948,0.00171
2515.66526,0.00195
2514.70103,0.00225
2513.73681,0.00252
2512.77258,0.00260
2511.80836,0.00243
2510.84413,0.00216
2509.87990,0.00203
2508.91568,0.00216
2507.95145,0.00243
2506.98723,0.00263
2506.02300,0.00266
2505.05877,0.00260
2504.09455,0.00254
2503.13032,0.00246
2502.16610,0.00230
2501.20187,0.00206
2500.23764,0.00190
2499.27342,0.00190
2498.30919,0.00206
2497.34497,0.00226
2496.38074,0.00243
2495.41652,0.00256
2494.45229,0.00265
2493.48806,0.00269
2492.52384,0.00270
2491.55961,0.00271
2490.59539,0.00275
2489.63116,0.00281
2488.66693,0.00291
2487.70271,0.00305
2486.73848,0.00320
2485.77426,0.00325
2484.81003,0.00310
2483.84581,0.00274
2482.88158,0.00237
2481.91735,0.00224
2480.95313,0.00243
2479.98890,0.00278
2479.02468,0.00306
2478.06045,0.00312
2477.09622,0.00294
2476.13200,0.00259
2475.16777,0.00220
2474.20355,0.00193
2473.23932,0.00186
2472.27510,0.00198
2471.31087,0.00214
2470.34664,0.00220
2469.38242,0.00219
2468.41819,0.00219
2467.45397,0.00228
2466.48974,0.00241
2465.52551,0.00253
2464.56129,0.00262
2463.59706,0.00274
2462.63284,0.00287
2461.66861,0.00293
2460.70438,0.00287
2459.74016,0.00275
2458.77593,0.00268
2457.81171,0.00273
2456.84748,0.00290
2455.88326,0.00312
2454.91903,0.00333
2453.95480,0.00348
2452.99058,0.00347
2452.02635,0.00326
2451.06213,0.00294
2450.09790,0.00263
2449.13367,0.00246
2448.16945,0.00240
2447.20522,0.00244
2446.24100,0.00256
2445.27677,0.00274
2444.31255,0.00288
2443.34832,0.00285
2442.38409,0.00259
2441.41987,0.00225
2440.45564,0.00204
2439.49142,0.00207
2438.52719,0.00226
2437.56296,0.00246
2436.59874,0.00262
2435.63451,0.00276
2434.67029,0.00287
2433.70606,0.00290
2432.74184,0.00286
2431.77761,0.00283
2430.81338,0.00287
2429.84916,0.00296
2428.88493,0.00299
2427.92071,0.00291
2426.95648,0.00276
2425.99225,0.00261
2425.02803,0.00248
2424.06380,0.00235
2423.09958,0.00227
2422.13535,0.00235
2421.17112,0.00264
2420.20690,0.00298
2419.24267,0.00316
2418.27845,0.00304
2417.31422,0.00271
2416.35000,0.00242
2415.38577,0.00230
2414.42154,0.00233
2413.45732,0.00235
2412.49309,0.00227
2411.52887,0.00212
2410.56464,0.00199
2409.60041,0.00194
2408.63619,0.00194
2407.67196,0.00198
2406.70774,0.00206
2405.74351,0.00223
2404.77929,0.00242
2403.81506,0.00255
2402.85083,0.00253
2401.88661,0.00242
2400.92238,0.00235
2399.95816,0.00245
2398.99393,0.00273
2398.02970,0.00309
2397.06548,0.00336
2396.10125,0.00342
2395.13703,0.00326
2394.17280,0.00292
2393.20857,0.00253
2392.24435,0.00220
2391.28012,0.00201
2390.31590,0.00200
2389.35167,0.00219
2388.38745,0.00256
2387.42322,0.00302
2386.45899,0.00339
2385.49477,0.00349
2384.53054,0.00327
2383.56632,0.00291
2382.60209,0.00264
2381.63786,0.00256
2380.67364,0.00259
2379.70941,0.00259
2378.74519,0.00256
2377.78096,0.00262
2376.81674,0.00284
2375.85251,0.00311
2374.88828,0.00323
2373.92406,0.00311
2372.95983,0.00287
2371.99561,0.00265
2371.03138,0.00250
2370.06715,0.00239
2369.10293,0.00232
2368.13870,0.00239
2367.17448,0.00266
2366.21025,0.00302
2365.24603,0.00326
2364.28180,0.00327
2363.31757,0.00314
2362.35335,0.00303
2361.38912,0.00300
2360.42490,0.00292
2359.46067,0.00268
2358.49644,0.00232
2357.53222,0.00205
2356.56799,0.00202
2355.60377,0.00224
2354.63954,0.00254
2353.67531,0.00275
2352.71109,0.00282
2351.74686,0.00278
2350.78264,0.00267
2349.81841,0.00252
2348.85419,0.00239
2347.88996,0.00236
2346.92573,0.00248
2345.96151,0.00270
2344.99728,0.00286
2344.03306,0.00290
2343.06883,0.00286
2342.10460,0.00288
2341.14038,0.00299
2340.17615,0.00304
2339.21193,0.00293
2338.24770,0.00270
2337.28348,0.00250
2336.31925,0.00244
2335.35502,0.00249
2334.39080,0.00254
2333.42657,0.00256
2332.46235,0.00263
2331.49812,0.00279
2330.53389,0.00296
2329.56967,0.00300
2328.60544,0.00285
2327.64122,0.00258
2326.67699,0.00237
2325.71277,0.00230
2324.74854,0.00242
2323.78431,0.00266
2322.82009,0.00294
2321.85586,0.00320
2320.89164,0.00339
2319.92741,0.00349
2318.96318,0.00348
2317.99896,0.00334
2317.03473,0.00310
2316.07051,0.00286
2315.10628,0.00276
2314.14205,0.00288
2313.17783,0.00311
2312.21360,0.00329
2311.24938,0.00331
2310.28515,0.00324
2309.32093,0.00321
2308.35670,0.00328
2307.39247,0.00337
2306.42825,0.00334
2305.46402,0.00314
2304.49980,0.00289
2303.53557,0.00274
2302.57134,0.00278
2301.60712,0.00293
2300.64289,0.00304
2299.67867,0.00301
2298.71444,0.00287
2297.75022,0.00276
2296.78599,0.00276
2295.82176,0.00284
2294.85754,0.00285
2293.89331,0.00274
2292.92909,0.00259
2291.96486,0.00252
2291.00063,0.00258
2290.03641,0.00269
2289.07218,0.00273
2288.10796,0.00264
2287.14373,0.00248
2286.17950,0.00228
2285.21528,0.00208
2284.25105,0.00194
2283.28683,0.00196
2282.32260,0.00217
2281.35838,0.00246
2280.39415,0.00262
2279.42992,0.00257
2278.46570,0.00242
2277.50147,0.00235
2276.53725,0.00246
2275.57302,0.00272
2274.60879,0.00300
2273.64457,0.00323
2272.68034,0.00332
2271.71612,0.00319
2270.75189,0.00282
2269.78767,0.00237
2268.82344,0.00207
2267.85921,0.00206
2266.89499,0.00224
2265.93076,0.00244
2264.96654,0.00261
2264.00231,0.00281
2263.03808,0.00303
2262.07386,0.00314
2261.10963,0.00303
2260.14541,0.00279
2259.18118,0.00264
2258.21696,0.00273
2257.25273,0.00297
2256.28850,0.00318
2255.32428,0.00328
2254.36005,0.00332
2253.39583,0.00332
2252.43160,0.00323
2251.46737,0.00311
2250.50315,0.00312
2249.53892,0.00349
2248.57470,0.00414
2247.61047,0.00472
2246.64624,0.00485
2245.68202,0.00447
2244.71779,0.00383
2243.75357,0.00328
2242.78934,0.00299
2241.82512,0.00296
2240.86089,0.00309
2239.89666,0.00324
2238.93244,0.00327
2237.96821,0.00303
2237.00399,0.00260
2236.03976,0.00219
2235.07553,0.00205
2234.11131,0.00220
2233.14708,0.00250
2232.18286,0.00274
2231.21863,0.00287
2230.25441,0.00295
2229.29018,0.00304
2228.32595,0.00311
2227.36173,0.00313
2226.39750,0.00312
2225.43328,0.00308
2224.46905,0.00299
2223.50482,0.00281
2222.54060,0.00259
2221.57637,0.00238
2220.61215,0.00227
2219.64792,0.00230
2218.68369,0.00243
2217.71947,0.00262
2216.75524,0.00275
2215.79102,0.00275
2214.82679,0.00262
2213.86257,0.00252
2212.89834,0.00263
2211.93411,0.00296
2210.96989,0.00329
2210.00566,0.00341
2209.04144,0.00330
2208.07721,0.00310
2207.11298,0.00300
2206.14876,0.00297
2205.18453,0.00292
2204.22031,0.00285
2203.25608,0.00287
2202.29186,0.00307
2201.32763,0.00335
2200.36340,0.00355
2199.39918,0.00352
2198.43495,0.00331
2197.47073,0.00304
2196.50650,0.00283
2195.54227,0.00277
2194.57805,0.00289
2193.61382,0.00318
2192.64960,0.00349
2191.68537,0.00368
2190.72115,0.00367
2189.75692,0.00350
2188.79269,0.00326
2187.82847,0.00306
2186.86424,0.00290
2185.90002,0.00281
2184.93579,0.00281
2183.97156,0.00286
2183.00734,0.00290
2182.04311,0.00290
2181.07889,0.00288
2180.11466,0.00291
2179.15043,0.00299
2178.18621,0.00310
2177.22198,0.00316
2176.25776,0.00319
2175.29353,0.00321
2174.32931,0.00329
2173.36508,0.00344
2172.40085,0.00364
2171.43663,0.00382
2170.47240,0.00387
2169.50818,0.00372
2168.54395,0.00344
2167.57972,0.00324
2166.61550,0.00326
2165.65127,0.00346
2164.68705,0.00362
2163.72282,0.00360
2162.75860,0.00346
2161.79437,0.00333
2160.83014,0.00326
2159.86592,0.00322
2158.90169,0.00315
2157.93747,0.00310
2156.97324,0.00311
2156.00901,0.00313
2155.04479,0.00306
2154.08056,0.00287
2153.11634,0.00269
2152.15211,0.00270
2151.18789,0.00291
2150.22366,0.00319
2149.25943,0.00341
2148.29521,0.00357
2147.33098,0.00373
2146.36676,0.00392
2145.40253,0.00412
2144.43830,0.00429
2143.47408,0.00443
2142.50985,0.00456
2141.54563,0.00466
2140.58140,0.00470
2139.61717,0.00468
2138.65295,0.00467
2137.68872,0.00471
2136.72450,0.00484
2135.76027,0.00504
2134.79605,0.00527
2133.83182,0.00551
2132.86759,0.00576
2131.90337,0.00598
2130.93914,0.00612
2129.97492,0.00614
2129.01069,0.00606
2128.04646,0.00593
2127.08224,0.00584
2126.11801,0.00581
2125.15379,0.00584
2124.18956,0.00585
2123.22534,0.00576
2122.26111,0.00558
2121.29688,0.00531
2120.33266,0.00498
2119.36843,0.00461
2118.40421,0.00427
2117.43998,0.00403
2116.47575,0.00393
2115.51153,0.00393
2114.54730,0.00400
2113.58308,0.00416
2112.61885,0.00441
2111.65462,0.00467
2110.69040,0.00475
2109.72617,0.00455
2108.76195,0.00415
2107.79772,0.00376
2106.83350,0.00351
2105.86927,0.00337
2104.90504,0.00321
2103.94082,0.00299
2102.97659,0.00278
2102.01237,0.00269
2101.04814,0.00274
2100.08391,0.00292
2099.11969,0.00315
2098.15546,0.00339
2097.19124,0.00355
2096.22701,0.00357
2095.26279,0.00348
2094.29856,0.00341
2093.33433,0.00348
2092.37011,0.00365
2091.40588,0.00376
2090.44166,0.00369
2089.47743,0.00347
2088.51320,0.00322
2087.54898,0.00302
2086.58475,0.00287
2085.62053,0.00278
2084.65630,0.00279
2083.69208,0.00293
2082.72785,0.00312
2081.76362,0.00326
2080.79940,0.00328
2079.83517,0.00329
2078.87095,0.00337
2077.90672,0.00353
2076.94249,0.00363
2075.97827,0.00357
2075.01404,0.00338
2074.04982,0.00317
2073.08559,0.00301
2072.12136,0.00288
2071.15714,0.00275
2070.19291,0.00261
2069.22869,0.00252
2068.26446,0.00254
2067.30024,0.00263
2066.33601,0.00276
2065.37178,0.00288
2064.40756,0.00298
2063.44333,0.00306
2062.47911,0.00305
2061.51488,0.00296
2060.55065,0.00284
2059.58643,0.00283
2058.62220,0.00298
2057.65798,0.00318
2056.69375,0.00322
2055.72953,0.00301
2054.76530,0.00266
2053.80107,0.00244
2052.83685,0.00247
2051.87262,0.00270
2050.90840,0.00297
2049.94417,0.00317
2048.97994,0.00330
2048.01572,0.00338
2047.05149,0.00336
2046.08727,0.00319
2045.12304,0.00294
2044.15882,0.00271
2043.19459,0.00257
2042.23036,0.00246
2041.26614,0.00233
2040.30191,0.00224
2039.33769,0.00231
2038.37346,0.00256
2037.40923,0.00288
2036.44501,0.00312
2035.48078,0.00321
2034.51656,0.00322
2033.55233,0.00320
2032.58810,0.00319
2031.62388,0.00318
2030.65965,0.00317
2029.69543,0.00317
2028.73120,0.00314
2027.76698,0.00304
2026.80275,0.00286
2025.83852,0.00264
2024.87430,0.00244
2023.91007,0.00227
2022.94585,0.00216
2021.98162,0.00218
2021.01739,0.00236
2020.05317,0.00267
2019.08894,0.00297
2018.12472,0.00316
2017.16049,0.00322
2016.19627,0.00320
2015.23204,0.00314
2014.26781,0.00304
2013.30359,0.00292
2012.33936,0.00280
2011.37514,0.00272
2010.41091,0.00266
2009.44668,0.00258
2008.48246,0.00246
2007.51823,0.00233
2006.55401,0.00222
2005.58978,0.00219
2004.62555,0.00228
2003.66133,0.00250
2002.69710,0.00280
2001.73288,0.00306
2000.76865,0.00316
1999.80443,0.00311
1998.84020,0.00307
1997.87597,0.00317
1996.91175,0.00341
1995.94752,0.00361
1994.98330,0.00361
1994.01907,0.00337
1993.05484,0.00296
1992.09062,0.00254
1991.12639,0.00231
1990.16217,0.00235
1989.19794,0.00262
1988.23372,0.00294
1987.26949,0.00308
1986.30526,0.00302
1985.34104,0.00291
1984.37681,0.00295
1983.41259,0.00318
1982.44836,0.00347
1981.48413,0.00364
1980.51991,0.00363
1979.55568,0.00350
1978.59146,0.00334
1977.62723,0.00324
1976.66301,0.00324
1975.69878,0.00336
1974.73455,0.00351
1973.77033,0.00356
1972.80610,0.00342
1971.84188,0.00314
1970.87765,0.00287
1969.91342,0.00271
1968.94920,0.00265
1967.98497,0.00261
1967.02075,0.00254
1966.05652,0.00245
1965.09229,0.00236
1964.12807,0.00232
1963.16384,0.00235
1962.19962,0.00247
1961.23539,0.00264
1960.27117,0.00276
1959.30694,0.00274
1958.34271,0.00261
1957.37849,0.00243
1956.41426,0.00232
1955.45004,0.00229
1954.48581,0.00237
1953.52158,0.00250
1952.55736,0.00265
1951.59313,0.00271
1950.62891,0.00266
1949.66468,0.00253
1948.70046,0.00244
1947.73623,0.00240
1946.77200,0.00234
1945.80778,0.00213
1944.84355,0.00184
1943.87933,0.00165
1942.91510,0.00172
1941.95087,0.00201
1940.98665,0.00234
1940.02242,0.00258
1939.05820,0.00271
1938.09397,0.00278
1937.12974,0.00283
1936.16552,0.00288
1935.20129,0.00291
1934.23707,0.00294
1933.27284,0.00295
1932.30862,0.00295
1931.34439,0.00298
1930.38016,0.00316
1929.41594,0.00349
1928.45171,0.00383
1927.48749,0.00398
1926.52326,0.00376
1925.55903,0.00322
1924.59481,0.00255
1923.63058,0.00201
1922.66636,0.00179
1921.70213,0.00193
1920.73791,0.00230
1919.77368,0.00270
1918.80945,0.00292
1917.84523,0.00295
1916.88100,0.00288
1915.91678,0.00277
1914.95255,0.00263
1913.98832,0.00240
1913.02410,0.00210
1912.05987,0.00184
1911.09565,0.00174
1910.13142,0.00179
1909.16720,0.00193
1908.20297,0.00207
1907.23874,0.00218
1906.27452,0.00221
1905.31029,0.00215
1904.34607,0.00201
1903.38184,0.00191
1902.41761,0.00197
1901.45339,0.00217
1900.48916,0.00237
1899.52494,0.00243
1898.56071,0.00235
1897.59648,0.00223
1896.63226,0.00222
1895.66803,0.00236
1894.70381,0.00261
1893.73958,0.00290
1892.77536,0.00318
1891.81113,0.00339
1890.84690,0.00347
1889.88268,0.00344
1888.91845,0.00336
1887.95423,0.00332
1886.99000,0.00338
1886.02577,0.00350
1885.06155,0.00357
1884.09732,0.00350
1883.13310,0.00327
1882.16887,0.00296
1881.20465,0.00269
1880.24042,0.00249
1879.27619,0.00234
1878.31197,0.00218
1877.34774,0.00204
1876.38352,0.00196
1875.41929,0.00201
1874.45506,0.00215
1873.49084,0.00234
1872.52661,0.00255
1871.56239,0.00278
1870.59816,0.00293
1869.63394,0.00292
1868.66971,0.00272
1867.70548,0.00244
1866.74126,0.00221
1865.77703,0.00210
1864.81281,0.00205
1863.84858,0.00204
1862.88435,0.00215
1861.92013,0.00244
1860.95590,0.00281
1859.99168,0.00304
1859.02745,0.00299
1858.06322,0.00275
1857.09900,0.00254
1856.13477,0.00248
1855.17055,0.00253
1854.20632,0.00257
1853.24210,0.00257
1852.27787,0.00254
1851.31364,0.00248
1850.34942,0.00237
1849.38519,0.00225
1848.42097,0.00219
1847.45674,0.00228
1846.49251,0.00248
1845.52829,0.00265
1844.56406,0.00269
1843.59984,0.00263
1842.63561,0.00257
1841.67139,0.00257
1840.70716,0.00264
1839.74293,0.00269
1838.77871,0.00270
1837.81448,0.00267
1836.85026,0.00266
1835.88603,0.00271
1834.92180,0.00286
1833.95758,0.00302
1832.99335,0.00308
1832.02913,0.00300
1831.06490,0.00281
1830.10067,0.00263
1829.13645,0.00252
1828.17222,0.00242
1827.20800,0.00226
1826.24377,0.00210
1825.27955,0.00204
1824.31532,0.00213
1823.35109,0.00233
1822.38687,0.00254
1821.42264,0.00273
1820.45842,0.00295
1819.49419,0.00319
1818.52996,0.00334
1817.56574,0.00329
1816.60151,0.00305
1815.63729,0.00281
1814.67306,0.00276
1813.70884,0.00295
1812.74461,0.00324
1811.78038,0.00346
1810.81616,0.00352
1809.85193,0.00344
1808.88771,0.00327
1807.92348,0.00306
1806.95925,0.00279
1805.99503,0.00251
1805.03080,0.00232
1804.06658,0.00231
1803.10235,0.00252
1802.13813,0.00287
1801.17390,0.00321
1800.20967,0.00340
1799.24545,0.00344
1798.28122,0.00338
1797.31700,0.00330
1796.35277,0.00323
1795.38854,0.00317
1794.42432,0.00312
1793.46009,0.00313
1792.49587,0.00320
1791.53164,0.00331
1790.56741,0.00339
1789.60319,0.00338
1788.63896,0.00331
1787.67474,0.00325
1786.71051,0.00325
1785.74629,0.00330
1784.78206,0.00338
1783.81783,0.00347
1782.85361,0.00357
1781.88938,0.00369
1780.92516,0.00382
1779.96093,0.00389
1778.99670,0.00389
1778.03248,0.00382
1777.06825,0.00374
1776.10403,0.00373
1775.13980,0.00377
1774.17558,0.00382
1773.21135,0.00380
1772.24712,0.00372
1771.28290,0.00361
1770.31867,0.00356
1769.35445,0.00363
1768.39022,0.00376
1767.42599,0.00386
1766.46177,0.00383
1765.49754,0.00366
1764.53332,0.00344
1763.56909,0.00324
1762.60487,0.00313
1761.64064,0.00314
1760.67641,0.00328
1759.71219,0.00358
1758.74796,0.00397
1757.78374,0.00429
1756.81951,0.00438
1755.85528,0.00423
1754.89106,0.00400
1753.92683,0.00391
1752.96261,0.00401
1751.99838,0.00420
1751.03415,0.00431
1750.06993,0.00431
1749.10570,0.00431
1748.14148,0.00444
1747.17725,0.00469
1746.21303,0.00496
1745.24880,0.00516
1744.28457,0.00523
1743.32035,0.00515
1742.35612,0.00492
1741.39190,0.00456
1740.42767,0.00416
1739.46344,0.00387
1738.49922,0.00379
1737.53499,0.00395
1736.57077,0.00430
1735.60654,0.00471
1734.64232,0.00506
1733.67809,0.00528
1732.71386,0.00539
1731.74964,0.00546
1730.78541,0.00554
1729.82119,0.00561
1728.85696,0.00562
1727.89273,0.00553
1726.92851,0.00538
1725.96428,0.00518
1725.00006,0.00494
1724.03583,0.00471
1723.07160,0.00460
1722.10738,0.00475
1721.14315,0.00518
1720.17893,0.00572
1719.21470,0.00612
1718.25048,0.00622
1717.28625,0.00608
1716.32202,0.00590
1715.35780,0.00585
1714.39357,0.00591
1713.42935,0.00601
1712.46512,0.00607
1711.50089,0.00606
1710.53667,0.00605
1709.57244,0.00610
1708.60822,0.00625
1707.64399,0.00651
1706.67977,0.00683
1705.71554,0.00717
1704.75131,0.00748
1703.78709,0.00774
1702.82286,0.00790
1701.85864,0.00792
1700.89441,0.00781
1699.93018,0.00764
1698.96596,0.00755
1698.00173,0.00761
1697.03751,0.00778
1696.07328,0.00796
1695.10906,0.00808
1694.14483,0.00813
1693.18060,0.00820
1692.21638,0.00833
1691.25215,0.00855
1690.28793,0.00881
1689.32370,0.00906
1688.35947,0.00927
1687.39525,0.00944
1686.43102,0.00960
1685.46680,0.00972
1684.50257,0.00978
1683.53834,0.00978
1682.57412,0.00976
1681.60989,0.00978
1680.64567,0.00985
1679.68144,0.00992
1678.71722,0.00996
1677.75299,0.01002
1676.78876,0.01012
1675.82454,0.01027
1674.86031,0.01037
1673.89609,0.01037
1672.93186,0.01033
1671.96763,0.01038
1671.00341,0.01064
1670.03918,0.01108
1669.07496,0.01158
1668.11073,0.01192
1667.14651,0.01200
1666.18228,0.01184
1665.21805,0.01160
1664.25383,0.01149
1663.28960,0.01163
1662.32538,0.01197
1661.36115,0.01234
1660.39692,0.01257
1659.43270,0.01262
1658.46847,0.01257
1657.50425,0.01251
1656.54002,0.01247
1655.57579,0.01246
1654.61157,0.01246
1653.64734,0.01249
1652.68312,0.01251
1651.71889,0.01248
1650.75467,0.01241
1649.79044,0.01236
1648.82621,0.01242
1647.86199,0.01257
1646.89776,0.01272
1645.93354,0.01275
1644.96931,0.01259
1644.00508,0.01227
1643.04086,0.01190
1642.07663,0.01162
1641.11241,0.01153
1640.14818,0.01159
1639.18396,0.01167
1638.21973,0.01167
1637.25550,0.01161
1636.29128,0.01157
1635.32705,0.01156
1634.36283,0.01151
1633.39860,0.01132
1632.43437,0.01106
1631.47015,0.01088
1630.50592,0.01086
1629.54170,0.01096
1628.57747,0.01103
1627.61325,0.01099
1626.64902,0.01088
1625.68479,0.01080
1624.72057,0.01081
1623.75634,0.01085
1622.79212,0.01088
1621.82789,0.01085
1620.86366,0.01077
1619.89944,0.01063
1618.93521,0.01040
1617.97099,0.01008
1617.00676,0.00972
1616.04253,0.00943
1615.07831,0.00929
1614.11408,0.00931
1613.14986,0.00936
1612.18563,0.00928
1611.22141,0.00897
1610.25718,0.00846
1609.29295,0.00793
1608.32873,0.00750
1607.36450,0.00721
1606.40028,0.00704
1605.43605,0.00693
1604.47182,0.00687
1603.50760,0.00687
1602.54337,0.00691
1601.57915,0.00702
1600.61492,0.00721
1599.65070,0.00750
1598.68647,0.00781
1597.72224,0.00802
1596.75802,0.00803
1595.79379,0.00787
1594.82957,0.00769
1593.86534,0.00760
1592.90111,0.00762
1591.93689,0.00768
1590.97266,0.00765
1590.00844,0.00748
1589.04421,0.00716
1588.07999,0.00676
1587.11576,0.00638
1586.15153,0.00615
1585.18731,0.00613
1584.22308,0.00631
1583.25886,0.00662
1582.29463,0.00695
1581.33040,0.00721
1580.36618,0.00733
1579.40195,0.00729
1578.43773,0.00708
1577.47350,0.00674
1576.50927,0.00633
1575.54505,0.00592
1574.58082,0.00562
1573.61660,0.00551
1572.65237,0.00561
1571.68815,0.00585
1570.72392,0.00611
1569.75969,0.00630
1568.79547,0.00633
1567.83124,0.00618
1566.86702,0.00586
1565.90279,0.00548
1564.93856,0.00518
1563.97434,0.00508
1563.01011,0.00515
1562.04589,0.00526
1561.08166,0.00533
1560.11744,0.00539
1559.15321,0.00549
1558.18898,0.00554
1557.22476,0.00538
1556.26053,0.00500
1555.29631,0.00459
1554.33208,0.00443
1553.36785,0.00463
1552.40363,0.00505
1551.43940,0.00541
1550.47518,0.00555
1549.51095,0.00546
1548.54672,0.00526
1547.58250,0.00511
1546.61827,0.00514
1545.65405,0.00535
1544.68982,0.00556
1543.72560,0.00551
1542.76137,0.00513
1541.79714,0.00464
1540.83292,0.00438
1539.86869,0.00449
1538.90447,0.00477
1537.94024,0.00492
1536.97601,0.00492
1536.01179,0.00497
1535.04756,0.00525
1534.08334,0.00563
1533.11911,0.00583
1532.15489,0.00570
1531.19066,0.00534
1530.22643,0.00499
1529.26221,0.00479
1528.29798,0.00471
1527.33376,0.00469
1526.36953,0.00468
1525.40530,0.00464
1524.44108,0.00458
1523.47685,0.00452
1522.51263,0.00448
1521.54840,0.00448
1520.58418,0.00447
1519.61995,0.00443
1518.65572,0.00440
1517.69150,0.00448
1516.72727,0.00466
1515.76305,0.00482
1514.79882,0.00481
1513.83459,0.00458
1512.87037,0.00429
1511.90614,0.00410
1510.94192,0.00410
1509.97769,0.00426
1509.01346,0.00453
1508.04924,0.00480
1507.08501,0.00497
1506.12079,0.00493
1505.15656,0.00472
1504.19234,0.00449
1503.22811,0.00439
1502.26388,0.00442
1501.29966,0.00439
1500.33543,0.00419
1499.37121,0.00390
1498.40698,0.00371
1497.44275,0.00378
1496.47853,0.00407
1495.51430,0.00442
1494.55008,0.00466
1493.58585,0.00467
1492.62163,0.00445
1491.65740,0.00414
1490.69317,0.00398
1489.72895,0.00418
1488.76472,0.00472
1487.80050,0.00528
1486.83627,0.00547
1485.87204,0.00517
1484.90782,0.00460
1483.94359,0.00407
1482.97937,0.00374
1482.01514,0.00356
1481.05092,0.00346
1480.08669,0.00348
1479.12246,0.00368
1478.15824,0.00397
1477.19401,0.00419
1476.22979,0.00422
1475.26556,0.00412
1474.30133,0.00402
1473.33711,0.00397
1472.37288,0.00397
1471.40866,0.00401
1470.44443,0.00407
1469.48020,0.00410
1468.51598,0.00401
1467.55175,0.00386
1466.58753,0.00382
1465.62330,0.00401
1464.65908,0.00428
1463.69485,0.00427
1462.73062,0.00389
1461.76640,0.00346
1460.80217,0.00340
1459.83795,0.00369
1458.87372,0.00384
1457.90949,0.00340
1456.94527,0.00241
1455.98104,0.00141
1455.01682,0.00091
1454.05259,0.00098
1453.08837,0.00141
1452.12414,0.00201
1451.15991,0.00262
1450.19569,0.00303
1449.23146,0.00303
1448.26724,0.00263
1447.30301,0.00220
1446.33878,0.00211
1445.37456,0.00238
1444.41033,0.00271
1443.44611,0.00286
1442.48188,0.00287
1441.51765,0.00300
1440.55343,0.00334
1439.58920,0.00377
1438.62498,0.00406
1437.66075,0.00414
1436.69653,0.00412
1435.73230,0.00416
1434.76807,0.00438
1433.80385,0.00479
1432.83962,0.00529
1431.87540,0.00570
1430.91117,0.00583
1429.94694,0.00562
1428.98272,0.00513
1428.01849,0.00459
1427.05427,0.00419
1426.09004,0.00396
1425.12582,0.00385
1424.16159,0.00381
1423.19736,0.00391
1422.23314,0.00428
1421.26891,0.00493
1420.30469,0.00566
1419.34046,0.00611
1418.37623,0.00601
1417.41201,0.00534
1416.44778,0.00442
1415.48356,0.00365
1414.51933,0.00329
1413.55511,0.00338
1412.59088,0.00377
1411.62665,0.00427
1410.66243,0.00468
1409.69820,0.00493
1408.73398,0.00503
1407.76975,0.00500
1406.80552,0.00483
1405.84130,0.00447
1404.87707,0.00396
1403.91285,0.00351
1402.94862,0.00337
1401.98439,0.00367
1401.02017,0.00425
1400.05594,0.00483
1399.09172,0.00515
1398.12749,0.00511
1397.16327,0.00473
1396.19904,0.00412
1395.23481,0.00345
1394.27059,0.00290
1393.30636,0.00259
1392.34214,0.00258
1391.37791,0.00285
1390.41368,0.00342
1389.44946,0.00423
1388.48523,0.00508
1387.52101,0.00564
1386.55678,0.00569
1385.59256,0.00534
1384.62833,0.00486
1383.66410,0.00448
1382.69988,0.00420
1381.73565,0.00397
1380.77143,0.00388
1379.80720,0.00402
1378.84297,0.00432
1377.87875,0.00454
1376.91452,0.00449
1375.95030,0.00427
1374.98607,0.00408
1374.02184,0.00402
1373.05762,0.00403
1372.09339,0.00402
1371.12917,0.00403
1370.16494,0.00407
1369.20072,0.00408
1368.23649,0.00391
1367.27226,0.00351
1366.30804,0.00299
1365.34381,0.00251
1364.37959,0.00222
1363.41536,0.00225
1362.45113,0.00270
1361.48691,0.00346
1360.52268,0.00422
1359.55846,0.00458
1358.59423,0.00447
1357.63001,0.00413
1356.66578,0.00391
1355.70155,0.00387
1354.73733,0.00381
1353.77310,0.00359
1352.80888,0.00333
1351.84465,0.00323
1350.88042,0.00338
1349.91620,0.00364
1348.95197,0.00383
1347.98775,0.00384
1347.02352,0.00368
1346.05930,0.00347
1345.09507,0.00342
1344.13084,0.00366
1343.16662,0.00413
1342.20239,0.00454
1341.23817,0.00461
1340.27394,0.00438
1339.30971,0.00414
1338.34549,0.00416
1337.38126,0.00438
1336.41704,0.00450
1335.45281,0.00433
1334.48858,0.00392
1333.52436,0.00346
1332.56013,0.00315
1331.59591,0.00314
1330.63168,0.00352
1329.66746,0.00419
1328.70323,0.00477
1327.73900,0.00476
1326.77478,0.00402
1325.81055,0.00292
1324.84633,0.00210
1323.88210,0.00195
1322.91787,0.00238
1321.95365,0.00299
1320.98942,0.00335
1320.02520,0.00325
1319.06097,0.00275
1318.09675,0.00215
1317.13252,0.00183
1316.16829,0.00201
1315.20407,0.00261
1314.23984,0.00333
1313.27562,0.00393
1312.31139,0.00431
1311.34716,0.00438
1310.38294,0.00409
1309.41871,0.00349
1308.45449,0.00292
1307.49026,0.00275
1306.52604,0.00299
1305.56181,0.00333
1304.59758,0.00345
1303.63336,0.00342
1302.66913,0.00351
1301.70491,0.00377
1300.74068,0.00396
1299.77645,0.00384
1298.81223,0.00341
1297.84800,0.00280
1296.88378,0.00198
1295.91955,0.00096
1294.95532,0.00008
1293.99110,-0.00009
1293.02687,0.00071
1292.06265,0.00209
1291.09842,0.00335
1290.13420,0.00415
1289.16997,0.00464
1288.20574,0.00503
1287.24152,0.00522
1286.27729,0.00499
1285.31307,0.00452
1284.34884,0.00427
1283.38461,0.00452
1282.42039,0.00497
1281.45616,0.00513
1280.49194,0.00480
1279.52771,0.00422
1278.56349,0.00364
1277.59926,0.00303
1276.63503,0.00225
1275.67081,0.00137
1274.70658,0.00076
1273.74236,0.00070
1272.77813,0.00117
1271.81390,0.00190
1270.84968,0.00259
1269.88545,0.00314
1268.92123,0.00358
1267.95700,0.00392
1266.99277,0.00407
1266.02855,0.00392
1265.06432,0.00345
1264.10010,0.00290
1263.13587,0.00264
1262.17165,0.00286
1261.20742,0.00336
1260.24319,0.00365
1259.27897,0.00349
1258.31474,0.00310
1257.35052,0.00292
1256.38629,0.00310
1255.42206,0.00334
1254.45784,0.00329
1253.49361,0.00296
1252.52939,0.00266
1251.56516,0.00256
1250.60094,0.00253
1249.63671,0.00241
1248.67248,0.00230
1247.70826,0.00247
1246.74403,0.00297
1245.77981,0.00351
1244.81558,0.00371
1243.85135,0.00353
1242.88713,0.00322
1241.92290,0.00303
1240.95868,0.00299
1239.99445,0.00297
1239.03023,0.00286
1238.06600,0.00255
1237.10177,0.00201
1236.13755,0.00133
1235.17332,0.00080
1234.20910,0.00080
1233.24487,0.00141
1232.28064,0.00229
1231.31642,0.00290
1230.35219,0.00297
1229.38797,0.00261
1228.42374,0.00213
1227.45951,0.00174
1226.49529,0.00145
1225.53106,0.00123
1224.56684,0.00113
1223.60261,0.00124
1222.63839,0.00154
1221.67416,0.00197
1220.70993,0.00246
1219.74571,0.00304
1218.78148,0.00375
1217.81726,0.00460
1216.85303,0.00548
1215.88880,0.00613
1214.92458,0.00630
1213.96035,0.00585
1212.99613,0.00497
1212.03190,0.00404
1211.06768,0.00341
1210.10345,0.00314
1209.13922,0.00306
1208.17500,0.00297
1207.21077,0.00284
1206.24655,0.00275
1205.28232,0.00273
1204.31809,0.00268
1203.35387,0.00245
1202.38964,0.00196
1201.42542,0.00123
1200.46119,0.00045
1199.49697,0.00000
1198.53274,0.00033
1197.56851,0.00160
1196.60429,0.00338
1195.64006,0.00484
1194.67584,0.00528
1193.71161,0.00459
1192.74738,0.00328
1191.78316,0.00204
1190.81893,0.00129
1189.85471,0.00118
1188.89048,0.00161
1187.92625,0.00236
1186.96203,0.00307
1185.99780,0.00338
1185.03358,0.00320
1184.06935,0.00284
1183.10513,0.00270
1182.14090,0.00291
1181.17667,0.00320
1180.21245,0.00331
1179.24822,0.00331
1178.28400,0.00354
1177.31977,0.00418
1176.35554,0.00484
1175.39132,0.00480
1174.42709,0.00371
1173.46287,0.00194
1172.49864,0.00044
1171.53442,-0.00001
1170.57019,0.00057
1169.60596,0.00148
1168.64174,0.00198
1167.67751,0.00194
1166.71329,0.00183
1165.74906,0.00216
1164.78483,0.00301
1163.82061,0.00401
1162.85638,0.00482
1161.89216,0.00535
1160.92793,0.00566
1159.96370,0.00572
1158.99948,0.00545
1158.03525,0.00492
1157.07103,0.00444
1156.10680,0.00425
1155.14258,0.00418
1154.17835,0.00381
1153.21412,0.00285
1152.24990,0.00153
1151.28567,0.00050
1150.32145,0.00040
1149.35722,0.00146
1148.39299,0.00328
1147.42877,0.00499
1146.46454,0.00561
1145.50032,0.00462
1144.53609,0.00236
1143.57187,-0.00018
1142.60764,-0.00206
1141.64341,-0.00300
1140.67919,-0.00328
1139.71496,-0.00314
1138.75074,-0.00248
1137.78651,-0.00110
1136.82228,0.00068
1135.85806,0.00207
1134.89383,0.00235
1133.92961,0.00158
1132.96538,0.00051
1132.00116,-0.00002
1131.03693,0.00023
1130.07270,0.00098
1129.10848,0.00175
1128.14425,0.00229
1127.18003,0.00269
1126.21580,0.00317
1125.25157,0.00379
1124.28735,0.00432
1123.32312,0.00436
1122.35890,0.00354
1121.39467,0.00194
1120.43044,0.00020
1119.46622,-0.00071
1118.50199,-0.00008
1117.53777,0.00197
1116.57354,0.00441
1115.60932,0.00591
1114.64509,0.00563
1113.68086,0.00374
1112.71664,0.00116
1111.75241,-0.00096
1110.78819,-0.00176
1109.82396,-0.00091
1108.85973,0.00136
1107.89551,0.00416
1106.93128,0.00607
1105.96706,0.00586
1105.00283,0.00354
1104.03861,0.00058
1103.07438,-0.00107
1102.11015,-0.00056
1101.14593,0.00109
1100.18170,0.00196
1099.21748,0.00098
1098.25325,-0.00121
1097.28902,-0.00291
1096.32480,-0.00287
1095.36057,-0.00113
1094.39635,0.00129
1093.43212,0.00325
1092.46790,0.00420
1091.50367,0.00427
1090.53944,0.00386
1089.57522,0.00322
1088.61099,0.00239
1087.64677,0.00137
1086.68254,0.00044
1085.71831,0.00010
1084.75409,0.00067
1083.78986,0.00194
1082.82564,0.00315
1081.86141,0.00355
1080.89718,0.00284
1079.93296,0.00134
1078.96873,-0.00026
1078.00451,-0.00121
1077.04028,-0.00090
1076.07606,0.00082
1075.11183,0.00343
1074.14760,0.00591
1073.18338,0.00740
1072.21915,0.00774
1071.25493,0.00730
1070.29070,0.00644
1069.32647,0.00519
1068.36225,0.00354
1067.39802,0.00193
1066.43380,0.00114
1065.46957,0.00162
1064.50535,0.00306
1063.54112,0.00458
1062.57689,0.00545
1061.61267,0.00555
1060.64844,0.00518
1059.68422,0.00463
1058.71999,0.00402
1057.75576,0.00331
1056.79154,0.00253
1055.82731,0.00176
1054.86309,0.00121
1053.89886,0.00104
1052.93463,0.00130
1051.97041,0.00176
1051.00618,0.00218
1050.04196,0.00255
1049.07773,0.00309
1048.11351,0.00391
1047.14928,0.00466
1046.18505,0.00475
1045.22083,0.00401
1044.25660,0.00301
1043.29238,0.00255
1042.32815,0.00288
1041.36392,0.00352
1040.39970,0.00394
1039.43547,0.00410
1038.47125,0.00432
1037.50702,0.00463
1036.54280,0.00450
1035.57857,0.00353
1034.61434,0.00208
1033.65012,0.00116
1032.68589,0.00153
1031.72167,0.00296
1030.75744,0.00454
1029.79321,0.00561
1028.82899,0.00619
1027.86476,0.00668
1026.90054,0.00712
1025.93631,0.00707
1024.97209,0.00621
1024.00786,0.00482
1023.04363,0.00368
1022.07941,0.00335
1021.11518,0.00374
1020.15096,0.00425
1019.18673,0.00439
1018.22250,0.00413
1017.25828,0.00364
1016.29405,0.00295
1015.32983,0.00186
1014.36560,0.00037
1013.40137,-0.00107
1012.43715,-0.00174
1011.47292,-0.00120
1010.50870,0.00025
1009.54447,0.00183
1008.58025,0.00276
1007.61602,0.00271
1006.65179,0.00183
1005.68757,0.00064
1004.72334,-0.00022
1003.75912,-0.00029
1002.79489,0.00051
1001.83066,0.00175
1000.86644,0.00276
999.90221,0.00305
998.93799,0.00254
997.97376,0.00150
997.00954,0.00031
996.04531,-0.00065
995.08108,-0.00110
994.11686,-0.00099
993.15263,-0.00058
992.18841,-0.00038
991.22418,-0.00076
990.25995,-0.00174
989.29573,-0.00296
988.33150,-0.00384
987.36728,-0.00393
986.40305,-0.00313
985.43882,-0.00182
984.47460,-0.00083
983.51037,-0.00086
982.54615,-0.00178
981.58192,-0.00249
980.61770,-0.00165
979.65347,0.00113
978.68924,0.00491
977.72502,0.00809
976.76079,0.00952
975.79657,0.00888
974.83234,0.00653
973.86811,0.00331
972.90389,0.00053
971.93966,-0.00048
970.97544,0.00064
970.01121,0.00281
969.04699,0.00408
968.08276,0.00326
967.11853,0.00079
966.15431,-0.00173
965.19008,-0.00296
964.22586,-0.00277
963.26163,-0.00189
962.29740,-0.00120
961.33318,-0.00120
960.36895,-0.00188
959.40473,-0.00270
958.44050,-0.00291
957.47628,-0.00227
956.51205,-0.00136
955.54782,-0.00114
954.58360,-0.00191
953.61937,-0.00304
952.65515,-0.00384
951.69092,-0.00453
950.72669,-0.00588
949.76247,-0.00793
948.79824,-0.00946
947.83402,-0.00910
946.86979,-0.00683
945.90556,-0.00404
944.94134,-0.00220
943.97711,-0.00155
943.01289,-0.00132
942.04866,-0.00083
941.08444,-0.00010
940.12021,0.00052
939.15598,0.00079
938.19176,0.00050
937.22753,-0.00063
936.26331,-0.00241
935.29908,-0.00361
934.33485,-0.00251
933.37063,0.00141
932.40640,0.00635
931.44218,0.00926
930.47795,0.00828
929.51373,0.00416
928.54950,-0.00044
927.58527,-0.00310
926.62105,-0.00317
925.65682,-0.00179
924.69260,-0.00073
923.72837,-0.00098
922.76414,-0.00225
921.79992,-0.00341
920.83569,-0.00364
919.87147,-0.00316
918.90724,-0.00280
917.94302,-0.00295
916.97879,-0.00299
916.01456,-0.00227
915.05034,-0.00121
914.08611,-0.00117
913.12189,-0.00283
912.15766,-0.00507
911.19343,-0.00601
910.22921,-0.00503
909.26498,-0.00341
908.30076,-0.00279
907.33653,-0.00323
906.37230,-0.00341
905.40808,-0.00239
904.44385,-0.00072
903.47963,0.00044
902.51540,0.00082
901.55118,0.00118
900.58695,0.00198
899.62272,0.00259
898.65850,0.00211
897.69427,0.00064
896.73005,-0.00069
895.76582,-0.00092
894.80159,-0.00018
893.83737,0.00084
892.87314,0.00189
891.90892,0.00317
890.94469,0.00459
889.98047,0.00538
889.01624,0.00465
888.05201,0.00222
887.08779,-0.00134
886.12356,-0.00516
885.15934,-0.00831
884.19511,-0.00973
883.23088,-0.00864
882.26666,-0.00542
881.30243,-0.00200
880.33821,-0.00056
879.37398,-0.00149
878.40975,-0.00288
877.44553,-0.00230
876.48130,0.00073
875.51708,0.00436
874.55285,0.00639
873.58863,0.00630
872.62440,0.00513
871.66017,0.00374
870.69595,0.00188
869.73172,-0.00088
868.76750,-0.00391
867.80327,-0.00578
866.83904,-0.00578
865.87482,-0.00498
864.91059,-0.00527
863.94637,-0.00746
862.98214,-0.01042
862.01792,-0.01193
861.05369,-0.01046
860.08946,-0.00615
859.12524,-0.00055
858.16101,0.00434
857.19679,0.00685
856.23256,0.00627
855.26833,0.00316
854.30411,-0.00087
853.33988,-0.00395
852.37566,-0.00506
851.41143,-0.00450
850.44721,-0.00354
849.48298,-0.00336
848.51875,-0.00413
847.55453,-0.00496
846.59030,-0.00466
845.62608,-0.00284
844.66185,-0.00014
843.69762,0.00242
842.73340,0.00432
841.76917,0.00561
840.80495,0.00634
839.84072,0.00590
838.87649,0.00349
837.91227,-0.00097
836.94804,-0.00627
835.98382,-0.01052
835.01959,-0.01234
834.05537,-0.01132
833.09114,-0.00777
832.12691,-0.00256
831.16269,0.00271
830.19846,0.00596
829.23424,0.00598
828.27001,0.00363
827.30578,0.00135
826.34156,0.00099
825.37733,0.00210
824.41311,0.00272
823.44888,0.00166
822.48466,-0.00013
821.52043,-0.00047
820.55620,0.00178
819.59198,0.00555
818.62775,0.00838
817.66353,0.00832
816.69930,0.00526
815.73507,0.00118
814.77085,-0.00091
813.80662,0.00089
812.84240,0.00577
811.87817,0.01067
810.91395,0.01249
809.94972,0.01031
808.98549,0.00571
808.02127,0.00100
807.05704,-0.00248
806.09282,-0.00456
805.12859,-0.00523
804.16436,-0.00423
803.20014,-0.00162
802.23591,0.00158
801.27169,0.00396
800.30746,0.00479
799.34323,0.00438
798.37901,0.00352
797.41478,0.00299
796.45056,0.00350
795.48633,0.00560
794.52211,0.00901
793.55788,0.01231
792.59365,0.01361
791.62943,0.01208
790.66520,0.00873
789.70098,0.00554
788.73675,0.00382
787.77252,0.00329
786.80830,0.00289
785.84407,0.00199
784.87985,0.00084
783.91562,-0.00009
782.95140,-0.00091
781.98717,-0.00227
781.02294,-0.00460
780.05872,-0.00731
779.09449,-0.00897
778.13027,-0.00824
777.16604,-0.00488
776.20181,-0.00016
775.23759,0.00378
774.27336,0.00523
773.30914,0.00401
772.34491,0.00152
771.38068,-0.00007
770.41646,0.00110
769.45223,0.00543
768.48801,0.01120
767.52378,0.01521
766.55956,0.01477
765.59533,0.00974
764.63110,0.00281
763.66688,-0.00228
762.70265,-0.00322
761.73843,-0.00061
760.77420,0.00284
759.80997,0.00438
758.84575,0.00309
757.88152,0.00017
756.91730,-0.00213
755.95307,-0.00208
754.98885,0.00031
754.02462,0.00335
753.06039,0.00501
752.09617,0.00440
751.13194,0.00214
750.16772,-0.00045
749.20349,-0.00245
748.23926,-0.00369
747.27504,-0.00422
746.31081,-0.00400
745.34659,-0.00301
744.38236,-0.00156
743.41814,-0.00016
742.45391,0.00080
741.48968,0.00115
740.52546,0.00080
739.56123,-0.00014
738.59701,-0.00126
737.63278,-0.00195
736.66855,-0.00207
735.70433,-0.00213
734.74010,-0.00262
733.77588,-0.00320
732.81165,-0.00297
731.84742,-0.00173
730.88320,-0.00050
729.91897,-0.00019
728.95475,-0.00019
727.99052,0.00103
727.02630,0.00358
726.06207,0.00507
725.09784,0.00267
724.13362,-0.00346
723.16939,-0.00956
722.20517,-0.01126
721.24094,-0.00741
720.27671,-0.00084
719.31249,0.00452
718.34826,0.00684
717.38404,0.00701
716.41981,0.00684
715.45559,0.00720
714.49136,0.00759
713.52713,0.00718
712.56291,0.00590
711.59868,0.00454
710.63446,0.00400
709.67023,0.00447
708.70600,0.00526
707.74178,0.00556
706.77755,0.00527
705.81333,0.00518
704.84910,0.00609
703.88487,0.00788
702.92065,0.00960
701.95642,0.01033
700.99220,0.00996
700.02797,0.00882
699.06375,0.00710
698.09952,0.00488
697.13529,0.00267
696.17107,0.00151
695.20684,0.00220
694.24262,0.00424
693.27839,0.00607
692.31416,0.00648
691.34994,0.00552
690.38571,0.00401
689.42149,0.00248
688.45726,0.00097
687.49304,-0.00033
686.52881,-0.00080
685.56458,-0.00011
684.60036,0.00099
683.63613,0.00128
682.67191,0.00043
681.70768,-0.00039
680.74345,0.00035
679.77923,0.00289
678.81500,0.00595
677.85078,0.00801
676.88655,0.00874
675.92233,0.00894
674.95810,0.00928
673.99387,0.00948
673.02965,0.00896
672.06542,0.00792
671.10120,0.00745
670.13697,0.00836
669.17274,0.00997
668.20852,0.01014
667.24429,0.00694
666.28007,0.00078
665.31584,-0.00568
664.35161,-0.00951
663.38739,-0.00900
662.42316,-0.00421
661.45894,0.00274
660.49471,0.00868
659.53049,0.01143
658.56626,0.01119
657.60203,0.00984
656.63781,0.00885
655.67358,0.00772
654.70936,0.00504
653.74513,0.00076
652.78090,-0.00294
651.81668,-0.00365
650.85245,-0.00131
649.88823,0.00199
648.92400,0.00437
647.95978,0.00595
646.99555,0.00755
646.03132,0.00853
645.06710,0.00723
644.10287,0.00349
643.13865,-0.00018
642.17442,-0.00082
641.21019,0.00191
640.24597,0.00546
639.28174,0.00741
638.31752,0.00785
637.35329,0.00830
636.38907,0.00910
635.42484,0.00911
634.46061,0.00797
633.49639,0.00752
632.53216,0.01004
631.56794,0.01535
630.60371,0.02028
629.63948,0.02119
628.67526,0.01643
627.71103,0.00744
626.74681,-0.00177
625.78258,-0.00629
624.81835,-0.00312
623.85413,0.00610
622.88990,0.01510
621.92568,0.01766
620.96145,0.01311
619.99723,0.00655
619.03300,0.00330
618.06877,0.00406
617.10455,0.00610
616.14032,0.00796
615.17610,0.01072
614.21187,0.01453
613.24764,0.01624
612.28342,0.01253
611.31919,0.00451
610.35497,-0.00254
609.39074,-0.00480
608.42652,-0.00339
607.46229,-0.00149
606.49806,0.00035
605.53384,0.00362
604.56961,0.00777
603.60539,0.00936
602.64116,0.00657
601.67693,0.00242
600.71271,0.00147
599.74848,0.00382
598.78426,0.00570
597.82003,0.00513
596.85580,0.00417
595.89158,0.00490
594.92735,0.00466
593.96313,-0.00085
592.99890,-0.00992
592.03468,-0.01405
591.07045,-0.00651
590.10622,0.00954
589.14200,0.02403
588.17777,0.03032
587.21355,0.03130
586.24932,0.03295
585.28509,0.03546
584.32087,0.03289
583.35664,0.02166
582.39242,0.00726
581.42819,0.00018
580.46397,0.00608
579.49974,0.01989
578.53551,0.02982
577.57129,0.02821
576.60706,0.01867
575.64284,0.01223
574.67861,0.01676
573.71438,0.03052
572.75016,0.04437
571.78593,0.05090
570.82171,0.05217
569.85748,0.05665
568.89326,0.06816
567.92903,0.08163
566.96480,0.08816
566.00058,0.08454
565.03635,0.07578
564.07213,0.06680
563.10790,0.05569
562.14367,0.03893
561.17945,0.01964
560.21522,0.00871
559.25100,0.01572
558.28677,0.04056
557.32254,0.07032
556.35832,0.08326
555.39409,0.06402
554.42987,0.02141
553.46564,-0.01857
552.50142,-0.03202
551.53719,-0.01146
550.57296,0.02953
549.60874,0.06778
548.64451,0.08640
547.68029,0.08530
546.71606,0.06986
545.75183,0.04139
544.78761,0.00690
543.82338,-0.01320
542.85916,0.00469
541.89493,0.05135
540.93071,0.07742
539.96648,0.05539
539.00225,0.00210
538.03803,-0.02704
537.07380,0.00330
536.10958,0.07130
535.14535,0.14214
534.18112,0.19907
533.21690,0.24403
532.25267,0.26581
531.28845,0.23056
530.32422,0.14192
529.36000,0.05419
528.39577,0.00349
527.43154,-0.00103
526.46732,0.02581
525.50309,0.08115
524.53887,0.21980
523.57464,0.61780
522.61041,6.00000
521.64619,6.00000
520.68196,6.00000
519.71774,1.05344
518.75351,0.76231
517.78928,0.60430
516.82506,0.50533
515.86083,0.47772
514.89661,0.49735
513.93238,0.52633
512.96816,0.50702
512.00393,0.39838
511.03970,0.24564
510.07548,0.11581
509.11125,0.04616
508.14703,0.06112
507.18280,0.17317
506.21857,0.34465
505.25435,0.44603
504.29012,0.38445
503.32590,0.26463
502.36167,0.18093
501.39745,0.14939
500.43322,0.12039
499.46899,0.05433
498.50477,-0.04654
497.54054,-0.14028
496.57632,-0.19477
495.61209,-0.18643
494.64786,-0.12844
493.68364,-0.05547
492.71941,-0.00281
491.75519,0.02711
490.79096,0.05000
489.82673,0.06193
488.86251,0.05690
487.89828,0.04113
486.93406,0.02248
485.96983,-0.00255
485.00561,-0.03608
484.04138,-0.06828
483.07715,-0.08254
482.11293,-0.07346
481.14870,-0.05874
480.18448,-0.06189
479.22025,-0.07347
478.25602,-0.06695
477.29180,-0.03333
476.32757,0.01685
475.36335,0.06315
474.39912,0.06550
473.43490,-0.01552
472.47067,-0.15027
471.50644,-0.26822
470.54222,-0.32452
469.57799,-0.30695
468.61377,-0.21245
467.64954,-0.06376
466.68531,0.06547
465.72109,0.08955
464.75686,0.03674
463.79264,-0.01986
462.82841,-0.04057
461.86419,-0.02777
460.89996,-0.01388
459.93573,-0.01989
458.97151,-0.02274
458.00728,0.00773
457.04306,0.06162
456.07883,0.08808
455.11460,0.07940
454.15038,0.08313
453.18615,0.07175
452.22193,0.02873
451.25770,-0.02065
450.29347,-0.02506
449.32925,0.01765
448.36502,0.08032
447.40080,0.10623
446.43657,0.01929
445.47235,-0.14491
444.50812,-0.21012
443.54389,-0.09636
442.57967,0.04792
441.61544,0.09993
440.65122,0.02736
439.68699,-0.10364
438.72276,-0.17869
437.75854,-0.12097
436.79431,0.02904
435.83009,0.17441
434.86586,0.27502
433.90164,0.35437
432.93741,0.41381
431.97318,0.40329
431.00896,0.29166
430.04473,0.10475
429.08051,-0.12961
428.11628,-0.37730
427.15205,-0.47862
426.18783,-0.28594
425.22360,-0.07741
424.25938,0.01206
423.29515,-0.00184
422.33092,-0.04837
421.36670,-0.08194
420.40247,-0.08628
419.43825,-0.09059
418.47402,-0.12237
417.50980,-0.18085
416.54557,-0.21272
415.58134,-0.14090
414.61712,0.03604
413.65289,0.16676
412.68867,0.08817
411.72444,-0.14812
410.76021,-0.39661
409.79599,-0.53533
408.83176,-0.49611
407.86754,-0.36538
406.90331,-0.24362
405.93909,-0.15948
404.97486,-0.10193
404.01063,-0.08014
403.04641,-0.08620
402.08218,-0.12436
401.11796,-0.19042
400.15373,-0.23805
399.18950,-0.21657
398.22528,-0.14110
397.26105,-0.05971
396.29683,0.01623
395.33260,0.12567
394.36838,0.30598
393.40415,0.52109
392.43992,0.57966
391.47570,0.47759
390.51147,0.38167
389.54725,0.35255
388.58302,0.42588
387.61879,0.41551
386.65457,0.22558
385.69034,0.00568
384.72612,-0.06687
383.76189,0.11085
382.79766,0.50221
381.83344,0.75265
380.86921,0.55518
379.90499,0.23927
378.94076,0.08235
377.97654,0.06397
377.01231,0.10723
376.04808,0.13739
375.08386,0.12784
374.11963,0.10566
373.15541,0.09747
372.19118,0.11917
371.22695,0.17860
370.26273,0.26768
369.29850,0.36399
368.33428,0.38206
367.37005,0.27300
366.40583,0.06182
365.44160,-0.19545
364.47737,-0.44232
363.51315,-0.53662
362.54892,-0.44111
361.58470,-0.43180
360.62047,-0.39019
359.65624,-0.33753
358.69202,-0.30910
357.72779,-0.29215
356.76357,-0.26444
355.79934,-0.24190
354.83512,-0.24951
353.87089,-0.29669
352.90666,-0.30815
351.94244,-0.21283
350.97821,-0.02655
350.01399,0.18981
349.04976,0.32224
