3946.57643,-0.00254
3945.61220,-0.00249
3944.64798,-0.00207
3943.68375,-0.00120
3942.71953,-0.00025
3941.75530,0.00019
3940.79107,-0.00011
3939.82685,-0.00077
3938.86262,-0.00114
3937.89840,-0.00093
3936.93417,-0.00043
3935.96994,-0.00022
3935.00572,-0.00064
3934.04149,-0.00154
3933.07727,-0.00245
3932.11304,-0.00288
3931.14882,-0.00261
3930.18459,-0.00185
3929.22036,-0.00113
3928.25614,-0.00093
3927.29191,-0.00134
3926.32769,-0.00197
3925.36346,-0.00237
3924.39923,-0.00249
3923.43501,-0.00272
3922.47078,-0.00334
3921.50656,-0.00409
3920.54233,-0.00437
3919.57811,-0.00397
3918.61388,-0.00330
3917.64965,-0.00301
3916.68543,-0.00324
3915.72120,-0.00358
3914.75698,-0.00361
3913.79275,-0.00340
3912.82852,-0.00328
3911.86430,-0.00329
3910.90007,-0.00302
3909.93585,-0.00211
3908.97162,-0.00070
3908.00739,0.00061
3907.04317,0.00138
3906.07894,0.00157
3905.11472,0.00151
3904.15049,0.00145
3903.18627,0.00136
3902.22204,0.00111
3901.25781,0.00061
3900.29359,0.00000
3899.32936,-0.00040
3898.36514,-0.00032
3897.40091,0.00025
3896.43668,0.00097
3895.47246,0.00137
3894.50823,0.00123
3893.54401,0.00077
3892.57978,0.00028
3891.61556,-0.00018
3890.65133,-0.00087
3889.68710,-0.00192
3888.72288,-0.00301
3887.75865,-0.00359
3886.79443,-0.00337
3885.83020,-0.00259
3884.86597,-0.00179
3883.90175,-0.00136
3882.93752,-0.00130
3881.97330,-0.00150
3881.00907,-0.00187
3880.04485,-0.00236
3879.08062,-0.00278
3878.11639,-0.00291
3877.15217,-0.00270
3876.18794,-0.00233
3875.22372,-0.00203
3874.25949,-0.00189
3873.29526,-0.00184
3872.33104,-0.00169
3871.36681,-0.00130
3870.40259,-0.00062
3869.43836,0.00023
3868.47413,0.00103
3867.50991,0.00151
3866.54568,0.00158
3865.58146,0.00137
3864.61723,0.00107
3863.65301,0.00074
3862.68878,0.00026
3861.72455,-0.00049
3860.76033,-0.00146
3859.79610,-0.00236
3858.83188,-0.00286
3857.86765,-0.00278
3856.90342,-0.00222
3855.93920,-0.00146
3854.97497,-0.00080
3854.01075,-0.00045
3853.04652,-0.00038
3852.08230,-0.00042
3851.11807,-0.00046
3850.15384,-0.00058
3849.18962,-0.00098
3848.22539,-0.00169
3847.26117,-0.00239
3846.29694,-0.00261
3845.33271,-0.00206
3844.36849,-0.00092
3843.40426,0.00027
3842.44004,0.00100
3841.47581,0.00109
3840.51159,0.00069
3839.54736,0.00009
3838.58313,-0.00048
3837.61891,-0.00088
3836.65468,-0.00109
3835.69046,-0.00114
3834.72623,-0.00114
3833.76200,-0.00118
3832.79778,-0.00128
3831.83355,-0.00134
3830.86933,-0.00123
3829.90510,-0.00094
3828.94087,-0.00061
3827.97665,-0.00046
3827.01242,-0.00060
3826.04820,-0.00095
3825.08397,-0.00126
3824.11975,-0.00132
3823.15552,-0.00112
3822.19129,-0.00089
3821.22707,-0.00093
3820.26284,-0.00144
3819.29862,-0.00228
3818.33439,-0.00304
3817.37016,-0.00337
3816.40594,-0.00316
3815.44171,-0.00260
3814.47749,-0.00195
3813.51326,-0.00143
3812.54904,-0.00112
3811.58481,-0.00110
3810.62058,-0.00145
3809.65636,-0.00210
3808.69213,-0.00267
3807.72791,-0.00270
3806.76368,-0.00196
3805.79945,-0.00072
3804.83523,0.00044
3803.87100,0.00103
3802.90678,0.00097
3801.94255,0.00052
3800.97832,0.00003
3800.01410,-0.00030
3799.04987,-0.00038
3798.08565,-0.00025
3797.12142,0.00006
3796.15720,0.00047
3795.19297,0.00086
3794.22874,0.00110
3793.26452,0.00114
3792.30029,0.00100
3791.33607,0.00079
3790.37184,0.00061
3789.40761,0.00049
3788.44339,0.00029
3787.47916,-0.00012
3786.51494,-0.00077
3785.55071,-0.00149
3784.58649,-0.00205
3783.62226,-0.00230
3782.65803,-0.00228
3781.69381,-0.00205
3780.72958,-0.00161
3779.76536,-0.00095
3778.80113,-0.00021
3777.83690,0.00034
3776.87268,0.00052
3775.90845,0.00045
3774.94423,0.00041
3773.98000,0.00058
3773.01578,0.00082
3772.05155,0.00079
3771.08732,0.00029
3770.12310,-0.00053
3769.15887,-0.00130
3768.19465,-0.00171
3767.23042,-0.00162
3766.26619,-0.00112
3765.30197,-0.00038
3764.33774,0.00035
3763.37352,0.00088
3762.40929,0.00112
3761.44506,0.00111
3760.48084,0.00096
3759.51661,0.00069
3758.55239,0.00037
3757.58816,0.00007
3756.62394,-0.00011
3755.65971,-0.00013
3754.69548,-0.00007
3753.73126,-0.00003
3752.76703,-0.00002
3751.80281,0.00008
3750.83858,0.00032
3749.87435,0.00062
3748.91013,0.00086
3747.94590,0.00100
3746.98168,0.00105
3746.01745,0.00101
3745.05323,0.00084
3744.08900,0.00053
3743.12477,0.00024
3742.16055,0.00014
3741.19632,0.00022
3740.23210,0.00036
3739.26787,0.00040
3738.30364,0.00031
3737.33942,0.00016
3736.37519,0.00000
3735.41097,-0.00012
3734.44674,-0.00013
3733.48251,0.00006
3732.51829,0.00041
3731.55406,0.00073
3730.58984,0.00086
3729.62561,0.00085
3728.66139,0.00092
3727.69716,0.00114
3726.73293,0.00133
3725.76871,0.00124
3724.80448,0.00088
3723.84026,0.00051
3722.87603,0.00034
3721.91180,0.00037
3720.94758,0.00047
3719.98335,0.00057
3719.01913,0.00073
3718.05490,0.00096
3717.09068,0.00111
3716.12645,0.00106
3715.16222,0.00092
3714.19800,0.00091
3713.23377,0.00109
3712.26955,0.00129
3711.30532,0.00124
3710.34109,0.00094
3709.37687,0.00063
3708.41264,0.00047
3707.44842,0.00037
3706.48419,0.00012
3705.51997,-0.00029
3704.55574,-0.00062
3703.59151,-0.00059
3702.62729,-0.00025
3701.66306,0.00012
3700.69884,0.00027
3699.73461,0.00025
3698.77038,0.00029
3697.80616,0.00051
3696.84193,0.00081
3695.87771,0.00097
3694.91348,0.00094
3693.94925,0.00083
3692.98503,0.00077
3692.02080,0.00076
3691.05658,0.00076
3690.09235,0.00088
3689.12813,0.00127
3688.16390,0.00190
3687.19967,0.00247
3686.23545,0.00266
3685.27122,0.00250
3684.30700,0.00229
3683.34277,0.00228
3682.37854,0.00243
3681.41432,0.00250
3680.45009,0.00241
3679.48587,0.00231
3678.52164,0.00241
3677.55742,0.00273
3676.59319,0.00312
3675.62896,0.00352
3674.66474,0.00405
3673.70051,0.00476
3672.73629,0.00546
3671.77206,0.00582
3670.80783,0.00568
3669.84361,0.00524
3668.87938,0.00485
3667.91516,0.00466
3666.95093,0.00453
3665.98671,0.00429
3665.02248,0.00396
3664.05825,0.00369
3663.09403,0.00358
3662.12980,0.00362
3661.16558,0.00379
3660.20135,0.00419
3659.23712,0.00495
3658.27290,0.00605
3657.30867,0.00715
3656.34445,0.00782
3655.38022,0.00787
3654.41599,0.00746
3653.45177,0.00705
3652.48754,0.00697
3651.52332,0.00727
3650.55909,0.00773
3649.59487,0.00808
3648.63064,0.00818
3647.66641,0.00805
3646.70219,0.00782
3645.73796,0.00763
3644.77374,0.00761
3643.80951,0.00778
3642.84528,0.00809
3641.88106,0.00833
3640.91683,0.00835
3639.95261,0.00815
3638.98838,0.00792
3638.02416,0.00792
3637.05993,0.00828
3636.09570,0.00893
3635.13148,0.00958
3634.16725,0.00995
3633.20303,0.00991
3632.23880,0.00961
3631.27457,0.00936
3630.31035,0.00946
3629.34612,0.00992
3628.38190,0.01047
3627.41767,0.01077
3626.45344,0.01069
3625.48922,0.01041
3624.52499,0.01014
3623.56077,0.01000
3622.59654,0.00996
3621.63232,0.00996
3620.66809,0.01004
3619.70386,0.01024
3618.73964,0.01052
3617.77541,0.01076
3616.81119,0.01081
3615.84696,0.01057
3614.88273,0.01012
3613.91851,0.00968
3612.95428,0.00954
3611.99006,0.00982
3611.02583,0.01039
3610.06161,0.01087
3609.09738,0.01095
3608.13315,0.01062
3607.16893,0.01015
3606.20470,0.00985
3605.24048,0.00989
3604.27625,0.01019
3603.31202,0.01065
3602.34780,0.01118
3601.38357,0.01173
3600.41935,0.01222
3599.45512,0.01257
3598.49090,0.01265
3597.52667,0.01241
3596.56244,0.01189
3595.59822,0.01132
3594.63399,0.01103
3593.66977,0.01126
3592.70554,0.01197
3591.74131,0.01285
3590.77709,0.01354
3589.81286,0.01385
3588.84864,0.01384
3587.88441,0.01369
3586.92018,0.01356
3585.95596,0.01354
3584.99173,0.01358
3584.02751,0.01356
3583.06328,0.01338
3582.09906,0.01304
3581.13483,0.01275
3580.17060,0.01272
3579.20638,0.01296
3578.24215,0.01323
3577.27793,0.01326
3576.31370,0.01300
3575.34947,0.01265
3574.38525,0.01246
3573.42102,0.01251
3572.45680,0.01268
3571.49257,0.01276
3570.52835,0.01265
3569.56412,0.01234
3568.59989,0.01197
3567.63567,0.01170
3566.67144,0.01174
3565.70722,0.01215
3564.74299,0.01284
3563.77876,0.01356
3562.81454,0.01409
3561.85031,0.01436
3560.88609,0.01442
3559.92186,0.01432
3558.95764,0.01405
3557.99341,0.01370
3557.02918,0.01352
3556.06496,0.01385
3555.10073,0.01479
3554.13651,0.01599
3553.17228,0.01680
3552.20805,0.01683
3551.24383,0.01622
3550.27960,0.01544
3549.31538,0.01483
3548.35115,0.01431
3547.38692,0.01374
3546.42270,0.01315
3545.45847,0.01282
3544.49425,0.01286
3543.53002,0.01307
3542.56580,0.01322
3541.60157,0.01337
3540.63734,0.01381
3539.67312,0.01455
3538.70889,0.01526
3537.74467,0.01555
3536.78044,0.01547
3535.81621,0.01537
3534.85199,0.01548
3533.88776,0.01560
3532.92354,0.01541
3531.95931,0.01497
3530.99509,0.01469
3530.03086,0.01487
3529.06663,0.01541
3528.10241,0.01591
3527.13818,0.01612
3526.17396,0.01606
3525.20973,0.01588
3524.24550,0.01568
3523.28128,0.01550
3522.31705,0.01540
3521.35283,0.01543
3520.38860,0.01557
3519.42437,0.01580
3518.46015,0.01608
3517.49592,0.01640
3516.53170,0.01660
3515.56747,0.01644
3514.60325,0.01584
3513.63902,0.01505
3512.67479,0.01446
3511.71057,0.01431
3510.74634,0.01454
3509.78212,0.01492
3508.81789,0.01519
3507.85366,0.01522
3506.88944,0.01501
3505.92521,0.01474
3504.96099,0.01472
3503.99676,0.01514
3503.03254,0.01580
3502.06831,0.01627
3501.10408,0.01631
3500.13986,0.01620
3499.17563,0.01644
3498.21141,0.01718
3497.24718,0.01802
3496.28295,0.01828
3495.31873,0.01767
3494.35450,0.01648
3493.39028,0.01536
3492.42605,0.01488
3491.46183,0.01525
3490.49760,0.01623
3489.53337,0.01727
3488.56915,0.01783
3487.60492,0.01768
3486.64070,0.01703
3485.67647,0.01632
3484.71224,0.01587
3483.74802,0.01576
3482.78379,0.01588
3481.81957,0.01616
3480.85534,0.01654
3479.89111,0.01696
3478.92689,0.01732
3477.96266,0.01764
3476.99844,0.01798
3476.03421,0.01836
3475.06999,0.01864
3474.10576,0.01869
3473.14153,0.01848
3472.17731,0.01813
3471.21308,0.01782
3470.24886,0.01767
3469.28463,0.01779
3468.32040,0.01817
3467.35618,0.01866
3466.39195,0.01893
3465.42773,0.01881
3464.46350,0.01846
3463.49928,0.01827
3462.53505,0.01851
3461.57082,0.01909
3460.60660,0.01970
3459.64237,0.02011
3458.67815,0.02026
3457.71392,0.02012
3456.74969,0.01967
3455.78547,0.01904
3454.82124,0.01852
3453.85702,0.01833
3452.89279,0.01835
3451.92856,0.01828
3450.96434,0.01805
3450.00011,0.01792
3449.03589,0.01826
3448.07166,0.01901
3447.10744,0.01968
3446.14321,0.01976
3445.17898,0.01917
3444.21476,0.01825
3443.25053,0.01751
3442.28631,0.01722
3441.32208,0.01740
3440.35785,0.01787
3439.39363,0.01837
3438.42940,0.01862
3437.46518,0.01850
3436.50095,0.01808
3435.53673,0.01760
3434.57250,0.01739
3433.60827,0.01770
3432.64405,0.01856
3431.67982,0.01968
3430.71560,0.02051
3429.75137,0.02053
3428.78714,0.01969
3427.82292,0.01847
3426.85869,0.01754
3425.89447,0.01728
3424.93024,0.01759
3423.96602,0.01810
3423.00179,0.01850
3422.03756,0.01869
3421.07334,0.01869
3420.10911,0.01860
3419.14489,0.01861
3418.18066,0.01881
3417.21643,0.01913
3416.25221,0.01937
3415.28798,0.01944
3414.32376,0.01951
3413.35953,0.01975
3412.39530,0.02005
3411.43108,0.02007
3410.46685,0.01969
3409.50263,0.01932
3408.53840,0.01953
3407.57418,0.02046
3406.60995,0.02153
3405.64572,0.02208
3404.68150,0.02196
3403.71727,0.02162
3402.75305,0.02152
3401.78882,0.02157
3400.82459,0.02135
3399.86037,0.02068
3398.89614,0.01988
3397.93192,0.01941
3396.96769,0.01944
3396.00347,0.01973
3395.03924,0.02001
3394.07501,0.02018
3393.11079,0.02035
3392.14656,0.02060
3391.18234,0.02092
3390.21811,0.02128
3389.25388,0.02162
3388.28966,0.02184
3387.32543,0.02178
3386.36121,0.02144
3385.39698,0.02100
3384.43276,0.02070
3383.46853,0.02055
3382.50430,0.02033
3381.54008,0.01987
3380.57585,0.01937
3379.61163,0.01923
3378.64740,0.01965
3377.68317,0.02037
3376.71895,0.02093
3375.75472,0.02108
3374.79050,0.02092
3373.82627,0.02062
3372.86204,0.02020
3371.89782,0.01955
3370.93359,0.01872
3369.96937,0.01803
3369.00514,0.01772
3368.04092,0.01778
3367.07669,0.01796
3366.11246,0.01811
3365.14824,0.01829
3364.18401,0.01864
3363.21979,0.01918
3362.25556,0.01975
3361.29133,0.02022
3360.32711,0.02058
3359.36288,0.02079
3358.39866,0.02076
3357.43443,0.02039
3356.47021,0.01979
3355.50598,0.01923
3354.54175,0.01901
3353.57753,0.01921
3352.61330,0.01970
3351.64908,0.02028
3350.68485,0.02078
3349.72062,0.02107
3348.75640,0.02105
3347.79217,0.02069
3346.82795,0.02018
3345.86372,0.01980
3344.89949,0.01973
3343.93527,0.01992
3342.97104,0.02013
3342.00682,0.02023
3341.04259,0.02026
3340.07837,0.02036
3339.11414,0.02051
3338.14991,0.02057
3337.18569,0.02048
3336.22146,0.02037
3335.25724,0.02047
3334.29301,0.02084
3333.32878,0.02128
3332.36456,0.02149
3331.40033,0.02134
3330.43611,0.02093
3329.47188,0.02043
3328.50766,0.01996
3327.54343,0.01957
3326.57920,0.01936
3325.61498,0.01949
3324.65075,0.01998
3323.68653,0.02068
3322.72230,0.02130
3321.75807,0.02168
3320.79385,0.02184
3319.82962,0.02183
3318.86540,0.02163
3317.90117,0.02128
3316.93695,0.02092
3315.97272,0.02073
3315.00849,0.02075
3314.04427,0.02079
3313.08004,0.02063
3312.11582,0.02028
3311.15159,0.01998
3310.18736,0.01997
3309.22314,0.02026
3308.25891,0.02067
3307.29469,0.02107
3306.33046,0.02146
3305.36623,0.02189
3304.40201,0.02229
3303.43778,0.02252
3302.47356,0.02251
3301.50933,0.02231
3300.54511,0.02199
3299.58088,0.02154
3298.61665,0.02085
3297.65243,0.01996
3296.68820,0.01909
3295.72398,0.01859
3294.75975,0.01866
3293.79552,0.01919
3292.83130,0.01983
3291.86707,0.02018
3290.90285,0.02006
3289.93862,0.01967
3288.97440,0.01931
3288.01017,0.01920
3287.04594,0.01921
3286.08172,0.01912
3285.11749,0.01881
3284.15327,0.01847
3283.18904,0.01841
3282.22481,0.01878
3281.26059,0.01936
3280.29636,0.01981
3279.33214,0.01992
3278.36791,0.01975
3277.40369,0.01946
3276.43946,0.01917
3275.47523,0.01894
3274.51101,0.01882
3273.54678,0.01888
3272.58256,0.01908
3271.61833,0.01925
3270.65410,0.01922
3269.68988,0.01905
3268.72565,0.01905
3267.76143,0.01945
3266.79720,0.02019
3265.83297,0.02088
3264.86875,0.02113
3263.90452,0.02080
3262.94030,0.02009
3261.97607,0.01936
3261.01185,0.01889
3260.04762,0.01884
3259.08339,0.01911
3258.11917,0.01941
3257.15494,0.01943
3256.19072,0.01903
3255.22649,0.01842
3254.26226,0.01798
3253.29804,0.01800
3252.33381,0.01842
3251.36959,0.01894
3250.40536,0.01920
3249.44114,0.01906
3248.47691,0.01861
3247.51268,0.01810
3246.54846,0.01780
3245.58423,0.01783
3244.62001,0.01814
3243.65578,0.01854
3242.69155,0.01888
3241.72733,0.01910
3240.76310,0.01918
3239.79888,0.01900
3238.83465,0.01846
3237.87042,0.01772
3236.90620,0.01727
3235.94197,0.01756
3234.97775,0.01859
3234.01352,0.01975
3233.04930,0.02028
3232.08507,0.01987
3231.12084,0.01889
3230.15662,0.01799
3229.19239,0.01761
3228.22817,0.01766
3227.26394,0.01774
3226.29971,0.01758
3225.33549,0.01720
3224.37126,0.01684
3223.40704,0.01667
3222.44281,0.01664
3221.47859,0.01659
3220.51436,0.01649
3219.55013,0.01649
3218.58591,0.01674
3217.62168,0.01725
3216.65746,0.01787
3215.69323,0.01838
3214.72900,0.01869
3213.76478,0.01874
3212.80055,0.01851
3211.83633,0.01797
3210.87210,0.01732
3209.90788,0.01688
3208.94365,0.01688
3207.97942,0.01724
3207.01520,0.01762
3206.05097,0.01778
3205.08675,0.01771
3204.12252,0.01759
3203.15829,0.01749
3202.19407,0.01732
3201.22984,0.01696
3200.26562,0.01648
3199.30139,0.01606
3198.33716,0.01587
3197.37294,0.01597
3196.40871,0.01632
3195.44449,0.01681
3194.48026,0.01727
3193.51604,0.01752
3192.55181,0.01752
3191.58758,0.01738
3190.62336,0.01727
3189.65913,0.01730
3188.69491,0.01741
3187.73068,0.01752
3186.76645,0.01759
3185.80223,0.01756
3184.83800,0.01737
3183.87378,0.01697
3182.90955,0.01648
3181.94533,0.01608
3180.98110,0.01590
3180.01687,0.01586
3179.05265,0.01576
3178.08842,0.01553
3177.12420,0.01528
3176.15997,0.01521
3175.19574,0.01537
3174.23152,0.01566
3173.26729,0.01591
3172.30307,0.01604
3171.33884,0.01603
3170.37461,0.01590
3169.41039,0.01566
3168.44616,0.01537
3167.48194,0.01517
3166.51771,0.01515
3165.55349,0.01529
3164.58926,0.01540
3163.62503,0.01532
3162.66081,0.01504
3161.69658,0.01481
3160.73236,0.01488
3159.76813,0.01526
3158.80390,0.01560
3157.83968,0.01552
3156.87545,0.01494
3155.91123,0.01421
3154.94700,0.01381
3153.98278,0.01392
3153.01855,0.01438
3152.05432,0.01485
3151.09010,0.01514
3150.12587,0.01522
3149.16165,0.01511
3148.19742,0.01482
3147.23319,0.01440
3146.26897,0.01397
3145.30474,0.01362
3144.34052,0.01326
3143.37629,0.01278
3142.41207,0.01225
3141.44784,0.01197
3140.48361,0.01221
3139.51939,0.01289
3138.55516,0.01361
3137.59094,0.01393
3136.62671,0.01371
3135.66248,0.01318
3134.69826,0.01277
3133.73403,0.01275
3132.76981,0.01313
3131.80558,0.01365
3130.84135,0.01394
3129.87713,0.01380
3128.91290,0.01335
3127.94868,0.01290
3126.98445,0.01270
3126.02023,0.01275
3125.05600,0.01287
3124.09177,0.01292
3123.12755,0.01284
3122.16332,0.01267
3121.19910,0.01242
3120.23487,0.01212
3119.27064,0.01186
3118.30642,0.01176
3117.34219,0.01183
3116.37797,0.01196
3115.41374,0.01201
3114.44952,0.01199
3113.48529,0.01198
3112.52106,0.01202
3111.55684,0.01206
3110.59261,0.01204
3109.62839,0.01203
3108.66416,0.01217
3107.69993,0.01243
3106.73571,0.01263
3105.77148,0.01254
3104.80726,0.01216
3103.84303,0.01167
3102.87881,0.01122
3101.91458,0.01086
3100.95035,0.01056
3099.98613,0.01038
3099.02190,0.01042
3098.05768,0.01067
3097.09345,0.01096
3096.12922,0.01108
3095.16500,0.01097
3094.20077,0.01079
3093.23655,0.01073
3092.27232,0.01087
3091.30809,0.01109
3090.34387,0.01121
3089.37964,0.01114
3088.41542,0.01093
3087.45119,0.01074
3086.48697,0.01068
3085.52274,0.01078
3084.55851,0.01091
3083.59429,0.01091
3082.63006,0.01071
3081.66584,0.01035
3080.70161,0.00993
3079.73738,0.00951
3078.77316,0.00911
3077.80893,0.00878
3076.84471,0.00864
3075.88048,0.00870
3074.91626,0.00886
3073.95203,0.00893
3072.98780,0.00886
3072.02358,0.00873
3071.05935,0.00874
3070.09513,0.00895
3069.13090,0.00928
3068.16667,0.00958
3067.20245,0.00973
3066.23822,0.00967
3065.27400,0.00944
3064.30977,0.00912
3063.34554,0.00890
3062.38132,0.00890
3061.41709,0.00910
3060.45287,0.00932
3059.48864,0.00943
3058.52442,0.00947
3057.56019,0.00957
3056.59596,0.00975
3055.63174,0.00990
3054.66751,0.00985
3053.70329,0.00961
3052.73906,0.00930
3051.77483,0.00908
3050.81061,0.00901
3049.84638,0.00910
3048.88216,0.00928
3047.91793,0.00939
3046.95371,0.00921
3045.98948,0.00868
3045.02525,0.00802
3044.06103,0.00767
3043.09680,0.00793
3042.13258,0.00861
3041.16835,0.00919
3040.20412,0.00925
3039.23990,0.00882
3038.27567,0.00829
3037.31145,0.00807
3036.34722,0.00828
3035.38300,0.00872
3034.41877,0.00906
3033.45454,0.00906
3032.49032,0.00867
3031.52609,0.00805
3030.56187,0.00746
3029.59764,0.00709
3028.63341,0.00693
3027.66919,0.00692
3026.70496,0.00697
3025.74074,0.00709
3024.77651,0.00729
3023.81228,0.00754
3022.84806,0.00777
3021.88383,0.00795
3020.91961,0.00805
3019.95538,0.00799
3018.99116,0.00773
3018.02693,0.00733
3017.06270,0.00699
3016.09848,0.00689
3015.13425,0.00699
3014.17003,0.00707
3013.20580,0.00695
3012.24157,0.00674
3011.27735,0.00669
3010.31312,0.00690
3009.34890,0.00718
3008.38467,0.00723
3007.42045,0.00695
3006.45622,0.00655
3005.49199,0.00638
3004.52777,0.00656
3003.56354,0.00693
3002.59932,0.00720
3001.63509,0.00721
3000.67086,0.00707
2999.70664,0.00694
2998.74241,0.00694
2997.77819,0.00699
2996.81396,0.00696
2995.84974,0.00678
2994.88551,0.00645
2993.92128,0.00606
2992.95706,0.00574
2991.99283,0.00564
2991.02861,0.00587
2990.06438,0.00636
2989.10015,0.00685
2988.13593,0.00699
2987.17170,0.00671
2986.20748,0.00625
2985.24325,0.00594
2984.27902,0.00592
2983.31480,0.00599
2982.35057,0.00594
2981.38635,0.00576
2980.42212,0.00568
2979.45790,0.00589
2978.49367,0.00629
2977.52944,0.00660
2976.56522,0.00663
2975.60099,0.00646
2974.63677,0.00629
2973.67254,0.00628
2972.70831,0.00638
2971.74409,0.00646
2970.77986,0.00643
2969.81564,0.00630
2968.85141,0.00618
2967.88719,0.00611
2966.92296,0.00604
2965.95873,0.00588
2964.99451,0.00563
2964.03028,0.00542
2963.06606,0.00540
2962.10183,0.00558
2961.13760,0.00584
2960.17338,0.00601
2959.20915,0.00605
2958.24493,0.00607
2957.28070,0.00617
2956.31647,0.00633
2955.35225,0.00645
2954.38802,0.00647
2953.42380,0.00644
2952.45957,0.00644
2951.49535,0.00647
2950.53112,0.00640
2949.56689,0.00611
2948.60267,0.00563
2947.63844,0.00511
2946.67422,0.00478
2945.70999,0.00477
2944.74576,0.00503
2943.78154,0.00540
2942.81731,0.00577
2941.85309,0.00611
2940.88886,0.00642
2939.92464,0.00664
2938.96041,0.00665
2937.99618,0.00639
2937.03196,0.00596
2936.06773,0.00555
2935.10351,0.00520
2934.13928,0.00485
2933.17505,0.00446
2932.21083,0.00410
2931.24660,0.00394
2930.28238,0.00404
2929.31815,0.00425
2928.35393,0.00433
2927.38970,0.00421
2926.42547,0.00399
2925.46125,0.00384
2924.49702,0.00385
2923.53280,0.00403
2922.56857,0.00437
2921.60434,0.00482
2920.64012,0.00526
2919.67589,0.00555
2918.71167,0.00557
2917.74744,0.00538
2916.78321,0.00508
2915.81899,0.00480
2914.85476,0.00458
2913.89054,0.00445
2912.92631,0.00436
2911.96209,0.00427
2910.99786,0.00412
2910.03363,0.00397
2909.06941,0.00392
2908.10518,0.00402
2907.14096,0.00420
2906.17673,0.00429
2905.21250,0.00419
2904.24828,0.00397
2903.28405,0.00381
2902.31983,0.00381
2901.35560,0.00392
2900.39138,0.00400
2899.42715,0.00397
2898.46292,0.00389
2897.49870,0.00391
2896.53447,0.00417
2895.57025,0.00466
2894.60602,0.00521
2893.64179,0.00556
2892.67757,0.00558
2891.71334,0.00536
2890.74912,0.00512
2889.78489,0.00502
2888.82066,0.00499
2887.85644,0.00484
2886.89221,0.00451
2885.92799,0.00419
2884.96376,0.00409
2883.99954,0.00430
2883.03531,0.00466
2882.07108,0.00494
2881.10686,0.00505
2880.14263,0.00506
2879.17841,0.00510
2878.21418,0.00522
2877.24995,0.00543
2876.28573,0.00569
2875.32150,0.00593
2874.35728,0.00607
2873.39305,0.00599
2872.42883,0.00567
2871.46460,0.00514
2870.50037,0.00454
2869.53615,0.00406
2868.57192,0.00384
2867.60770,0.00396
2866.64347,0.00433
2865.67924,0.00480
2864.71502,0.00520
2863.75079,0.00541
2862.78657,0.00537
2861.82234,0.00507
2860.85812,0.00454
2859.89389,0.00390
2858.92966,0.00334
2857.96544,0.00300
2857.00121,0.00287
2856.03699,0.00284
2855.07276,0.00284
2854.10853,0.00287
2853.14431,0.00300
2852.18008,0.00323
2851.21586,0.00347
2850.25163,0.00368
2849.28740,0.00389
2848.32318,0.00416
2847.35895,0.00452
2846.39473,0.00482
2845.43050,0.00489
2844.46628,0.00464
2843.50205,0.00411
2842.53782,0.00351
2841.57360,0.00307
2840.60937,0.00296
2839.64515,0.00314
2838.68092,0.00339
2837.71669,0.00350
2836.75247,0.00345
2835.78824,0.00342
2834.82402,0.00355
2833.85979,0.00378
2832.89557,0.00390
2831.93134,0.00379
2830.96711,0.00354
2830.00289,0.00337
2829.03866,0.00338
2828.07444,0.00349
2827.11021,0.00359
2826.14598,0.00366
2825.18176,0.00370
2824.21753,0.00371
2823.25331,0.00362
2822.28908,0.00347
2821.32486,0.00339
2820.36063,0.00348
2819.39640,0.00372
2818.43218,0.00398
2817.46795,0.00417
2816.50373,0.00425
2815.53950,0.00418
2814.57527,0.00388
2813.61105,0.00338
2812.64682,0.00285
2811.68260,0.00254
2810.71837,0.00259
2809.75414,0.00290
2808.78992,0.00330
2807.82569,0.00369
2806.86147,0.00402
2805.89724,0.00423
2804.93302,0.00424
2803.96879,0.00404
2803.00456,0.00373
2802.04034,0.00340
2801.07611,0.00308
2800.11189,0.00275
2799.14766,0.00248
2798.18343,0.00242
2797.21921,0.00262
2796.25498,0.00294
2795.29076,0.00314
2794.32653,0.00309
2793.36231,0.00287
2792.39808,0.00269
2791.43385,0.00273
2790.46963,0.00303
2789.50540,0.00356
2788.54118,0.00421
2787.57695,0.00473
2786.61272,0.00491
2785.64850,0.00469
2784.68427,0.00427
2783.72005,0.00393
2782.75582,0.00381
2781.79159,0.00380
2780.82737,0.00369
2779.86314,0.00343
2778.89892,0.00308
2777.93469,0.00279
2776.97047,0.00263
2776.00624,0.00261
2775.04201,0.00270
2774.07779,0.00285
2773.11356,0.00297
2772.14934,0.00297
2771.18511,0.00285
2770.22088,0.00270
2769.25666,0.00262
2768.29243,0.00264
2767.32821,0.00280
2766.36398,0.00308
2765.39976,0.00343
2764.43553,0.00366
2763.47130,0.00358
2762.50708,0.00318
2761.54285,0.00274
2760.57863,0.00263
2759.61440,0.00300
2758.65017,0.00361
2757.68595,0.00402
2756.72172,0.00401
2755.75750,0.00372
2754.79327,0.00344
2753.82905,0.00331
2752.86482,0.00324
2751.90059,0.00310
2750.93637,0.00293
2749.97214,0.00286
2749.00792,0.00295
2748.04369,0.00305
2747.07946,0.00301
2746.11524,0.00281
2745.15101,0.00260
2744.18679,0.00249
2743.22256,0.00249
2742.25833,0.00255
2741.29411,0.00272
2740.32988,0.00306
2739.36566,0.00352
2738.40143,0.00390
2737.43721,0.00399
2736.47298,0.00381
2735.50875,0.00357
2734.54453,0.00346
2733.58030,0.00352
2732.61608,0.00367
2731.65185,0.00382
2730.68762,0.00394
2729.72340,0.00398
2728.75917,0.00381
2727.79495,0.00342
2726.83072,0.00296
2725.86650,0.00266
2724.90227,0.00264
2723.93804,0.00279
2722.97382,0.00295
2722.00959,0.00304
2721.04537,0.00312
2720.08114,0.00321
2719.11691,0.00320
2718.15269,0.00300
2717.18846,0.00265
2716.22424,0.00238
2715.26001,0.00238
2714.29579,0.00264
2713.33156,0.00302
2712.36733,0.00330
2711.40311,0.00341
2710.43888,0.00337
2709.47466,0.00327
2708.51043,0.00318
2707.54620,0.00306
2706.58198,0.00291
2705.61775,0.00273
2704.65353,0.00264
2703.68930,0.00274
2702.72507,0.00301
2701.76085,0.00326
2700.79662,0.00329
2699.83240,0.00302
2698.86817,0.00260
2697.90395,0.00230
2696.93972,0.00228
2695.97549,0.00250
2695.01127,0.00276
2694.04704,0.00291
2693.08282,0.00295
2692.11859,0.00295
2691.15436,0.00296
2690.19014,0.00294
2689.22591,0.00286
2688.26169,0.00276
2687.29746,0.00269
2686.33324,0.00268
2685.36901,0.00267
2684.40478,0.00264
2683.44056,0.00262
2682.47633,0.00270
2681.51211,0.00293
2680.54788,0.00324
2679.58365,0.00353
2678.61943,0.00379
2677.65520,0.00406
2676.69098,0.00431
2675.72675,0.00446
2674.76252,0.00437
2673.79830,0.00403
2672.83407,0.00356
2671.86985,0.00311
2670.90562,0.00279
2669.94140,0.00261
2668.97717,0.00255
2668.01294,0.00254
2667.04872,0.00245
2666.08449,0.00220
2665.12027,0.00179
2664.15604,0.00144
2663.19181,0.00137
2662.22759,0.00173
2661.26336,0.00240
2660.29914,0.00309
2659.33491,0.00355
2658.37069,0.00362
2657.40646,0.00338
2656.44223,0.00301
2655.47801,0.00271
2654.51378,0.00259
2653.54956,0.00257
2652.58533,0.00253
2651.62110,0.00239
2650.65688,0.00224
2649.69265,0.00222
2648.72843,0.00240
2647.76420,0.00265
2646.79998,0.00282
2645.83575,0.00283
2644.87152,0.00278
2643.90730,0.00281
2642.94307,0.00295
2641.97885,0.00308
2641.01462,0.00307
2640.05039,0.00290
2639.08617,0.00271
2638.12194,0.00268
2637.15772,0.00283
2636.19349,0.00307
2635.22926,0.00321
2634.26504,0.00316
2633.30081,0.00292
2632.33659,0.00258
2631.37236,0.00225
2630.40814,0.00205
2629.44391,0.00203
2628.47968,0.00219
2627.51546,0.00244
2626.55123,0.00270
2625.58701,0.00291
2624.62278,0.00311
2623.65855,0.00333
2622.69433,0.00356
2621.73010,0.00374
2620.76588,0.00384
2619.80165,0.00385
2618.83743,0.00379
2617.87320,0.00366
2616.90897,0.00342
2615.94475,0.00309
2614.98052,0.00271
2614.01630,0.00233
2613.05207,0.00202
2612.08784,0.00187
2611.12362,0.00202
2610.15939,0.00248
2609.19517,0.00309
2608.23094,0.00360
2607.26672,0.00388
2606.30249,0.00397
2605.33826,0.00393
2604.37404,0.00373
2603.40981,0.00328
2602.44559,0.00272
2601.48136,0.00235
2600.51713,0.00244
2599.55291,0.00291
2598.58868,0.00343
2597.62446,0.00368
2596.66023,0.00362
2595.69600,0.00338
2594.73178,0.00306
2593.76755,0.00273
2592.80333,0.00248
2591.83910,0.00243
2590.87488,0.00262
2589.91065,0.00291
2588.94642,0.00315
2587.98220,0.00331
2587.01797,0.00350
2586.05375,0.00379
2585.08952,0.00405
2584.12529,0.00409
2583.16107,0.00383
2582.19684,0.00339
2581.23262,0.00295
2580.26839,0.00264
2579.30417,0.00248
2578.33994,0.00246
2577.37571,0.00248
2576.41149,0.00242
2575.44726,0.00221
2574.48304,0.00200
2573.51881,0.00201
2572.55458,0.00233
2571.59036,0.00283
2570.62613,0.00323
2569.66191,0.00340
2568.69768,0.00336
2567.73345,0.00318
2566.76923,0.00292
2565.80500,0.00265
2564.84078,0.00249
2563.87655,0.00254
2562.91233,0.00275
2561.94810,0.00292
2560.98387,0.00291
2560.01965,0.00279
2559.05542,0.00276
2558.09120,0.00291
2557.12697,0.00318
2556.16274,0.00337
2555.19852,0.00339
2554.23429,0.00328
2553.27007,0.00315
2552.30584,0.00301
2551.34162,0.00287
2550.37739,0.00273
2549.41316,0.00267
2548.44894,0.00275
2547.48471,0.00297
2546.52049,0.00325
2545.55626,0.00349
2544.59203,0.00364
2543.62781,0.00375
2542.66358,0.00387
2541.69936,0.00396
2540.73513,0.00388
2539.77091,0.00350
2538.80668,0.00292
2537.84245,0.00241
2536.87823,0.00221
2535.91400,0.00237
2534.94978,0.00271
2533.98555,0.00301
2533.02132,0.00316
2532.05710,0.00314
2531.09287,0.00300
2530.12865,0.00279
2529.16442,0.00260
2528.20019,0.00253
2527.23597,0.00257
2526.27174,0.00263
2525.30752,0.00258
2524.34329,0.00244
2523.37907,0.00231
2522.41484,0.00231
2521.45061,0.00245
2520.48639,0.00263
2519.52216,0.00276
2518.55794,0.00281
2517.59371,0.00281
2516.62948,0.00282
2515.66526,0.00288
2514.70103,0.00294
2513.73681,0.00292
2512.77258,0.00276
2511.80836,0.00257
2510.84413,0.00251
2509.87990,0.00269
2508.91568,0.00303
2507.95145,0.00333
2506.98723,0.00345
2506.02300,0.00340
2505.05877,0.00326
2504.09455,0.00309
2503.13032,0.00290
2502.16610,0.00278
2501.20187,0.00285
2500.23764,0.00311
2499.27342,0.00339
2498.30919,0.00347
2497.34497,0.00333
2496.38074,0.00314
2495.41652,0.00306
2494.45229,0.00307
2493.48806,0.00303
2492.52384,0.00290
2491.55961,0.00279
2490.59539,0.00284
2489.63116,0.00303
2488.66693,0.00323
2487.70271,0.00336
2486.73848,0.00346
2485.77426,0.00357
2484.81003,0.00361
2483.84581,0.00346
2482.88158,0.00309
2481.91735,0.00268
2480.95313,0.00248
2479.98890,0.00264
2479.02468,0.00304
2478.06045,0.00346
2477.09622,0.00366
2476.13200,0.00356
2475.16777,0.00323
2474.20355,0.00287
2473.23932,0.00266
2472.27510,0.00267
2471.31087,0.00286
2470.34664,0.00311
2469.38242,0.00330
2468.41819,0.00334
2467.45397,0.00324
2466.48974,0.00304
2465.52551,0.00281
2464.56129,0.00265
2463.59706,0.00259
2462.63284,0.00262
2461.66861,0.00266
2460.70438,0.00266
2459.74016,0.00265
2458.77593,0.00265
2457.81171,0.00270
2456.84748,0.00283
2455.88326,0.00302
2454.91903,0.00325
2453.95480,0.00348
2452.99058,0.00364
2452.02635,0.00369
2451.06213,0.00364
2450.09790,0.00356
2449.13367,0.00349
2448.16945,0.00343
2447.20522,0.00335
2446.24100,0.00325
2445.27677,0.00319
2444.31255,0.00318
2443.34832,0.00317
2442.38409,0.00306
2441.41987,0.00282
2440.45564,0.00257
2439.49142,0.00246
2438.52719,0.00257
2437.56296,0.00280
2436.59874,0.00303
2435.63451,0.00319
2434.67029,0.00328
2433.70606,0.00334
2432.74184,0.00334
2431.77761,0.00326
2430.81338,0.00313
2429.84916,0.00305
2428.88493,0.00303
2427.92071,0.00302
2426.95648,0.00291
2425.99225,0.00271
2425.02803,0.00251
2424.06380,0.00241
2423.09958,0.00244
2422.13535,0.00259
2421.17112,0.00282
2420.20690,0.00310
2419.24267,0.00334
2418.27845,0.00343
2417.31422,0.00337
2416.35000,0.00326
2415.38577,0.00328
2414.42154,0.00345
2413.45732,0.00368
2412.49309,0.00384
2411.52887,0.00389
2410.56464,0.00386
2409.60041,0.00374
2408.63619,0.00353
2407.67196,0.00323
2406.70774,0.00294
2405.74351,0.00275
2404.77929,0.00271
2403.81506,0.00279
2402.85083,0.00296
2401.88661,0.00319
2400.92238,0.00346
2399.95816,0.00368
2398.99393,0.00386
2398.02970,0.00404
2397.06548,0.00421
2396.10125,0.00425
2395.13703,0.00401
2394.17280,0.00350
2393.20857,0.00298
2392.24435,0.00275
2391.28012,0.00292
2390.31590,0.00328
2389.35167,0.00361
2388.38745,0.00384
2387.42322,0.00400
2386.45899,0.00409
2385.49477,0.00399
2384.53054,0.00369
2383.56632,0.00338
2382.60209,0.00329
2381.63786,0.00350
2380.67364,0.00378
2379.70941,0.00390
2378.74519,0.00383
2377.78096,0.00373
2376.81674,0.00378
2375.85251,0.00395
2374.88828,0.00409
2373.92406,0.00409
2372.95983,0.00399
2371.99561,0.00390
2371.03138,0.00390
2370.06715,0.00396
2369.10293,0.00402
2368.13870,0.00404
2367.17448,0.00401
2366.21025,0.00396
2365.24603,0.00392
2364.28180,0.00386
2363.31757,0.00374
2362.35335,0.00350
2361.38912,0.00315
2360.42490,0.00276
2359.46067,0.00249
2358.49644,0.00250
2357.53222,0.00282
2356.56799,0.00335
2355.60377,0.00385
2354.63954,0.00414
2353.67531,0.00418
2352.71109,0.00411
2351.74686,0.00406
2350.78264,0.00409
2349.81841,0.00416
2348.85419,0.00421
2347.88996,0.00423
2346.92573,0.00422
2345.96151,0.00412
2344.99728,0.00386
2344.03306,0.00350
2343.06883,0.00323
2342.10460,0.00320
2341.14038,0.00338
2340.17615,0.00355
2339.21193,0.00355
2338.24770,0.00342
2337.28348,0.00336
2336.31925,0.00347
2335.35502,0.00366
2334.39080,0.00375
2333.42657,0.00369
2332.46235,0.00359
2331.49812,0.00360
2330.53389,0.00372
2329.56967,0.00383
2328.60544,0.00378
2327.64122,0.00355
2326.67699,0.00326
2325.71277,0.00312
2324.74854,0.00324
2323.78431,0.00358
2322.82009,0.00399
2321.85586,0.00434
2320.89164,0.00457
2319.92741,0.00473
2318.96318,0.00485
2317.99896,0.00486
2317.03473,0.00466
2316.07051,0.00427
2315.10628,0.00387
2314.14205,0.00368
2313.17783,0.00379
2312.21360,0.00404
2311.24938,0.00417
2310.28515,0.00409
2309.32093,0.00388
2308.35670,0.00372
2307.39247,0.00369
2306.42825,0.00369
2305.46402,0.00360
2304.49980,0.00346
2303.53557,0.00338
2302.57134,0.00345
2301.60712,0.00363
2300.64289,0.00385
2299.67867,0.00404
2298.71444,0.00422
2297.75022,0.00443
2296.78599,0.00462
2295.82176,0.00472
2294.85754,0.00471
2293.89331,0.00460
2292.92909,0.00447
2291.96486,0.00434
2291.00063,0.00420
2290.03641,0.00404
2289.07218,0.00383
2288.10796,0.00356
2287.14373,0.00328
2286.17950,0.00310
2285.21528,0.00309
2284.25105,0.00327
2283.28683,0.00349
2282.32260,0.00361
2281.35838,0.00358
2280.39415,0.00352
2279.42992,0.00356
2278.46570,0.00376
2277.50147,0.00402
2276.53725,0.00421
2275.57302,0.00431
2274.60879,0.00440
2273.64457,0.00452
2272.68034,0.00463
2271.71612,0.00459
2270.75189,0.00434
2269.78767,0.00399
2268.82344,0.00373
2267.85921,0.00363
2266.89499,0.00362
2265.93076,0.00354
2264.96654,0.00339
2264.00231,0.00333
2263.03808,0.00353
2262.07386,0.00395
2261.10963,0.00438
2260.14541,0.00465
2259.18118,0.00473
2258.21696,0.00466
2257.25273,0.00442
2256.28850,0.00401
2255.32428,0.00360
2254.36005,0.00348
2253.39583,0.00372
2252.43160,0.00414
2251.46737,0.00448
2250.50315,0.00487
2249.53892,0.00572
2248.57470,0.00716
2247.61047,0.00861
2246.64624,0.00910
2245.68202,0.00810
2244.71779,0.00608
2243.75357,0.00411
2242.78934,0.00297
2241.82512,0.00271
2240.86089,0.00289
2239.89666,0.00314
2238.93244,0.00334
2237.96821,0.00346
2237.00399,0.00347
2236.03976,0.00338
2235.07553,0.00334
2234.11131,0.00349
2233.14708,0.00379
2232.18286,0.00403
2231.21863,0.00408
2230.25441,0.00401
2229.29018,0.00396
2228.32595,0.00402
2227.36173,0.00412
2226.39750,0.00423
2225.43328,0.00432
2224.46905,0.00436
2223.50482,0.00427
2222.54060,0.00403
2221.57637,0.00372
2220.61215,0.00349
2219.64792,0.00341
2218.68369,0.00342
2217.71947,0.00340
2216.75524,0.00329
2215.79102,0.00306
2214.82679,0.00278
2213.86257,0.00260
2212.89834,0.00268
2211.93411,0.00308
2210.96989,0.00364
2210.00566,0.00407
2209.04144,0.00419
2208.07721,0.00406
2207.11298,0.00387
2206.14876,0.00374
2205.18453,0.00364
2204.22031,0.00357
2203.25608,0.00358
2202.29186,0.00375
2201.32763,0.00400
2200.36340,0.00415
2199.39918,0.00413
2198.43495,0.00406
2197.47073,0.00410
2196.50650,0.00427
2195.54227,0.00447
2194.57805,0.00465
2193.61382,0.00486
2192.64960,0.00517
2191.68537,0.00550
2190.72115,0.00563
2189.75692,0.00540
2188.79269,0.00488
2187.82847,0.00428
2186.86424,0.00382
2185.90002,0.00359
2184.93579,0.00351
2183.97156,0.00348
2183.00734,0.00340
2182.04311,0.00331
2181.07889,0.00325
2180.11466,0.00327
2179.15043,0.00334
2178.18621,0.00342
2177.22198,0.00353
2176.25776,0.00374
2175.29353,0.00409
2174.32931,0.00453
2173.36508,0.00492
2172.40085,0.00515
2171.43663,0.00515
2170.47240,0.00491
2169.50818,0.00456
2168.54395,0.00428
2167.57972,0.00427
2166.61550,0.00459
2165.65127,0.00507
2164.68705,0.00546
2163.72282,0.00560
2162.75860,0.00555
2161.79437,0.00546
2160.83014,0.00544
2159.86592,0.00543
2158.90169,0.00537
2157.93747,0.00523
2156.97324,0.00499
2156.00901,0.00465
2155.04479,0.00423
2154.08056,0.00388
2153.11634,0.00378
2152.15211,0.00404
2151.18789,0.00451
2150.22366,0.00495
2149.25943,0.00517
2148.29521,0.00517
2147.33098,0.00507
2146.36676,0.00499
2145.40253,0.00498
2144.43830,0.00511
2143.47408,0.00538
2142.50985,0.00571
2141.54563,0.00596
2140.58140,0.00602
2139.61717,0.00592
2138.65295,0.00584
2137.68872,0.00596
2136.72450,0.00631
2135.76027,0.00679
2134.79605,0.00724
2133.83182,0.00754
2132.86759,0.00771
2131.90337,0.00783
2130.93914,0.00804
2129.97492,0.00840
2129.01069,0.00883
2128.04646,0.00921
2127.08224,0.00944
2126.11801,0.00947
2125.15379,0.00936
2124.18956,0.00918
2123.22534,0.00901
2122.26111,0.00889
2121.29688,0.00878
2120.33266,0.00858
2119.36843,0.00825
2118.40421,0.00783
2117.43998,0.00748
2116.47575,0.00732
2115.51153,0.00733
2114.54730,0.00738
2113.58308,0.00734
2112.61885,0.00719
2111.65462,0.00694
2110.69040,0.00660
2109.72617,0.00620
2108.76195,0.00583
2107.79772,0.00562
2106.83350,0.00559
2105.86927,0.00560
2104.90504,0.00545
2103.94082,0.00511
2102.97659,0.00476
2102.01237,0.00462
2101.04814,0.00478
2100.08391,0.00514
2099.11969,0.00545
2098.15546,0.00552
2097.19124,0.00531
2096.22701,0.00491
2095.26279,0.00454
2094.29856,0.00439
2093.33433,0.00446
2092.37011,0.00456
2091.40588,0.00450
2090.44166,0.00425
2089.47743,0.00400
2088.51320,0.00390
2087.54898,0.00397
2086.58475,0.00410
2085.62053,0.00422
2084.65630,0.00434
2083.69208,0.00443
2082.72785,0.00441
2081.76362,0.00420
2080.79940,0.00390
2079.83517,0.00373
2078.87095,0.00376
2077.90672,0.00390
2076.94249,0.00396
2075.97827,0.00390
2075.01404,0.00387
2074.04982,0.00395
2073.08559,0.00410
2072.12136,0.00420
2071.15714,0.00424
2070.19291,0.00431
2069.22869,0.00441
2068.26446,0.00446
2067.30024,0.00437
2066.33601,0.00423
2065.37178,0.00419
2064.40756,0.00434
2063.44333,0.00457
2062.47911,0.00468
2061.51488,0.00462
2060.55065,0.00446
2059.58643,0.00432
2058.62220,0.00419
2057.65798,0.00404
2056.69375,0.00386
2055.72953,0.00369
2054.76530,0.00364
2053.80107,0.00374
2052.83685,0.00397
2051.87262,0.00420
2050.90840,0.00433
2049.94417,0.00430
2048.97994,0.00418
2048.01572,0.00409
2047.05149,0.00407
2046.08727,0.00410
2045.12304,0.00410
2044.15882,0.00408
2043.19459,0.00410
2042.23036,0.00412
2041.26614,0.00407
2040.30191,0.00387
2039.33769,0.00362
2038.37346,0.00346
2037.40923,0.00346
2036.44501,0.00355
2035.48078,0.00360
2034.51656,0.00359
2033.55233,0.00356
2032.58810,0.00359
2031.62388,0.00366
2030.65965,0.00371
2029.69543,0.00370
2028.73120,0.00365
2027.76698,0.00355
2026.80275,0.00342
2025.83852,0.00333
2024.87430,0.00334
2023.91007,0.00343
2022.94585,0.00354
2021.98162,0.00359
2021.01739,0.00363
2020.05317,0.00375
2019.08894,0.00399
2018.12472,0.00425
2017.16049,0.00444
2016.19627,0.00452
2015.23204,0.00453
2014.26781,0.00450
2013.30359,0.00438
2012.33936,0.00412
2011.37514,0.00375
2010.41091,0.00340
2009.44668,0.00322
2008.48246,0.00325
2007.51823,0.00346
2006.55401,0.00372
2005.58978,0.00393
2004.62555,0.00403
2003.66133,0.00403
2002.69710,0.00402
2001.73288,0.00406
2000.76865,0.00418
1999.80443,0.00433
1998.84020,0.00442
1997.87597,0.00445
1996.91175,0.00442
1995.94752,0.00437
1994.98330,0.00430
1994.01907,0.00418
1993.05484,0.00401
1992.09062,0.00378
1991.12639,0.00357
1990.16217,0.00344
1989.19794,0.00340
1988.23372,0.00345
1987.26949,0.00353
1986.30526,0.00357
1985.34104,0.00354
1984.37681,0.00345
1983.41259,0.00334
1982.44836,0.00327
1981.48413,0.00331
1980.51991,0.00349
1979.55568,0.00374
1978.59146,0.00397
1977.62723,0.00412
1976.66301,0.00416
1975.69878,0.00410
1974.73455,0.00395
1973.77033,0.00371
1972.80610,0.00339
1971.84188,0.00300
1970.87765,0.00264
1969.91342,0.00237
1968.94920,0.00229
1967.98497,0.00241
1967.02075,0.00267
1966.05652,0.00293
1965.09229,0.00314
1964.12807,0.00334
1963.16384,0.00365
1962.19962,0.00408
1961.23539,0.00444
1960.27117,0.00450
1959.30694,0.00420
1958.34271,0.00372
1957.37849,0.00330
1956.41426,0.00307
1955.45004,0.00301
1954.48581,0.00307
1953.52158,0.00321
1952.55736,0.00338
1951.59313,0.00351
1950.62891,0.00355
1949.66468,0.00357
1948.70046,0.00364
1947.73623,0.00372
1946.77200,0.00367
1945.80778,0.00338
1944.84355,0.00297
1943.87933,0.00268
1942.91510,0.00266
1941.95087,0.00288
1940.98665,0.00317
1940.02242,0.00344
1939.05820,0.00366
1938.09397,0.00379
1937.12974,0.00383
1936.16552,0.00381
1935.20129,0.00380
1934.23707,0.00385
1933.27284,0.00387
1932.30862,0.00383
1931.34439,0.00378
1930.38016,0.00388
1929.41594,0.00418
1928.45171,0.00457
1927.48749,0.00481
1926.52326,0.00476
1925.55903,0.00440
1924.59481,0.00382
1923.63058,0.00321
1922.66636,0.00281
1921.70213,0.00281
1920.73791,0.00316
1919.77368,0.00359
1918.80945,0.00379
1917.84523,0.00369
1916.88100,0.00350
1915.91678,0.00344
1914.95255,0.00349
1913.98832,0.00345
1913.02410,0.00321
1912.05987,0.00288
1911.09565,0.00268
1910.13142,0.00269
1909.16720,0.00282
1908.20297,0.00296
1907.23874,0.00305
1906.27452,0.00312
1905.31029,0.00319
1904.34607,0.00326
1903.38184,0.00335
1902.41761,0.00345
1901.45339,0.00353
1900.48916,0.00356
1899.52494,0.00351
1898.56071,0.00343
1897.59648,0.00337
1896.63226,0.00338
1895.66803,0.00347
1894.70381,0.00366
1893.73958,0.00389
1892.77536,0.00405
1891.81113,0.00400
1890.84690,0.00376
1889.88268,0.00352
1888.91845,0.00348
1887.95423,0.00369
1886.99000,0.00405
1886.02577,0.00435
1885.06155,0.00446
1884.09732,0.00435
1883.13310,0.00409
1882.16887,0.00382
1881.20465,0.00370
1880.24042,0.00379
1879.27619,0.00394
1878.31197,0.00397
1877.34774,0.00379
1876.38352,0.00348
1875.41929,0.00319
1874.45506,0.00295
1873.49084,0.00275
1872.52661,0.00261
1871.56239,0.00265
1870.59816,0.00291
1869.63394,0.00327
1868.66971,0.00348
1867.70548,0.00343
1866.74126,0.00317
1865.77703,0.00288
1864.81281,0.00269
1863.84858,0.00266
1862.88435,0.00282
1861.92013,0.00316
1860.95590,0.00354
1859.99168,0.00380
1859.02745,0.00384
1858.06322,0.00374
1857.09900,0.00364
1856.13477,0.00361
1855.17055,0.00361
1854.20632,0.00360
1853.24210,0.00356
1852.27787,0.00347
1851.31364,0.00330
1850.34942,0.00309
1849.38519,0.00293
1848.42097,0.00297
1847.45674,0.00320
1846.49251,0.00339
1845.52829,0.00337
1844.56406,0.00316
1843.59984,0.00296
1842.63561,0.00300
1841.67139,0.00327
1840.70716,0.00358
1839.74293,0.00377
1838.77871,0.00379
1837.81448,0.00372
1836.85026,0.00365
1835.88603,0.00365
1834.92180,0.00374
1833.95758,0.00386
1832.99335,0.00394
1832.02913,0.00392
1831.06490,0.00383
1830.10067,0.00367
1829.13645,0.00345
1828.17222,0.00318
1827.20800,0.00298
1826.24377,0.00299
1825.27955,0.00324
1824.31532,0.00357
1823.35109,0.00372
1822.38687,0.00366
1821.42264,0.00354
1820.45842,0.00357
1819.49419,0.00371
1818.52996,0.00377
1817.56574,0.00364
1816.60151,0.00346
1815.63729,0.00347
1814.67306,0.00377
1813.70884,0.00421
1812.74461,0.00454
1811.78038,0.00467
1810.81616,0.00468
1809.85193,0.00469
1808.88771,0.00475
1807.92348,0.00478
1806.95925,0.00466
1805.99503,0.00439
1805.03080,0.00408
1804.06658,0.00390
1803.10235,0.00395
1802.13813,0.00419
1801.17390,0.00441
1800.20967,0.00443
1799.24545,0.00424
1798.28122,0.00395
1797.31700,0.00372
1796.35277,0.00366
1795.38854,0.00373
1794.42432,0.00389
1793.46009,0.00408
1792.49587,0.00426
1791.53164,0.00436
1790.56741,0.00437
1789.60319,0.00432
1788.63896,0.00424
1787.67474,0.00414
1786.71051,0.00410
1785.74629,0.00417
1784.78206,0.00436
1783.81783,0.00454
1782.85361,0.00457
1781.88938,0.00442
1780.92516,0.00423
1779.96093,0.00417
1778.99670,0.00427
1778.03248,0.00437
1777.06825,0.00432
1776.10403,0.00414
1775.13980,0.00401
1774.17558,0.00404
1773.21135,0.00421
1772.24712,0.00442
1771.28290,0.00460
1770.31867,0.00477
1769.35445,0.00496
1768.39022,0.00512
1767.42599,0.00519
1766.46177,0.00514
1765.49754,0.00503
1764.53332,0.00489
1763.56909,0.00477
1762.60487,0.00469
1761.64064,0.00466
1760.67641,0.00468
1759.71219,0.00472
1758.74796,0.00480
1757.78374,0.00494
1756.81951,0.00513
1755.85528,0.00531
1754.89106,0.00539
1753.92683,0.00539
1752.96261,0.00539
1751.99838,0.00544
1751.03415,0.00550
1750.06993,0.00547
1749.10570,0.00540
1748.14148,0.00541
1747.17725,0.00559
1746.21303,0.00585
1745.24880,0.00607
1744.28457,0.00616
1743.32035,0.00616
1742.35612,0.00611
1741.39190,0.00596
1740.42767,0.00569
1739.46344,0.00538
1738.49922,0.00526
1737.53499,0.00545
1736.57077,0.00586
1735.60654,0.00627
1734.64232,0.00651
1733.67809,0.00656
1732.71386,0.00654
1731.74964,0.00651
1730.78541,0.00649
1729.82119,0.00647
1728.85696,0.00648
1727.89273,0.00656
1726.92851,0.00667
1725.96428,0.00672
1725.00006,0.00666
1724.03583,0.00651
1723.07160,0.00640
1722.10738,0.00643
1721.14315,0.00664
1720.17893,0.00695
1719.21470,0.00725
1718.25048,0.00746
1717.28625,0.00758
1716.32202,0.00767
1715.35780,0.00776
1714.39357,0.00787
1713.42935,0.00795
1712.46512,0.00800
1711.50089,0.00804
1710.53667,0.00809
1709.57244,0.00814
1708.60822,0.00819
1707.64399,0.00825
1706.67977,0.00834
1705.71554,0.00847
1704.75131,0.00863
1703.78709,0.00882
1702.82286,0.00903
1701.85864,0.00923
1700.89441,0.00937
1699.93018,0.00945
1698.96596,0.00955
1698.00173,0.00978
1697.03751,0.01012
1696.07328,0.01042
1695.10906,0.01047
1694.14483,0.01024
1693.18060,0.00993
1692.21638,0.00978
1691.25215,0.00991
1690.28793,0.01024
1689.32370,0.01061
1688.35947,0.01092
1687.39525,0.01116
1686.43102,0.01139
1685.46680,0.01164
1684.50257,0.01187
1683.53834,0.01199
1682.57412,0.01196
1681.60989,0.01178
1680.64567,0.01158
1679.68144,0.01149
1678.71722,0.01158
1677.75299,0.01176
1676.78876,0.01184
1675.82454,0.01170
1674.86031,0.01143
1673.89609,0.01127
1672.93186,0.01142
1671.96763,0.01190
1671.00341,0.01256
1670.03918,0.01318
1669.07496,0.01359
1668.11073,0.01379
1667.14651,0.01382
1666.18228,0.01375
1665.21805,0.01363
1664.25383,0.01349
1663.28960,0.01335
1662.32538,0.01328
1661.36115,0.01334
1660.39692,0.01353
1659.43270,0.01383
1658.46847,0.01415
1657.50425,0.01442
1656.54002,0.01458
1655.57579,0.01458
1654.61157,0.01444
1653.64734,0.01423
1652.68312,0.01400
1651.71889,0.01379
1650.75467,0.01358
1649.79044,0.01342
1648.82621,0.01342
1647.86199,0.01367
1646.89776,0.01410
1645.93354,0.01449
1644.96931,0.01456
1644.00508,0.01426
1643.04086,0.01379
1642.07663,0.01342
1641.11241,0.01330
1640.14818,0.01338
1639.18396,0.01348
1638.21973,0.01353
1637.25550,0.01354
1636.29128,0.01356
1635.32705,0.01355
1634.36283,0.01340
1633.39860,0.01308
1632.43437,0.01270
1631.47015,0.01243
1630.50592,0.01231
1629.54170,0.01227
1628.57747,0.01215
1627.61325,0.01191
1626.64902,0.01167
1625.68479,0.01156
1624.72057,0.01163
1623.75634,0.01173
1622.79212,0.01174
1621.82789,0.01164
1620.86366,0.01151
1619.89944,0.01142
1618.93521,0.01136
1617.97099,0.01129
1617.00676,0.01116
1616.04253,0.01100
1615.07831,0.01083
1614.11408,0.01069
1613.14986,0.01058
1612.18563,0.01047
1611.22141,0.01032
1610.25718,0.01011
1609.29295,0.00984
1608.32873,0.00957
1607.36450,0.00935
1606.40028,0.00916
1605.43605,0.00898
1604.47182,0.00883
1603.50760,0.00877
1602.54337,0.00887
1601.57915,0.00908
1600.61492,0.00924
1599.65070,0.00919
1598.68647,0.00893
1597.72224,0.00855
1596.75802,0.00822
1595.79379,0.00799
1594.82957,0.00788
1593.86534,0.00787
1592.90111,0.00796
1591.93689,0.00813
1590.97266,0.00828
1590.00844,0.00830
1589.04421,0.00808
1588.07999,0.00767
1587.11576,0.00726
1586.15153,0.00707
1585.18731,0.00723
1584.22308,0.00769
1583.25886,0.00824
1582.29463,0.00864
1581.33040,0.00878
1580.36618,0.00869
1579.40195,0.00850
1578.43773,0.00829
1577.47350,0.00808
1576.50927,0.00780
1575.54505,0.00739
1574.58082,0.00694
1573.61660,0.00659
1572.65237,0.00652
1571.68815,0.00676
1570.72392,0.00716
1569.75969,0.00748
1568.79547,0.00755
1567.83124,0.00737
1566.86702,0.00707
1565.90279,0.00679
1564.93856,0.00662
1563.97434,0.00658
1563.01011,0.00662
1562.04589,0.00669
1561.08166,0.00674
1560.11744,0.00681
1559.15321,0.00688
1558.18898,0.00686
1557.22476,0.00664
1556.26053,0.00621
1555.29631,0.00576
1554.33208,0.00556
1553.36785,0.00573
1552.40363,0.00613
1551.43940,0.00644
1550.47518,0.00645
1549.51095,0.00621
1548.54672,0.00596
1547.58250,0.00587
1546.61827,0.00596
1545.65405,0.00613
1544.68982,0.00629
1543.72560,0.00638
1542.76137,0.00643
1541.79714,0.00647
1540.83292,0.00656
1539.86869,0.00670
1538.90447,0.00682
1537.94024,0.00685
1536.97601,0.00676
1536.01179,0.00665
1535.04756,0.00659
1534.08334,0.00661
1533.11911,0.00664
1532.15489,0.00661
1531.19066,0.00648
1530.22643,0.00629
1529.26221,0.00608
1528.29798,0.00591
1527.33376,0.00580
1526.36953,0.00573
1525.40530,0.00569
1524.44108,0.00569
1523.47685,0.00576
1522.51263,0.00591
1521.54840,0.00603
1520.58418,0.00598
1519.61995,0.00573
1518.65572,0.00543
1517.69150,0.00526
1516.72727,0.00525
1515.76305,0.00524
1514.79882,0.00511
1513.83459,0.00494
1512.87037,0.00495
1511.90614,0.00524
1510.94192,0.00568
1509.97769,0.00604
1509.01346,0.00622
1508.04924,0.00627
1507.08501,0.00626
1506.12079,0.00616
1505.15656,0.00592
1504.19234,0.00563
1503.22811,0.00542
1502.26388,0.00534
1501.29966,0.00534
1500.33543,0.00534
1499.37121,0.00537
1498.40698,0.00552
1497.44275,0.00574
1496.47853,0.00586
1495.51430,0.00576
1494.55008,0.00547
1493.58585,0.00510
1492.62163,0.00474
1491.65740,0.00443
1490.69317,0.00426
1489.72895,0.00436
1488.76472,0.00476
1487.80050,0.00525
1486.83627,0.00553
1485.87204,0.00541
1484.90782,0.00496
1483.94359,0.00441
1482.97937,0.00399
1482.01514,0.00383
1481.05092,0.00397
1480.08669,0.00434
1479.12246,0.00476
1478.15824,0.00497
1477.19401,0.00489
1476.22979,0.00467
1475.26556,0.00451
1474.30133,0.00445
1473.33711,0.00440
1472.37288,0.00435
1471.40866,0.00444
1470.44443,0.00479
1469.48020,0.00524
1468.51598,0.00545
1467.55175,0.00523
1466.58753,0.00479
1465.62330,0.00449
1464.65908,0.00446
1463.69485,0.00461
1462.73062,0.00482
1461.76640,0.00516
1460.80217,0.00561
1459.83795,0.00590
1458.87372,0.00567
1457.90949,0.00486
1456.94527,0.00392
1455.98104,0.00337
1455.01682,0.00333
1454.05259,0.00350
1453.08837,0.00358
1452.12414,0.00355
1451.15991,0.00344
1450.19569,0.00317
1449.23146,0.00264
1448.26724,0.00199
1447.30301,0.00161
1446.33878,0.00175
1445.37456,0.00230
1444.41033,0.00294
1443.44611,0.00347
1442.48188,0.00388
1441.51765,0.00415
1440.55343,0.00417
1439.58920,0.00393
1438.62498,0.00364
1437.66075,0.00349
1436.69653,0.00347
1435.73230,0.00344
1434.76807,0.00342
1433.80385,0.00368
1432.83962,0.00441
1431.87540,0.00536
1430.91117,0.00597
1429.94694,0.00589
1428.98272,0.00530
1428.01849,0.00472
1427.05427,0.00453
1426.09004,0.00473
1425.12582,0.00515
1424.16159,0.00564
1423.19736,0.00616
1422.23314,0.00662
1421.26891,0.00691
1420.30469,0.00695
1419.34046,0.00673
1418.37623,0.00633
1417.41201,0.00580
1416.44778,0.00522
1415.48356,0.00469
1414.51933,0.00434
1413.55511,0.00419
1412.59088,0.00417
1411.62665,0.00414
1410.66243,0.00410
1409.69820,0.00412
1408.73398,0.00429
1407.76975,0.00454
1406.80552,0.00469
1405.84130,0.00457
1404.87707,0.00420
1403.91285,0.00386
1402.94862,0.00391
1401.98439,0.00445
1401.02017,0.00521
1400.05594,0.00569
1399.09172,0.00560
1398.12749,0.00512
1397.16327,0.00465
1396.19904,0.00447
1395.23481,0.00448
1394.27059,0.00439
1393.30636,0.00412
1392.34214,0.00384
1391.37791,0.00380
1390.41368,0.00401
1389.44946,0.00425
1388.48523,0.00435
1387.52101,0.00428
1386.55678,0.00416
1385.59256,0.00408
1384.62833,0.00401
1383.66410,0.00394
1382.69988,0.00393
1381.73565,0.00404
1380.77143,0.00420
1379.80720,0.00424
1378.84297,0.00409
1377.87875,0.00389
1376.91452,0.00391
1375.95030,0.00430
1374.98607,0.00492
1374.02184,0.00547
1373.05762,0.00571
1372.09339,0.00565
1371.12917,0.00547
1370.16494,0.00536
1369.20072,0.00540
1368.23649,0.00561
1367.27226,0.00586
1366.30804,0.00598
1365.34381,0.00586
1364.37959,0.00557
1363.41536,0.00538
1362.45113,0.00546
1361.48691,0.00564
1360.52268,0.00549
1359.55846,0.00482
1358.59423,0.00389
1357.63001,0.00324
1356.66578,0.00318
1355.70155,0.00347
1354.73733,0.00365
1353.77310,0.00348
1352.80888,0.00312
1351.84465,0.00289
1350.88042,0.00298
1349.91620,0.00336
1348.95197,0.00388
1347.98775,0.00434
1347.02352,0.00458
1346.05930,0.00456
1345.09507,0.00440
1344.13084,0.00426
1343.16662,0.00417
1342.20239,0.00399
1341.23817,0.00363
1340.27394,0.00328
1339.30971,0.00333
1338.34549,0.00391
1337.38126,0.00470
1336.41704,0.00520
1335.45281,0.00516
1334.48858,0.00477
1333.52436,0.00438
1332.56013,0.00418
1331.59591,0.00420
1330.63168,0.00437
1329.66746,0.00458
1328.70323,0.00462
1327.73900,0.00428
1326.77478,0.00365
1325.81055,0.00307
1324.84633,0.00296
1323.88210,0.00335
1322.91787,0.00391
1321.95365,0.00423
1320.98942,0.00415
1320.02520,0.00378
1319.06097,0.00329
1318.09675,0.00286
1317.13252,0.00268
1316.16829,0.00285
1315.20407,0.00330
1314.23984,0.00379
1313.27562,0.00411
1312.31139,0.00425
1311.34716,0.00431
1310.38294,0.00438
1309.41871,0.00443
1308.45449,0.00447
1307.49026,0.00457
1306.52604,0.00473
1305.56181,0.00486
1304.59758,0.00481
1303.63336,0.00458
1302.66913,0.00428
1301.70491,0.00405
1300.74068,0.00390
1299.77645,0.00379
1298.81223,0.00363
1297.84800,0.00322
1296.88378,0.00239
1295.91955,0.00123
1294.95532,0.00030
1293.99110,0.00029
1293.02687,0.00144
1292.06265,0.00323
1291.09842,0.00489
1290.13420,0.00600
1289.16997,0.00677
1288.20574,0.00750
1287.24152,0.00812
1286.27729,0.00831
1285.31307,0.00787
1284.34884,0.00704
1283.38461,0.00619
1282.42039,0.00553
1281.45616,0.00506
1280.49194,0.00471
1279.52771,0.00448
1278.56349,0.00432
1277.59926,0.00414
1276.63503,0.00390
1275.67081,0.00374
1274.70658,0.00378
1273.74236,0.00394
1272.77813,0.00394
1271.81390,0.00357
1270.84968,0.00298
1269.88545,0.00260
1268.92123,0.00280
1267.95700,0.00362
1266.99277,0.00468
1266.02855,0.00541
1265.06432,0.00545
1264.10010,0.00483
1263.13587,0.00398
1262.17165,0.00340
1261.20742,0.00332
1260.24319,0.00363
1259.27897,0.00405
1258.31474,0.00440
1257.35052,0.00464
1256.38629,0.00473
1255.42206,0.00464
1254.45784,0.00442
1253.49361,0.00423
1252.52939,0.00430
1251.56516,0.00460
1250.60094,0.00489
1249.63671,0.00483
1248.67248,0.00427
1247.70826,0.00339
1246.74403,0.00256
1245.77981,0.00216
1244.81558,0.00237
1243.85135,0.00309
1242.88713,0.00396
1241.92290,0.00458
1240.95868,0.00477
1239.99445,0.00460
1239.03023,0.00422
1238.06600,0.00365
1237.10177,0.00287
1236.13755,0.00200
1235.17332,0.00138
1234.20910,0.00129
1233.24487,0.00172
1232.28064,0.00232
1231.31642,0.00276
1230.35219,0.00299
1229.38797,0.00319
1228.42374,0.00347
1227.45951,0.00374
1226.49529,0.00387
1225.53106,0.00378
1224.56684,0.00354
1223.60261,0.00328
1222.63839,0.00311
1221.67416,0.00314
1220.70993,0.00343
1219.74571,0.00395
1218.78148,0.00459
1217.81726,0.00520
1216.85303,0.00554
1215.88880,0.00538
1214.92458,0.00461
1213.96035,0.00341
1212.99613,0.00227
1212.03190,0.00171
1211.06768,0.00181
1210.10345,0.00226
1209.13922,0.00266
1208.17500,0.00288
1207.21077,0.00309
1206.24655,0.00342
1205.28232,0.00372
1204.31809,0.00380
1203.35387,0.00369
1202.38964,0.00363
1201.42542,0.00371
1200.46119,0.00380
1199.49697,0.00371
1198.53274,0.00351
1197.56851,0.00345
1196.60429,0.00372
1195.64006,0.00415
1194.67584,0.00441
1193.71161,0.00430
1192.74738,0.00388
1191.78316,0.00332
1190.81893,0.00280
1189.85471,0.00247
1188.89048,0.00247
1187.92625,0.00281
1186.96203,0.00332
1185.99780,0.00364
1185.03358,0.00352
1184.06935,0.00289
1183.10513,0.00199
1182.14090,0.00117
1181.17667,0.00080
1180.21245,0.00110
1179.24822,0.00193
1178.28400,0.00286
1177.31977,0.00336
1176.35554,0.00314
1175.39132,0.00223
1174.42709,0.00091
1173.46287,-0.00040
1172.49864,-0.00130
1171.53442,-0.00150
1170.57019,-0.00107
1169.60596,-0.00042
1168.64174,0.00002
1167.67751,0.00020
1166.71329,0.00049
1165.74906,0.00126
1164.78483,0.00244
1163.82061,0.00360
1162.85638,0.00436
1161.89216,0.00475
1160.92793,0.00489
1159.96370,0.00477
1158.99948,0.00426
1158.03525,0.00345
1157.07103,0.00272
1156.10680,0.00238
1155.14258,0.00232
1154.17835,0.00212
1153.21412,0.00151
1152.24990,0.00077
1151.28567,0.00046
1150.32145,0.00097
1149.35722,0.00213
1148.39299,0.00335
1147.42877,0.00397
1146.46454,0.00368
1145.50032,0.00266
1144.53609,0.00142
1143.57187,0.00038
1142.60764,-0.00027
1141.64341,-0.00056
1140.67919,-0.00041
1139.71496,0.00033
1138.75074,0.00163
1137.78651,0.00302
1136.82228,0.00393
1135.85806,0.00410
1134.89383,0.00383
1133.92961,0.00356
1132.96538,0.00345
1132.00116,0.00345
1131.03693,0.00363
1130.07270,0.00420
1129.10848,0.00502
1128.14425,0.00541
1127.18003,0.00447
1126.21580,0.00206
1125.25157,-0.00080
1124.28735,-0.00248
1123.32312,-0.00200
1122.35890,0.00020
1121.39467,0.00255
1120.43044,0.00349
1119.46622,0.00275
1118.50199,0.00148
1117.53777,0.00109
1116.57354,0.00179
1115.60932,0.00236
1114.64509,0.00141
1113.68086,-0.00110
1112.71664,-0.00367
1111.75241,-0.00468
1110.78819,-0.00371
1109.82396,-0.00159
1108.85973,0.00073
1107.89551,0.00287
1106.93128,0.00459
1105.96706,0.00524
1105.00283,0.00412
1104.03861,0.00143
1103.07438,-0.00146
1102.11015,-0.00303
1101.14593,-0.00273
1100.18170,-0.00125
1099.21748,0.00028
1098.25325,0.00106
1097.28902,0.00091
1096.32480,0.00025
1095.36057,-0.00012
1094.39635,0.00051
1093.43212,0.00215
1092.46790,0.00399
1091.50367,0.00506
1090.53944,0.00515
1089.57522,0.00492
1088.61099,0.00489
1087.64677,0.00476
1086.68254,0.00377
1085.71831,0.00184
1084.75409,-0.00001
1083.78986,-0.00053
1082.82564,0.00066
1081.86141,0.00280
1080.89718,0.00470
1079.93296,0.00549
1078.96873,0.00502
1078.00451,0.00385
1077.04028,0.00299
1076.07606,0.00335
1075.11183,0.00508
1074.14760,0.00725
1073.18338,0.00853
1072.21915,0.00814
1071.25493,0.00638
1070.29070,0.00414
1069.32647,0.00215
1068.36225,0.00075
1067.39802,0.00011
1066.43380,0.00041
1065.46957,0.00153
1064.50535,0.00290
1063.54112,0.00394
1062.57689,0.00447
1061.61267,0.00476
1060.64844,0.00499
1059.68422,0.00487
1058.71999,0.00396
1057.75576,0.00234
1056.79154,0.00070
1055.82731,-0.00015
1054.86309,0.00002
1053.89886,0.00079
1052.93463,0.00164
1051.97041,0.00233
1051.00618,0.00294
1050.04196,0.00361
1049.07773,0.00428
1048.11351,0.00481
1047.14928,0.00516
1046.18505,0.00542
1045.22083,0.00575
1044.25660,0.00623
1043.29238,0.00675
1042.32815,0.00704
1041.36392,0.00684
1040.39970,0.00606
1039.43547,0.00491
1038.47125,0.00374
1037.50702,0.00288
1036.54280,0.00233
1035.57857,0.00185
1034.61434,0.00116
1033.65012,0.00035
1032.68589,-0.00011
1031.72167,0.00038
1030.75744,0.00204
1029.79321,0.00446
1028.82899,0.00687
1027.86476,0.00851
1026.90054,0.00909
1025.93631,0.00875
1024.97209,0.00790
1024.00786,0.00698
1023.04363,0.00629
1022.07941,0.00595
1021.11518,0.00580
1020.15096,0.00557
1019.18673,0.00510
1018.22250,0.00441
1017.25828,0.00360
1016.29405,0.00271
1015.32983,0.00176
1014.36560,0.00097
1013.40137,0.00071
1012.43715,0.00114
1011.47292,0.00199
1010.50870,0.00279
1009.54447,0.00336
1008.58025,0.00394
1007.61602,0.00456
1006.65179,0.00466
1005.68757,0.00346
1004.72334,0.00096
1003.75912,-0.00169
1002.79489,-0.00298
1001.83066,-0.00242
1000.86644,-0.00090
999.90221,0.00017
998.93799,0.00021
997.97376,-0.00025
997.00954,-0.00033
996.04531,0.00034
995.08108,0.00155
994.11686,0.00297
993.15263,0.00447
992.18841,0.00584
991.22418,0.00650
990.25995,0.00585
989.29573,0.00388
988.33150,0.00145
987.36728,-0.00028
986.40305,-0.00076
985.43882,-0.00036
984.47460,0.00007
983.51037,-0.00010
982.54615,-0.00091
981.58192,-0.00197
980.61770,-0.00274
979.65347,-0.00271
978.68924,-0.00157
977.72502,0.00049
976.76079,0.00271
975.79657,0.00412
974.83234,0.00425
973.86811,0.00359
972.90389,0.00324
971.93966,0.00382
970.97544,0.00487
970.01121,0.00532
969.04699,0.00454
968.08276,0.00299
967.11853,0.00170
966.15431,0.00139
965.19008,0.00202
964.22586,0.00311
963.26163,0.00410
962.29740,0.00448
961.33318,0.00373
960.36895,0.00166
959.40473,-0.00096
958.44050,-0.00251
957.47628,-0.00180
956.51205,0.00069
955.54782,0.00291
954.58360,0.00282
953.61937,0.00011
952.65515,-0.00350
951.69092,-0.00568
950.72669,-0.00531
949.76247,-0.00299
948.79824,-0.00042
947.83402,0.00077
946.86979,-0.00006
945.90556,-0.00215
944.94134,-0.00382
943.97711,-0.00350
943.01289,-0.00091
942.04866,0.00274
941.08444,0.00563
940.12021,0.00668
939.15598,0.00595
938.19176,0.00397
937.22753,0.00108
936.26331,-0.00237
935.29908,-0.00532
934.33485,-0.00620
933.37063,-0.00424
932.40640,-0.00068
931.44218,0.00190
930.47795,0.00170
929.51373,-0.00080
928.54950,-0.00330
927.58527,-0.00366
926.62105,-0.00147
925.65682,0.00189
924.69260,0.00450
923.72837,0.00516
922.76414,0.00378
921.79992,0.00110
920.83569,-0.00187
919.87147,-0.00417
918.90724,-0.00523
917.94302,-0.00495
916.97879,-0.00374
916.01456,-0.00225
915.05034,-0.00111
914.08611,-0.00066
913.12189,-0.00089
912.15766,-0.00155
911.19343,-0.00235
910.22921,-0.00305
909.26498,-0.00339
908.30076,-0.00313
907.33653,-0.00226
906.37230,-0.00131
905.40808,-0.00106
904.44385,-0.00184
903.47963,-0.00297
902.51540,-0.00328
901.55118,-0.00227
900.58695,-0.00074
899.62272,0.00002
898.65850,-0.00036
897.69427,-0.00083
896.73005,0.00006
895.76582,0.00271
894.80159,0.00612
893.83737,0.00891
892.87314,0.01049
891.90892,0.01115
890.94469,0.01124
889.98047,0.01054
889.01624,0.00835
888.05201,0.00431
887.08779,-0.00095
886.12356,-0.00592
885.15934,-0.00900
884.19511,-0.00955
883.23088,-0.00837
882.26666,-0.00711
881.30243,-0.00719
880.33821,-0.00880
879.37398,-0.01085
878.40975,-0.01186
877.44553,-0.01083
876.48130,-0.00802
875.51708,-0.00469
874.55285,-0.00227
873.58863,-0.00135
872.62440,-0.00146
871.66017,-0.00165
870.69595,-0.00149
869.73172,-0.00133
868.76750,-0.00176
867.80327,-0.00287
866.83904,-0.00408
865.87482,-0.00489
864.91059,-0.00547
863.94637,-0.00658
862.98214,-0.00870
862.01792,-0.01132
861.05369,-0.01319
860.08946,-0.01326
859.12524,-0.01140
858.16101,-0.00837
857.19679,-0.00523
856.23256,-0.00275
855.26833,-0.00095
854.30411,0.00064
853.33988,0.00243
852.37566,0.00417
851.41143,0.00510
850.44721,0.00473
849.48298,0.00330
848.51875,0.00164
847.55453,0.00046
846.59030,-0.00002
845.62608,0.00030
844.66185,0.00177
843.69762,0.00477
842.73340,0.00898
841.76917,0.01298
840.80495,0.01491
839.84072,0.01384
838.87649,0.01035
837.91227,0.00601
836.94804,0.00217
835.98382,-0.00075
835.01959,-0.00293
834.05537,-0.00430
833.09114,-0.00437
832.12691,-0.00305
831.16269,-0.00140
830.19846,-0.00108
829.23424,-0.00258
828.27001,-0.00433
827.30578,-0.00390
826.34156,-0.00067
825.37733,0.00305
824.41311,0.00403
823.44888,0.00147
822.48466,-0.00206
821.52043,-0.00307
820.55620,-0.00061
819.59198,0.00290
818.62775,0.00420
817.66353,0.00218
816.69930,-0.00145
815.73507,-0.00387
814.77085,-0.00342
813.80662,-0.00073
812.84240,0.00199
811.87817,0.00269
810.91395,0.00105
809.94972,-0.00150
808.98549,-0.00310
808.02127,-0.00316
807.05704,-0.00278
806.09282,-0.00333
805.12859,-0.00460
804.16436,-0.00482
803.20014,-0.00260
802.23591,0.00139
801.27169,0.00493
800.30746,0.00622
799.34323,0.00499
798.37901,0.00228
797.41478,-0.00046
796.45056,-0.00184
795.48633,-0.00097
794.52211,0.00179
793.55788,0.00450
792.59365,0.00498
791.62943,0.00283
790.66520,-0.00004
789.70098,-0.00132
788.73675,-0.00071
787.77252,-0.00017
786.80830,-0.00165
785.84407,-0.00508
784.87985,-0.00852
783.91562,-0.01009
782.95140,-0.00926
781.98717,-0.00660
781.02294,-0.00311
780.05872,0.00001
779.09449,0.00159
778.13027,0.00126
777.16604,0.00005
776.20181,-0.00016
775.23759,0.00163
774.27336,0.00455
773.30914,0.00653
772.34491,0.00614
771.38068,0.00358
770.41646,0.00038
769.45223,-0.00180
768.48801,-0.00227
767.52378,-0.00155
766.55956,-0.00083
765.59533,-0.00099
764.63110,-0.00190
763.66688,-0.00252
762.70265,-0.00207
761.73843,-0.00087
760.77420,0.00002
759.80997,-0.00005
758.84575,-0.00068
757.88152,-0.00112
756.91730,-0.00112
755.95307,-0.00090
754.98885,-0.00046
754.02462,0.00046
753.06039,0.00171
752.09617,0.00238
751.13194,0.00164
750.16772,-0.00014
749.20349,-0.00159
748.23926,-0.00175
747.27504,-0.00104
746.31081,-0.00068
745.34659,-0.00123
744.38236,-0.00201
743.41814,-0.00193
742.45391,-0.00056
741.48968,0.00158
740.52546,0.00358
739.56123,0.00475
738.59701,0.00472
737.63278,0.00340
736.66855,0.00099
735.70433,-0.00195
734.74010,-0.00454
733.77588,-0.00595
732.81165,-0.00580
731.84742,-0.00458
730.88320,-0.00339
729.91897,-0.00303
728.95475,-0.00312
727.99052,-0.00250
727.02630,-0.00069
726.06207,0.00115
725.09784,0.00113
724.13362,-0.00117
723.16939,-0.00373
722.20517,-0.00380
721.24094,-0.00074
720.27671,0.00322
719.31249,0.00515
718.34826,0.00411
717.38404,0.00158
716.41981,-0.00029
715.45559,-0.00057
714.49136,0.00027
713.52713,0.00146
712.56291,0.00264
711.59868,0.00374
710.63446,0.00456
709.67023,0.00471
708.70600,0.00409
707.74178,0.00315
706.77755,0.00273
705.81333,0.00353
704.84910,0.00551
703.88487,0.00784
702.92065,0.00954
701.95642,0.01025
700.99220,0.01044
700.02797,0.01069
699.06375,0.01102
698.09952,0.01093
697.13529,0.01011
696.17107,0.00891
695.20684,0.00781
694.24262,0.00688
693.27839,0.00568
692.31416,0.00399
691.34994,0.00204
690.38571,0.00026
689.42149,-0.00107
688.45726,-0.00160
687.49304,-0.00076
686.52881,0.00167
685.56458,0.00467
684.60036,0.00624
683.63613,0.00509
682.67191,0.00181
681.70768,-0.00157
680.74345,-0.00333
679.77923,-0.00324
678.81500,-0.00192
677.85078,0.00020
676.88655,0.00298
675.92233,0.00585
674.95810,0.00764
673.99387,0.00745
673.02965,0.00571
672.06542,0.00398
671.10120,0.00382
670.13697,0.00561
669.17274,0.00810
668.20852,0.00878
667.24429,0.00538
666.28007,-0.00173
665.31584,-0.00912
664.35161,-0.01274
663.38739,-0.01052
662.42316,-0.00367
661.45894,0.00392
660.49471,0.00856
659.53049,0.00945
658.56626,0.00827
657.60203,0.00667
656.63781,0.00458
655.67358,0.00092
654.70936,-0.00454
653.74513,-0.01015
652.78090,-0.01338
651.81668,-0.01272
650.85245,-0.00880
649.88823,-0.00386
648.92400,0.00005
647.95978,0.00229
646.99555,0.00357
646.03132,0.00468
645.06710,0.00572
644.10287,0.00630
643.13865,0.00631
642.17442,0.00627
641.21019,0.00679
640.24597,0.00800
639.28174,0.00940
638.31752,0.01013
637.35329,0.00932
636.38907,0.00630
635.42484,0.00140
634.46061,-0.00344
633.49639,-0.00538
632.53216,-0.00304
631.56794,0.00181
630.60371,0.00548
629.63948,0.00539
628.67526,0.00188
627.71103,-0.00287
626.74681,-0.00675
625.78258,-0.00848
624.81835,-0.00725
623.85413,-0.00316
622.88990,0.00160
621.92568,0.00356
620.96145,0.00093
619.99723,-0.00396
619.03300,-0.00643
618.06877,-0.00418
617.10455,0.00047
616.14032,0.00336
615.17610,0.00295
614.21187,0.00116
613.24764,0.00013
612.28342,-0.00029
611.31919,-0.00156
610.35497,-0.00407
609.39074,-0.00664
608.42652,-0.00789
607.46229,-0.00732
606.49806,-0.00494
605.53384,-0.00123
604.56961,0.00228
603.60539,0.00374
602.64116,0.00291
601.67693,0.00178
600.71271,0.00182
599.74848,0.00073
598.78426,-0.00572
597.82003,-0.01819
596.85580,-0.03123
595.89158,-0.03746
594.92735,-0.03487
593.96313,-0.02846
592.99890,-0.02462
592.03468,-0.02512
591.07045,-0.02684
590.10622,-0.02696
589.14200,-0.02611
588.17777,-0.02605
587.21355,-0.02666
586.24932,-0.02664
585.28509,-0.02600
584.32087,-0.02650
583.35664,-0.02898
582.39242,-0.03155
581.42819,-0.03136
580.46397,-0.02761
579.49974,-0.02221
578.53551,-0.01680
577.57129,-0.01034
576.60706,-0.00005
575.64284,0.01462
574.67861,0.02994
573.71438,0.03986
572.75016,0.04054
571.78593,0.03332
570.82171,0.02274
569.85748,0.01266
568.89326,0.00398
567.92903,-0.00367
566.96480,-0.00935
566.00058,-0.01035
565.03635,-0.00594
564.07213,-0.00151
563.10790,-0.00490
562.14367,-0.01666
561.17945,-0.02801
560.21522,-0.02865
559.25100,-0.01584
558.28677,0.00263
557.32254,0.01582
556.35832,0.02011
555.39409,0.02140
554.42987,0.02726
553.46564,0.03974
552.50142,0.05563
551.53719,0.06970
550.57296,0.07554
549.60874,0.06766
548.64451,0.04845
547.68029,0.03044
546.71606,0.02480
545.75183,0.03153
544.78761,0.04002
543.82338,0.04068
542.85916,0.04661
541.89493,0.06953
540.93071,0.10094
539.96648,0.12272
539.00225,0.12309
538.03803,0.12480
537.07380,0.15403
536.10958,0.20280
535.14535,0.24074
534.18112,0.22235
533.21690,0.14524
532.25267,0.04762
531.28845,-0.02891
530.32422,-0.07127
529.36000,-0.07861
528.39577,-0.05939
527.43154,-0.03396
526.46732,-0.04972
525.50309,-0.12754
524.53887,-0.20638
523.57464,-0.20233
522.61041,-0.08112
521.64619,0.09739
520.68196,0.22959
519.71774,0.26616
518.75351,0.20883
517.78928,0.09306
516.82506,-0.01625
515.86083,-0.04938
514.89661,0.00665
513.93238,0.10058
512.96816,0.18794
512.00393,0.24755
511.03970,0.25171
510.07548,0.18610
509.11125,0.08523
508.14703,0.00459
507.18280,-0.02113
506.21857,0.00502
505.25435,0.05281
504.29012,0.09332
503.32590,0.13255
502.36167,0.17586
501.39745,0.20610
500.43322,0.18931
499.46899,0.12916
498.50477,0.06058
497.54054,0.01202
496.57632,-0.00843
495.61209,0.01345
494.64786,0.07371
493.68364,0.15760
492.71941,0.22792
491.75519,0.25182
490.79096,0.26393
489.82673,0.30830
488.86251,0.38883
487.89828,0.49414
486.93406,0.57150
485.96983,0.55490
485.00561,0.51036
484.04138,0.43612
483.07715,0.36329
482.11293,0.30245
481.14870,0.25330
480.18448,0.19814
479.22025,0.16359
478.25602,0.17324
477.29180,0.23999
476.32757,0.33595
475.36335,0.42580
474.39912,0.42120
473.43490,0.25984
472.47067,0.05693
471.50644,-0.07609
470.54222,-0.12025
469.57799,-0.10428
468.61377,-0.04282
467.64954,0.04533
466.68531,0.14146
465.72109,0.21947
464.75686,0.26124
463.79264,0.26814
462.82841,0.26990
461.86419,0.29182
460.89996,0.32863
459.93573,0.35936
458.97151,0.37919
458.00728,0.41919
457.04306,0.40957
456.07883,0.34665
455.11460,0.24602
454.15038,0.11642
453.18615,-0.00805
452.22193,-0.04664
451.25770,0.08432
450.29347,0.32779
449.32925,0.48780
448.36502,0.42205
447.40080,0.22474
446.43657,-0.00967
445.47235,-0.22490
444.50812,-0.30654
443.54389,-0.21335
442.57967,-0.07843
441.61544,0.02104
440.65122,0.05646
439.68699,0.01947
438.72276,-0.04934
437.75854,-0.06228
436.79431,-0.01221
435.83009,0.06215
434.86586,0.14276
433.90164,0.20358
432.93741,0.23164
431.97318,0.22443
431.00896,0.20097
430.04473,0.14599
429.08051,0.01251
428.11628,-0.26509
427.15205,-0.52002
426.18783,-0.46667
425.22360,-0.29215
424.25938,-0.13269
423.29515,-0.01713
422.33092,0.07972
421.36670,0.16791
420.40247,0.26701
419.43825,0.43007
418.47402,0.69962
417.50980,0.96347
416.54557,0.66214
415.58134,0.32246
414.61712,0.15867
413.65289,0.07472
412.68867,-0.00809
411.72444,-0.12022
410.76021,-0.25411
409.79599,-0.32253
408.83176,-0.26050
407.86754,-0.10711
406.90331,0.07049
405.93909,0.19284
404.97486,0.11509
404.01063,-0.01522
403.04641,-0.09417
402.08218,-0.14737
401.11796,-0.18360
400.15373,-0.17483
399.18950,-0.06776
398.22528,0.13627
397.26105,0.34939
396.29683,0.44324
395.33260,0.34896
394.36838,0.19995
393.40415,0.11235
392.43992,0.07768
391.47570,0.09657
390.51147,0.16850
389.54725,0.29975
388.58302,0.60714
387.61879,0.70579
386.65457,0.26393
385.69034,-0.13049
384.72612,-0.29555
383.76189,-0.26091
382.79766,-0.10364
381.83344,0.07616
380.86921,0.18961
379.90499,0.30722
378.94076,0.48429
377.97654,0.72987
377.01231,0.97370
376.04808,0.94390
375.08386,0.77719
374.11963,0.58178
373.15541,0.36351
372.19118,0.16196
371.22695,0.09685
370.26273,0.16661
369.29850,0.25988
368.33428,0.28946
367.37005,0.22839
366.40583,0.07849
365.44160,-0.15196
364.47737,-0.40774
363.51315,-0.53138
362.54892,-0.44681
361.58470,-0.33871
360.62047,-0.13219
359.65624,0.01902
358.69202,0.07130
357.72779,0.17936
356.76357,0.20370
355.79934,0.13892
354.83512,0.05501
353.87089,0.01353
352.90666,0.07558
351.94244,0.24472
350.97821,0.40160
350.01399,0.42358
349.04976,0.31797
