3946.57643,0.01666
3945.61220,0.01587
3944.64798,0.01540
3943.68375,0.01568
3942.71953,0.01650
3941.75530,0.01719
3940.79107,0.01734
3939.82685,0.01712
3938.86262,0.01689
3937.89840,0.01675
3936.93417,0.01647
3935.96994,0.01595
3935.00572,0.01536
3934.04149,0.01498
3933.07727,0.01485
3932.11304,0.01480
3931.14882,0.01469
3930.18459,0.01455
3929.22036,0.01447
3928.25614,0.01447
3927.29191,0.01452
3926.32769,0.01464
3925.36346,0.01483
3924.39923,0.01499
3923.43501,0.01493
3922.47078,0.01462
3921.50656,0.01433
3920.54233,0.01441
3919.57811,0.01502
3918.61388,0.01603
3917.64965,0.01709
3916.68543,0.01781
3915.72120,0.01787
3914.75698,0.01711
3913.79275,0.01569
3912.82852,0.01412
3911.86430,0.01309
3910.90007,0.01304
3909.93585,0.01392
3908.97162,0.01520
3908.00739,0.01621
3907.04317,0.01650
3906.07894,0.01605
3905.11472,0.01526
3904.15049,0.01470
3903.18627,0.01473
3902.22204,0.01521
3901.25781,0.01562
3900.29359,0.01559
3899.32936,0.01522
3898.36514,0.01489
3897.40091,0.01482
3896.43668,0.01482
3895.47246,0.01465
3894.50823,0.01436
3893.54401,0.01426
3892.57978,0.01443
3891.61556,0.01452
3890.65133,0.01405
3889.68710,0.01304
3888.72288,0.01210
3887.75865,0.01191
3886.79443,0.01260
3885.83020,0.01362
3884.86597,0.01426
3883.90175,0.01426
3882.93752,0.01392
3881.97330,0.01370
3881.00907,0.01381
3880.04485,0.01407
3879.08062,0.01421
3878.11639,0.01417
3877.15217,0.01408
3876.18794,0.01413
3875.22372,0.01432
3874.25949,0.01452
3873.29526,0.01462
3872.33104,0.01466
3871.36681,0.01473
3870.40259,0.01476
3869.43836,0.01464
3868.47413,0.01436
3867.50991,0.01413
3866.54568,0.01421
3865.58146,0.01460
3864.61723,0.01508
3863.65301,0.01536
3862.68878,0.01535
3861.72455,0.01512
3860.76033,0.01478
3859.79610,0.01433
3858.83188,0.01382
3857.86765,0.01338
3856.90342,0.01323
3855.93920,0.01353
3854.97497,0.01425
3854.01075,0.01517
3853.04652,0.01599
3852.08230,0.01643
3851.11807,0.01632
3850.15384,0.01566
3849.18962,0.01456
3848.22539,0.01332
3847.26117,0.01239
3846.29694,0.01221
3845.33271,0.01292
3844.36849,0.01415
3843.40426,0.01523
3842.44004,0.01559
3841.47581,0.01525
3840.51159,0.01472
3839.54736,0.01452
3838.58313,0.01474
3837.61891,0.01503
3836.65468,0.01508
3835.69046,0.01489
3834.72623,0.01471
3833.76200,0.01472
3832.79778,0.01491
3831.83355,0.01515
3830.86933,0.01538
3829.90510,0.01555
3828.94087,0.01559
3827.97665,0.01546
3827.01242,0.01521
3826.04820,0.01495
3825.08397,0.01476
3824.11975,0.01461
3823.15552,0.01446
3822.19129,0.01430
3821.22707,0.01413
3820.26284,0.01387
3819.29862,0.01345
3818.33439,0.01291
3817.37016,0.01250
3816.40594,0.01244
3815.44171,0.01276
3814.47749,0.01327
3813.51326,0.01374
3812.54904,0.01403
3811.58481,0.01411
3810.62058,0.01396
3809.65636,0.01367
3808.69213,0.01348
3807.72791,0.01372
3806.76368,0.01448
3805.79945,0.01551
3804.83523,0.01635
3803.87100,0.01670
3802.90678,0.01653
3801.94255,0.01603
3800.97832,0.01544
3800.01410,0.01495
3799.04987,0.01468
3798.08565,0.01468
3797.12142,0.01486
3796.15720,0.01511
3795.19297,0.01527
3794.22874,0.01528
3793.26452,0.01518
3792.30029,0.01504
3791.33607,0.01493
3790.37184,0.01492
3789.40761,0.01497
3788.44339,0.01497
3787.47916,0.01476
3786.51494,0.01433
3785.55071,0.01383
3784.58649,0.01351
3783.62226,0.01354
3782.65803,0.01389
3781.69381,0.01437
3780.72958,0.01484
3779.76536,0.01521
3778.80113,0.01549
3777.83690,0.01568
3776.87268,0.01576
3775.90845,0.01574
3774.94423,0.01564
3773.98000,0.01551
3773.01578,0.01537
3772.05155,0.01515
3771.08732,0.01476
3770.12310,0.01418
3769.15887,0.01352
3768.19465,0.01299
3767.23042,0.01280
3766.26619,0.01303
3765.30197,0.01358
3764.33774,0.01424
3763.37352,0.01478
3762.40929,0.01508
3761.44506,0.01510
3760.48084,0.01490
3759.51661,0.01459
3758.55239,0.01429
3757.58816,0.01412
3756.62394,0.01414
3755.65971,0.01433
3754.69548,0.01465
3753.73126,0.01501
3752.76703,0.01534
3751.80281,0.01555
3750.83858,0.01559
3749.87435,0.01551
3748.91013,0.01538
3747.94590,0.01531
3746.98168,0.01531
3746.01745,0.01534
3745.05323,0.01530
3744.08900,0.01515
3743.12477,0.01493
3742.16055,0.01475
3741.19632,0.01474
3740.23210,0.01495
3739.26787,0.01531
3738.30364,0.01564
3737.33942,0.01571
3736.37519,0.01540
3735.41097,0.01477
3734.44674,0.01407
3733.48251,0.01360
3732.51829,0.01351
3731.55406,0.01372
3730.58984,0.01404
3729.62561,0.01426
3728.66139,0.01435
3727.69716,0.01438
3726.73293,0.01443
3725.76871,0.01450
3724.80448,0.01455
3723.84026,0.01456
3722.87603,0.01460
3721.91180,0.01480
3720.94758,0.01524
3719.98335,0.01582
3719.01913,0.01628
3718.05490,0.01635
3717.09068,0.01600
3716.12645,0.01541
3715.16222,0.01489
3714.19800,0.01461
3713.23377,0.01457
3712.26955,0.01467
3711.30532,0.01482
3710.34109,0.01496
3709.37687,0.01506
3708.41264,0.01508
3707.44842,0.01499
3706.48419,0.01483
3705.51997,0.01467
3704.55574,0.01455
3703.59151,0.01447
3702.62729,0.01446
3701.66306,0.01450
3700.69884,0.01456
3699.73461,0.01457
3698.77038,0.01448
3697.80616,0.01432
3696.84193,0.01421
3695.87771,0.01423
3694.91348,0.01440
3693.94925,0.01462
3692.98503,0.01475
3692.02080,0.01475
3691.05658,0.01470
3690.09235,0.01479
3689.12813,0.01519
3688.16390,0.01576
3687.19967,0.01619
3686.23545,0.01617
3685.27122,0.01578
3684.30700,0.01539
3683.34277,0.01533
3682.37854,0.01559
3681.41432,0.01594
3680.45009,0.01618
3679.48587,0.01637
3678.52164,0.01658
3677.55742,0.01668
3676.59319,0.01642
3675.62896,0.01584
3674.66474,0.01539
3673.70051,0.01553
3672.73629,0.01621
3671.77206,0.01690
3670.80783,0.01709
3669.84361,0.01676
3668.87938,0.01636
3667.91516,0.01624
3666.95093,0.01635
3665.98671,0.01640
3665.02248,0.01626
3664.05825,0.01613
3663.09403,0.01626
3662.12980,0.01668
3661.16558,0.01716
3660.20135,0.01747
3659.23712,0.01760
3658.27290,0.01772
3657.30867,0.01792
3656.34445,0.01815
3655.38022,0.01823
3654.41599,0.01810
3653.45177,0.01784
3652.48754,0.01763
3651.52332,0.01758
3650.55909,0.01770
3649.59487,0.01790
3648.63064,0.01804
3647.66641,0.01799
3646.70219,0.01772
3645.73796,0.01738
3644.77374,0.01722
3643.80951,0.01742
3642.84528,0.01791
3641.88106,0.01836
3640.91683,0.01843
3639.95261,0.01803
3638.98838,0.01744
3638.02416,0.01709
3637.05993,0.01721
3636.09570,0.01773
3635.13148,0.01833
3634.16725,0.01867
3633.20303,0.01860
3632.23880,0.01826
3631.27457,0.01803
3630.31035,0.01821
3629.34612,0.01882
3628.38190,0.01945
3627.41767,0.01966
3626.45344,0.01932
3625.48922,0.01870
3624.52499,0.01823
3623.56077,0.01821
3622.59654,0.01869
3621.63232,0.01959
3620.66809,0.02070
3619.70386,0.02163
3618.73964,0.02191
3617.77541,0.02131
3616.81119,0.02014
3615.84696,0.01908
3614.88273,0.01866
3613.91851,0.01896
3612.95428,0.01960
3611.99006,0.02011
3611.02583,0.02027
3610.06161,0.02014
3609.09738,0.01991
3608.13315,0.01969
3607.16893,0.01953
3606.20470,0.01943
3605.24048,0.01941
3604.27625,0.01951
3603.31202,0.01973
3602.34780,0.01995
3601.38357,0.02006
3600.41935,0.02003
3599.45512,0.01999
3598.49090,0.02006
3597.52667,0.02022
3596.56244,0.02027
3595.59822,0.02014
3594.63399,0.01998
3593.66977,0.02004
3592.70554,0.02035
3591.74131,0.02070
3590.77709,0.02086
3589.81286,0.02087
3588.84864,0.02086
3587.88441,0.02087
3586.92018,0.02078
3585.95596,0.02057
3584.99173,0.02042
3584.02751,0.02052
3583.06328,0.02081
3582.09906,0.02099
3581.13483,0.02085
3580.17060,0.02054
3579.20638,0.02038
3578.24215,0.02050
3577.27793,0.02072
3576.31370,0.02081
3575.34947,0.02072
3574.38525,0.02052
3573.42102,0.02036
3572.45680,0.02033
3571.49257,0.02054
3570.52835,0.02096
3569.56412,0.02135
3568.59989,0.02131
3567.63567,0.02068
3566.67144,0.01977
3565.70722,0.01911
3564.74299,0.01905
3563.77876,0.01947
3562.81454,0.01993
3561.85031,0.02013
3560.88609,0.02005
3559.92186,0.01986
3558.95764,0.01972
3557.99341,0.01973
3557.02918,0.01991
3556.06496,0.02023
3555.10073,0.02055
3554.13651,0.02071
3553.17228,0.02069
3552.20805,0.02062
3551.24383,0.02066
3550.27960,0.02082
3549.31538,0.02094
3548.35115,0.02086
3547.38692,0.02056
3546.42270,0.02025
3545.45847,0.02015
3544.49425,0.02033
3543.53002,0.02067
3542.56580,0.02098
3541.60157,0.02116
3540.63734,0.02126
3539.67312,0.02140
3538.70889,0.02164
3537.74467,0.02206
3536.78044,0.02267
3535.81621,0.02346
3534.85199,0.02420
3533.88776,0.02453
3532.92354,0.02418
3531.95931,0.02326
3530.99509,0.02226
3530.03086,0.02162
3529.06663,0.02145
3528.10241,0.02151
3527.13818,0.02155
3526.17396,0.02151
3525.20973,0.02146
3524.24550,0.02140
3523.28128,0.02124
3522.31705,0.02099
3521.35283,0.02084
3520.38860,0.02096
3519.42437,0.02125
3518.46015,0.02140
3517.49592,0.02121
3516.53170,0.02076
3515.56747,0.02036
3514.60325,0.02026
3513.63902,0.02051
3512.67479,0.02098
3511.71057,0.02149
3510.74634,0.02191
3509.78212,0.02215
3508.81789,0.02216
3507.85366,0.02199
3506.88944,0.02179
3505.92521,0.02174
3504.96099,0.02191
3503.99676,0.02224
3503.03254,0.02252
3502.06831,0.02255
3501.10408,0.02229
3500.13986,0.02193
3499.17563,0.02174
3498.21141,0.02187
3497.24718,0.02220
3496.28295,0.02239
3495.31873,0.02219
3494.35450,0.02160
3493.39028,0.02093
3492.42605,0.02059
3491.46183,0.02078
3490.49760,0.02135
3489.53337,0.02189
3488.56915,0.02205
3487.60492,0.02179
3486.64070,0.02136
3485.67647,0.02107
3484.71224,0.02099
3483.74802,0.02095
3482.78379,0.02076
3481.81957,0.02045
3480.85534,0.02024
3479.89111,0.02037
3478.92689,0.02080
3477.96266,0.02133
3476.99844,0.02173
3476.03421,0.02197
3475.06999,0.02217
3474.10576,0.02248
3473.14153,0.02292
3472.17731,0.02340
3471.21308,0.02384
3470.24886,0.02421
3469.28463,0.02454
3468.32040,0.02471
3467.35618,0.02457
3466.39195,0.02409
3465.42773,0.02347
3464.46350,0.02310
3463.49928,0.02322
3462.53505,0.02372
3461.57082,0.02424
3460.60660,0.02452
3459.64237,0.02457
3458.67815,0.02456
3457.71392,0.02457
3456.74969,0.02454
3455.78547,0.02439
3454.82124,0.02417
3453.85702,0.02395
3452.89279,0.02370
3451.92856,0.02341
3450.96434,0.02322
3450.00011,0.02339
3449.03589,0.02398
3448.07166,0.02470
3447.10744,0.02504
3446.14321,0.02475
3445.17898,0.02410
3444.21476,0.02361
3443.25053,0.02357
3442.28631,0.02386
3441.32208,0.02409
3440.35785,0.02400
3439.39363,0.02366
3438.42940,0.02330
3437.46518,0.02309
3436.50095,0.02300
3435.53673,0.02294
3434.57250,0.02292
3433.60827,0.02308
3432.64405,0.02360
3431.67982,0.02441
3430.71560,0.02514
3429.75137,0.02535
3428.78714,0.02491
3427.82292,0.02411
3426.85869,0.02345
3425.89447,0.02321
3424.93024,0.02327
3423.96602,0.02331
3423.00179,0.02311
3422.03756,0.02280
3421.07334,0.02262
3420.10911,0.02269
3419.14489,0.02288
3418.18066,0.02294
3417.21643,0.02279
3416.25221,0.02266
3415.28798,0.02287
3414.32376,0.02351
3413.35953,0.02434
3412.39530,0.02487
3411.43108,0.02484
3410.46685,0.02440
3409.50263,0.02404
3408.53840,0.02416
3407.57418,0.02480
3406.60995,0.02566
3405.64572,0.02640
3404.68150,0.02676
3403.71727,0.02665
3402.75305,0.02610
3401.78882,0.02532
3400.82459,0.02464
3399.86037,0.02439
3398.89614,0.02463
3397.93192,0.02514
3396.96769,0.02554
3396.00347,0.02564
3395.03924,0.02554
3394.07501,0.02547
3393.11079,0.02561
3392.14656,0.02593
3391.18234,0.02628
3390.21811,0.02658
3389.25388,0.02682
3388.28966,0.02704
3387.32543,0.02719
3386.36121,0.02712
3385.39698,0.02673
3384.43276,0.02608
3383.46853,0.02538
3382.50430,0.02491
3381.54008,0.02472
3380.57585,0.02471
3379.61163,0.02475
3378.64740,0.02483
3377.68317,0.02500
3376.71895,0.02522
3375.75472,0.02531
3374.79050,0.02512
3373.82627,0.02469
3372.86204,0.02426
3371.89782,0.02401
3370.93359,0.02396
3369.96937,0.02401
3369.00514,0.02410
3368.04092,0.02426
3367.07669,0.02453
3366.11246,0.02485
3365.14824,0.02517
3364.18401,0.02547
3363.21979,0.02582
3362.25556,0.02623
3361.29133,0.02665
3360.32711,0.02700
3359.36288,0.02723
3358.39866,0.02729
3357.43443,0.02708
3356.47021,0.02651
3355.50598,0.02567
3354.54175,0.02487
3353.57753,0.02452
3352.61330,0.02478
3351.64908,0.02540
3350.68485,0.02589
3349.72062,0.02586
3348.75640,0.02530
3347.79217,0.02452
3346.82795,0.02394
3345.86372,0.02379
3344.89949,0.02406
3343.93527,0.02458
3342.97104,0.02526
3342.00682,0.02607
3341.04259,0.02702
3340.07837,0.02795
3339.11414,0.02855
3338.14991,0.02857
3337.18569,0.02805
3336.22146,0.02737
3335.25724,0.02695
3334.29301,0.02695
3333.32878,0.02716
3332.36456,0.02722
3331.40033,0.02700
3330.43611,0.02663
3329.47188,0.02636
3328.50766,0.02630
3327.54343,0.02633
3326.57920,0.02626
3325.61498,0.02603
3324.65075,0.02576
3323.68653,0.02560
3322.72230,0.02562
3321.75807,0.02574
3320.79385,0.02586
3319.82962,0.02590
3318.86540,0.02590
3317.90117,0.02591
3316.93695,0.02600
3315.97272,0.02617
3315.00849,0.02641
3314.04427,0.02662
3313.08004,0.02669
3312.11582,0.02655
3311.15159,0.02626
3310.18736,0.02606
3309.22314,0.02615
3308.25891,0.02655
3307.29469,0.02703
3306.33046,0.02729
3305.36623,0.02722
3304.40201,0.02697
3303.43778,0.02679
3302.47356,0.02679
3301.50933,0.02688
3300.54511,0.02680
3299.58088,0.02642
3298.61665,0.02578
3297.65243,0.02507
3296.68820,0.02460
3295.72398,0.02457
3294.75975,0.02500
3293.79552,0.02566
3292.83130,0.02620
3291.86707,0.02636
3290.90285,0.02618
3289.93862,0.02592
3288.97440,0.02580
3288.01017,0.02585
3287.04594,0.02587
3286.08172,0.02571
3285.11749,0.02540
3284.15327,0.02515
3283.18904,0.02512
3282.22481,0.02527
3281.26059,0.02538
3280.29636,0.02526
3279.33214,0.02493
3278.36791,0.02456
3277.40369,0.02431
3276.43946,0.02423
3275.47523,0.02426
3274.51101,0.02438
3273.54678,0.02464
3272.58256,0.02501
3271.61833,0.02539
3270.65410,0.02564
3269.68988,0.02578
3268.72565,0.02593
3267.76143,0.02615
3266.79720,0.02625
3265.83297,0.02602
3264.86875,0.02546
3263.90452,0.02485
3262.94030,0.02453
3261.97607,0.02461
3261.01185,0.02496
3260.04762,0.02541
3259.08339,0.02584
3258.11917,0.02613
3257.15494,0.02615
3256.19072,0.02581
3255.22649,0.02535
3254.26226,0.02515
3253.29804,0.02543
3252.33381,0.02603
3251.36959,0.02648
3250.40536,0.02644
3249.44114,0.02591
3248.47691,0.02523
3247.51268,0.02473
3246.54846,0.02456
3245.58423,0.02464
3244.62001,0.02477
3243.65578,0.02480
3242.69155,0.02469
3241.72733,0.02455
3240.76310,0.02454
3239.79888,0.02464
3238.83465,0.02469
3237.87042,0.02455
3236.90620,0.02439
3235.94197,0.02452
3234.97775,0.02508
3234.01352,0.02580
3233.04930,0.02617
3232.08507,0.02588
3231.12084,0.02511
3230.15662,0.02440
3229.19239,0.02419
3228.22817,0.02453
3227.26394,0.02508
3226.29971,0.02542
3225.33549,0.02537
3224.37126,0.02505
3223.40704,0.02470
3222.44281,0.02449
3221.47859,0.02440
3220.51436,0.02436
3219.55013,0.02437
3218.58591,0.02454
3217.62168,0.02491
3216.65746,0.02534
3215.69323,0.02561
3214.72900,0.02561
3213.76478,0.02540
3212.80055,0.02508
3211.83633,0.02472
3210.87210,0.02439
3209.90788,0.02424
3208.94365,0.02438
3207.97942,0.02469
3207.01520,0.02486
3206.05097,0.02465
3205.08675,0.02411
3204.12252,0.02354
3203.15829,0.02319
3202.19407,0.02306
3201.22984,0.02302
3200.26562,0.02305
3199.30139,0.02322
3198.33716,0.02355
3197.37294,0.02390
3196.40871,0.02406
3195.44449,0.02398
3194.48026,0.02383
3193.51604,0.02381
3192.55181,0.02400
3191.58758,0.02427
3190.62336,0.02442
3189.65913,0.02429
3188.69491,0.02389
3187.73068,0.02344
3186.76645,0.02323
3185.80223,0.02336
3184.83800,0.02364
3183.87378,0.02373
3182.90955,0.02356
3181.94533,0.02337
3180.98110,0.02346
3180.01687,0.02379
3179.05265,0.02398
3178.08842,0.02377
3177.12420,0.02333
3176.15997,0.02312
3175.19574,0.02341
3174.23152,0.02402
3173.26729,0.02459
3172.30307,0.02493
3171.33884,0.02510
3170.37461,0.02511
3169.41039,0.02482
3168.44616,0.02412
3167.48194,0.02321
3166.51771,0.02252
3165.55349,0.02237
3164.58926,0.02265
3163.62503,0.02297
3162.66081,0.02306
3161.69658,0.02295
3160.73236,0.02284
3159.76813,0.02288
3158.80390,0.02300
3157.83968,0.02309
3156.87545,0.02308
3155.91123,0.02303
3154.94700,0.02308
3153.98278,0.02331
3153.01855,0.02368
3152.05432,0.02404
3151.09010,0.02412
3150.12587,0.02381
3149.16165,0.02319
3148.19742,0.02257
3147.23319,0.02221
3146.26897,0.02217
3145.30474,0.02232
3144.34052,0.02247
3143.37629,0.02252
3142.41207,0.02247
3141.44784,0.02233
3140.48361,0.02215
3139.51939,0.02199
3138.55516,0.02194
3137.59094,0.02201
3136.62671,0.02205
3135.66248,0.02192
3134.69826,0.02163
3133.73403,0.02135
3132.76981,0.02127
3131.80558,0.02136
3130.84135,0.02143
3129.87713,0.02137
3128.91290,0.02125
3127.94868,0.02122
3126.98445,0.02132
3126.02023,0.02140
3125.05600,0.02134
3124.09177,0.02120
3123.12755,0.02111
3122.16332,0.02114
3121.19910,0.02122
3120.23487,0.02131
3119.27064,0.02142
3118.30642,0.02164
3117.34219,0.02189
3116.37797,0.02199
3115.41374,0.02179
3114.44952,0.02130
3113.48529,0.02070
3112.52106,0.02017
3111.55684,0.01985
3110.59261,0.01983
3109.62839,0.02017
3108.66416,0.02078
3107.69993,0.02139
3106.73571,0.02173
3105.77148,0.02175
3104.80726,0.02157
3103.84303,0.02136
3102.87881,0.02112
3101.91458,0.02076
3100.95035,0.02031
3099.98613,0.01995
3099.02190,0.01986
3098.05768,0.01999
3097.09345,0.02007
3096.12922,0.01992
3095.16500,0.01961
3094.20077,0.01940
3093.23655,0.01952
3092.27232,0.02002
3091.30809,0.02073
3090.34387,0.02141
3089.37964,0.02182
3088.41542,0.02188
3087.45119,0.02162
3086.48697,0.02117
3085.52274,0.02060
3084.55851,0.02000
3083.59429,0.01945
3082.63006,0.01913
3081.66584,0.01909
3080.70161,0.01920
3079.73738,0.01918
3078.77316,0.01886
3077.80893,0.01842
3076.84471,0.01821
3075.88048,0.01846
3074.91626,0.01904
3073.95203,0.01959
3072.98780,0.01988
3072.02358,0.01992
3071.05935,0.01985
3070.09513,0.01977
3069.13090,0.01962
3068.16667,0.01934
3067.20245,0.01896
3066.23822,0.01862
3065.27400,0.01847
3064.30977,0.01859
3063.34554,0.01890
3062.38132,0.01921
3061.41709,0.01934
3060.45287,0.01927
3059.48864,0.01914
3058.52442,0.01911
3057.56019,0.01918
3056.59596,0.01921
3055.63174,0.01910
3054.66751,0.01888
3053.70329,0.01867
3052.73906,0.01854
3051.77483,0.01850
3050.81061,0.01859
3049.84638,0.01888
3048.88216,0.01935
3047.91793,0.01977
3046.95371,0.01989
3045.98948,0.01965
3045.02525,0.01930
3044.06103,0.01913
3043.09680,0.01920
3042.13258,0.01933
3041.16835,0.01922
3040.20412,0.01880
3039.23990,0.01819
3038.27567,0.01767
3037.31145,0.01747
3036.34722,0.01773
3035.38300,0.01833
3034.41877,0.01897
3033.45454,0.01930
3032.49032,0.01920
3031.52609,0.01881
3030.56187,0.01837
3029.59764,0.01803
3028.63341,0.01775
3027.66919,0.01753
3026.70496,0.01747
3025.74074,0.01766
3024.77651,0.01803
3023.81228,0.01833
3022.84806,0.01837
3021.88383,0.01818
3020.91961,0.01795
3019.95538,0.01785
3018.99116,0.01787
3018.02693,0.01790
3017.06270,0.01787
3016.09848,0.01780
3015.13425,0.01777
3014.17003,0.01779
3013.20580,0.01786
3012.24157,0.01793
3011.27735,0.01795
3010.31312,0.01793
3009.34890,0.01790
3008.38467,0.01794
3007.42045,0.01812
3006.45622,0.01846
3005.49199,0.01889
3004.52777,0.01926
3003.56354,0.01945
3002.59932,0.01941
3001.63509,0.01922
3000.67086,0.01897
2999.70664,0.01872
2998.74241,0.01847
2997.77819,0.01819
2996.81396,0.01791
2995.84974,0.01769
2994.88551,0.01756
2993.92128,0.01744
2992.95706,0.01724
2991.99283,0.01701
2991.02861,0.01688
2990.06438,0.01693
2989.10015,0.01713
2988.13593,0.01730
2987.17170,0.01738
2986.20748,0.01739
2985.24325,0.01738
2984.27902,0.01728
2983.31480,0.01701
2982.35057,0.01659
2981.38635,0.01627
2980.42212,0.01628
2979.45790,0.01663
2978.49367,0.01709
2977.52944,0.01735
2976.56522,0.01728
2975.60099,0.01698
2974.63677,0.01672
2973.67254,0.01675
2972.70831,0.01714
2971.74409,0.01775
2970.77986,0.01827
2969.81564,0.01847
2968.85141,0.01831
2967.88719,0.01794
2966.92296,0.01754
2965.95873,0.01723
2964.99451,0.01702
2964.03028,0.01694
2963.06606,0.01702
2962.10183,0.01723
2961.13760,0.01743
2960.17338,0.01751
2959.20915,0.01746
2958.24493,0.01740
2957.28070,0.01740
2956.31647,0.01742
2955.35225,0.01735
2954.38802,0.01715
2953.42380,0.01690
2952.45957,0.01672
2951.49535,0.01670
2950.53112,0.01685
2949.56689,0.01708
2948.60267,0.01724
2947.63844,0.01716
2946.67422,0.01682
2945.70999,0.01639
2944.74576,0.01615
2943.78154,0.01628
2942.81731,0.01670
2941.85309,0.01717
2940.88886,0.01750
2939.92464,0.01764
2938.96041,0.01765
2937.99618,0.01762
2937.03196,0.01758
2936.06773,0.01754
2935.10351,0.01745
2934.13928,0.01727
2933.17505,0.01701
2932.21083,0.01677
2931.24660,0.01669
2930.28238,0.01678
2929.31815,0.01693
2928.35393,0.01695
2927.38970,0.01678
2926.42547,0.01656
2925.46125,0.01648
2924.49702,0.01660
2923.53280,0.01684
2922.56857,0.01715
2921.60434,0.01750
2920.64012,0.01791
2919.67589,0.01832
2918.71167,0.01862
2917.74744,0.01874
2916.78321,0.01863
2915.81899,0.01827
2914.85476,0.01763
2913.89054,0.01680
2912.92631,0.01598
2911.96209,0.01546
2910.99786,0.01534
2910.03363,0.01554
2909.06941,0.01582
2908.10518,0.01600
2907.14096,0.01603
2906.17673,0.01597
2905.21250,0.01588
2904.24828,0.01576
2903.28405,0.01561
2902.31983,0.01547
2901.35560,0.01542
2900.39138,0.01549
2899.42715,0.01564
2898.46292,0.01573
2897.49870,0.01566
2896.53447,0.01548
2895.57025,0.01542
2894.60602,0.01569
2893.64179,0.01630
2892.67757,0.01702
2891.71334,0.01746
2890.74912,0.01739
2889.78489,0.01690
2888.82066,0.01631
2887.85644,0.01595
2886.89221,0.01597
2885.92799,0.01628
2884.96376,0.01669
2883.99954,0.01700
2883.03531,0.01713
2882.07108,0.01708
2881.10686,0.01696
2880.14263,0.01686
2879.17841,0.01687
2878.21418,0.01700
2877.24995,0.01723
2876.28573,0.01751
2875.32150,0.01776
2874.35728,0.01790
2873.39305,0.01783
2872.42883,0.01750
2871.46460,0.01694
2870.50037,0.01626
2869.53615,0.01567
2868.57192,0.01530
2867.60770,0.01520
2866.64347,0.01532
2865.67924,0.01558
2864.71502,0.01595
2863.75079,0.01631
2862.78657,0.01652
2861.82234,0.01642
2860.85812,0.01600
2859.89389,0.01548
2858.92966,0.01515
2857.96544,0.01513
2857.00121,0.01535
2856.03699,0.01564
2855.07276,0.01587
2854.10853,0.01601
2853.14431,0.01608
2852.18008,0.01611
2851.21586,0.01614
2850.25163,0.01622
2849.28740,0.01636
2848.32318,0.01648
2847.35895,0.01654
2846.39473,0.01656
2845.43050,0.01657
2844.46628,0.01652
2843.50205,0.01629
2842.53782,0.01592
2841.57360,0.01559
2840.60937,0.01553
2839.64515,0.01572
2838.68092,0.01590
2837.71669,0.01588
2836.75247,0.01576
2835.78824,0.01579
2834.82402,0.01604
2833.85979,0.01630
2832.89557,0.01631
2831.93134,0.01609
2830.96711,0.01590
2830.00289,0.01592
2829.03866,0.01608
2828.07444,0.01614
2827.11021,0.01602
2826.14598,0.01583
2825.18176,0.01570
2824.21753,0.01562
2823.25331,0.01548
2822.28908,0.01527
2821.32486,0.01508
2820.36063,0.01502
2819.39640,0.01515
2818.43218,0.01543
2817.46795,0.01580
2816.50373,0.01612
2815.53950,0.01625
2814.57527,0.01606
2813.61105,0.01563
2812.64682,0.01517
2811.68260,0.01487
2810.71837,0.01481
2809.75414,0.01491
2808.78992,0.01507
2807.82569,0.01525
2806.86147,0.01541
2805.89724,0.01551
2804.93302,0.01547
2803.96879,0.01529
2803.00456,0.01500
2802.04034,0.01471
2801.07611,0.01452
2800.11189,0.01455
2799.14766,0.01485
2798.18343,0.01532
2797.21921,0.01575
2796.25498,0.01586
2795.29076,0.01558
2794.32653,0.01509
2793.36231,0.01468
2792.39808,0.01462
2791.43385,0.01493
2790.46963,0.01546
2789.50540,0.01602
2788.54118,0.01645
2787.57695,0.01668
2786.61272,0.01667
2785.64850,0.01636
2784.68427,0.01577
2783.72005,0.01511
2782.75582,0.01465
2781.79159,0.01461
2780.82737,0.01489
2779.86314,0.01519
2778.89892,0.01523
2777.93469,0.01496
2776.97047,0.01458
2776.00624,0.01434
2775.04201,0.01429
2774.07779,0.01436
2773.11356,0.01444
2772.14934,0.01453
2771.18511,0.01461
2770.22088,0.01466
2769.25666,0.01463
2768.29243,0.01457
2767.32821,0.01461
2766.36398,0.01479
2765.39976,0.01507
2764.43553,0.01527
2763.47130,0.01528
2762.50708,0.01509
2761.54285,0.01482
2760.57863,0.01467
2759.61440,0.01476
2758.65017,0.01504
2757.68595,0.01530
2756.72172,0.01532
2755.75750,0.01505
2754.79327,0.01471
2753.82905,0.01455
2752.86482,0.01468
2751.90059,0.01500
2750.93637,0.01538
2749.97214,0.01573
2749.00792,0.01599
2748.04369,0.01608
2747.07946,0.01589
2746.11524,0.01552
2745.15101,0.01521
2744.18679,0.01517
2743.22256,0.01536
2742.25833,0.01554
2741.29411,0.01555
2740.32988,0.01548
2739.36566,0.01550
2738.40143,0.01558
2737.43721,0.01556
2736.47298,0.01536
2735.50875,0.01513
2734.54453,0.01510
2733.58030,0.01532
2732.61608,0.01558
2731.65185,0.01571
2730.68762,0.01570
2729.72340,0.01566
2728.75917,0.01562
2727.79495,0.01551
2726.83072,0.01533
2725.86650,0.01519
2724.90227,0.01519
2723.93804,0.01531
2722.97382,0.01538
2722.00959,0.01529
2721.04537,0.01513
2720.08114,0.01502
2719.11691,0.01501
2718.15269,0.01502
2717.18846,0.01498
2716.22424,0.01493
2715.26001,0.01494
2714.29579,0.01507
2713.33156,0.01529
2712.36733,0.01555
2711.40311,0.01583
2710.43888,0.01607
2709.47466,0.01616
2708.51043,0.01606
2707.54620,0.01579
2706.58198,0.01545
2705.61775,0.01513
2704.65353,0.01492
2703.68930,0.01487
2702.72507,0.01501
2701.76085,0.01527
2700.79662,0.01548
2699.83240,0.01554
2698.86817,0.01549
2697.90395,0.01552
2696.93972,0.01575
2695.97549,0.01606
2695.01127,0.01622
2694.04704,0.01609
2693.08282,0.01576
2692.11859,0.01547
2691.15436,0.01538
2690.19014,0.01547
2689.22591,0.01560
2688.26169,0.01569
2687.29746,0.01569
2686.33324,0.01562
2685.36901,0.01545
2684.40478,0.01524
2683.44056,0.01507
2682.47633,0.01503
2681.51211,0.01513
2680.54788,0.01530
2679.58365,0.01547
2678.61943,0.01562
2677.65520,0.01577
2676.69098,0.01590
2675.72675,0.01593
2674.76252,0.01581
2673.79830,0.01558
2672.83407,0.01538
2671.86985,0.01530
2670.90562,0.01536
2669.94140,0.01547
2668.97717,0.01556
2668.01294,0.01557
2667.04872,0.01548
2666.08449,0.01527
2665.12027,0.01492
2664.15604,0.01453
2663.19181,0.01425
2662.22759,0.01425
2661.26336,0.01457
2660.29914,0.01509
2659.33491,0.01557
2658.37069,0.01587
2657.40646,0.01592
2656.44223,0.01580
2655.47801,0.01557
2654.51378,0.01532
2653.54956,0.01513
2652.58533,0.01505
2651.62110,0.01514
2650.65688,0.01533
2649.69265,0.01554
2648.72843,0.01568
2647.76420,0.01571
2646.79998,0.01564
2645.83575,0.01552
2644.87152,0.01540
2643.90730,0.01534
2642.94307,0.01536
2641.97885,0.01541
2641.01462,0.01542
2640.05039,0.01539
2639.08617,0.01540
2638.12194,0.01550
2637.15772,0.01562
2636.19349,0.01563
2635.22926,0.01540
2634.26504,0.01501
2633.30081,0.01465
2632.33659,0.01443
2631.37236,0.01433
2630.40814,0.01427
2629.44391,0.01425
2628.47968,0.01436
2627.51546,0.01462
2626.55123,0.01495
2625.58701,0.01525
2624.62278,0.01549
2623.65855,0.01572
2622.69433,0.01598
2621.73010,0.01618
2620.76588,0.01620
2619.80165,0.01602
2618.83743,0.01578
2617.87320,0.01562
2616.90897,0.01561
2615.94475,0.01564
2614.98052,0.01558
2614.01630,0.01537
2613.05207,0.01514
2612.08784,0.01507
2611.12362,0.01525
2610.15939,0.01562
2609.19517,0.01596
2608.23094,0.01614
2607.26672,0.01621
2606.30249,0.01629
2605.33826,0.01644
2604.37404,0.01651
2603.40981,0.01633
2602.44559,0.01590
2601.48136,0.01545
2600.51713,0.01520
2599.55291,0.01521
2598.58868,0.01531
2597.62446,0.01536
2596.66023,0.01536
2595.69600,0.01538
2594.73178,0.01543
2593.76755,0.01541
2592.80333,0.01527
2591.83910,0.01506
2590.87488,0.01487
2589.91065,0.01474
2588.94642,0.01464
2587.98220,0.01456
2587.01797,0.01458
2586.05375,0.01479
2585.08952,0.01520
2584.12529,0.01567
2583.16107,0.01603
2582.19684,0.01613
2581.23262,0.01597
2580.26839,0.01566
2579.30417,0.01537
2578.33994,0.01520
2577.37571,0.01513
2576.41149,0.01509
2575.44726,0.01507
2574.48304,0.01512
2573.51881,0.01525
2572.55458,0.01539
2571.59036,0.01546
2570.62613,0.01543
2569.66191,0.01540
2568.69768,0.01545
2567.73345,0.01558
2566.76923,0.01573
2565.80500,0.01589
2564.84078,0.01611
2563.87655,0.01632
2562.91233,0.01635
2561.94810,0.01605
2560.98387,0.01552
2560.01965,0.01507
2559.05542,0.01495
2558.09120,0.01513
2557.12697,0.01537
2556.16274,0.01544
2555.19852,0.01531
2554.23429,0.01509
2553.27007,0.01494
2552.30584,0.01490
2551.34162,0.01490
2550.37739,0.01485
2549.41316,0.01473
2548.44894,0.01461
2547.48471,0.01463
2546.52049,0.01486
2545.55626,0.01520
2544.59203,0.01547
2543.62781,0.01556
2542.66358,0.01554
2541.69936,0.01552
2540.73513,0.01552
2539.77091,0.01543
2538.80668,0.01522
2537.84245,0.01503
2536.87823,0.01499
2535.91400,0.01508
2534.94978,0.01515
2533.98555,0.01506
2533.02132,0.01485
2532.05710,0.01469
2531.09287,0.01472
2530.12865,0.01494
2529.16442,0.01525
2528.20019,0.01558
2527.23597,0.01585
2526.27174,0.01596
2525.30752,0.01585
2524.34329,0.01557
2523.37907,0.01525
2522.41484,0.01500
2521.45061,0.01487
2520.48639,0.01485
2519.52216,0.01489
2518.55794,0.01496
2517.59371,0.01506
2516.62948,0.01520
2515.66526,0.01539
2514.70103,0.01560
2513.73681,0.01573
2512.77258,0.01569
2511.80836,0.01546
2510.84413,0.01514
2509.87990,0.01482
2508.91568,0.01460
2507.95145,0.01449
2506.98723,0.01453
2506.02300,0.01472
2505.05877,0.01494
2504.09455,0.01499
2503.13032,0.01480
2502.16610,0.01454
2501.20187,0.01449
2500.23764,0.01478
2499.27342,0.01521
2498.30919,0.01553
2497.34497,0.01562
2496.38074,0.01562
2495.41652,0.01567
2494.45229,0.01578
2493.48806,0.01580
2492.52384,0.01570
2491.55961,0.01556
2490.59539,0.01551
2489.63116,0.01553
2488.66693,0.01553
2487.70271,0.01543
2486.73848,0.01530
2485.77426,0.01524
2484.81003,0.01528
2483.84581,0.01535
2482.88158,0.01536
2481.91735,0.01525
2480.95313,0.01507
2479.98890,0.01491
2479.02468,0.01483
2478.06045,0.01483
2477.09622,0.01486
2476.13200,0.01487
2475.16777,0.01485
2474.20355,0.01481
2473.23932,0.01479
2472.27510,0.01477
2471.31087,0.01477
2470.34664,0.01483
2469.38242,0.01496
2468.41819,0.01516
2467.45397,0.01537
2466.48974,0.01559
2465.52551,0.01579
2464.56129,0.01588
2463.59706,0.01577
2462.63284,0.01540
2461.66861,0.01490
2460.70438,0.01451
2459.74016,0.01441
2458.77593,0.01462
2457.81171,0.01499
2456.84748,0.01538
2455.88326,0.01569
2454.91903,0.01591
2453.95480,0.01605
2452.99058,0.01609
2452.02635,0.01600
2451.06213,0.01581
2450.09790,0.01552
2449.13367,0.01522
2448.16945,0.01501
2447.20522,0.01498
2446.24100,0.01512
2445.27677,0.01534
2444.31255,0.01550
2443.34832,0.01553
2442.38409,0.01546
2441.41987,0.01536
2440.45564,0.01528
2439.49142,0.01522
2438.52719,0.01517
2437.56296,0.01516
2436.59874,0.01519
2435.63451,0.01528
2434.67029,0.01536
2433.70606,0.01539
2432.74184,0.01535
2431.77761,0.01530
2430.81338,0.01533
2429.84916,0.01549
2428.88493,0.01571
2427.92071,0.01584
2426.95648,0.01577
2425.99225,0.01549
2425.02803,0.01513
2424.06380,0.01486
2423.09958,0.01479
2422.13535,0.01493
2421.17112,0.01522
2420.20690,0.01554
2419.24267,0.01576
2418.27845,0.01577
2417.31422,0.01558
2416.35000,0.01530
2415.38577,0.01507
2414.42154,0.01496
2413.45732,0.01491
2412.49309,0.01484
2411.52887,0.01476
2410.56464,0.01476
2409.60041,0.01491
2408.63619,0.01524
2407.67196,0.01564
2406.70774,0.01596
2405.74351,0.01605
2404.77929,0.01584
2403.81506,0.01541
2402.85083,0.01498
2401.88661,0.01484
2400.92238,0.01515
2399.95816,0.01579
2398.99393,0.01650
2398.02970,0.01695
2397.06548,0.01700
2396.10125,0.01668
2395.13703,0.01615
2394.17280,0.01563
2393.20857,0.01528
2392.24435,0.01516
2391.28012,0.01524
2390.31590,0.01542
2389.35167,0.01559
2388.38745,0.01573
2387.42322,0.01581
2386.45899,0.01586
2385.49477,0.01589
2384.53054,0.01593
2383.56632,0.01598
2382.60209,0.01600
2381.63786,0.01593
2380.67364,0.01573
2379.70941,0.01547
2378.74519,0.01533
2377.78096,0.01540
2376.81674,0.01562
2375.85251,0.01582
2374.88828,0.01583
2373.92406,0.01565
2372.95983,0.01538
2371.99561,0.01510
2371.03138,0.01485
2370.06715,0.01469
2369.10293,0.01468
2368.13870,0.01486
2367.17448,0.01511
2366.21025,0.01526
2365.24603,0.01525
2364.28180,0.01520
2363.31757,0.01527
2362.35335,0.01548
2361.38912,0.01561
2360.42490,0.01550
2359.46067,0.01518
2358.49644,0.01487
2357.53222,0.01478
2356.56799,0.01494
2355.60377,0.01526
2354.63954,0.01559
2353.67531,0.01583
2352.71109,0.01591
2351.74686,0.01580
2350.78264,0.01557
2349.81841,0.01537
2348.85419,0.01532
2347.88996,0.01545
2346.92573,0.01567
2345.96151,0.01582
2344.99728,0.01580
2344.03306,0.01563
2343.06883,0.01545
2342.10460,0.01538
2341.14038,0.01543
2340.17615,0.01549
2339.21193,0.01541
2338.24770,0.01517
2337.28348,0.01481
2336.31925,0.01445
2335.35502,0.01415
2334.39080,0.01398
2333.42657,0.01401
2332.46235,0.01432
2331.49812,0.01486
2330.53389,0.01545
2329.56967,0.01585
2328.60544,0.01589
2327.64122,0.01562
2326.67699,0.01519
2325.71277,0.01482
2324.74854,0.01470
2323.78431,0.01491
2322.82009,0.01535
2321.85586,0.01576
2320.89164,0.01598
2319.92741,0.01601
2318.96318,0.01601
2317.99896,0.01605
2317.03473,0.01606
2316.07051,0.01595
2315.10628,0.01580
2314.14205,0.01578
2313.17783,0.01593
2312.21360,0.01606
2311.24938,0.01594
2310.28515,0.01559
2309.32093,0.01527
2308.35670,0.01525
2307.39247,0.01550
2306.42825,0.01576
2305.46402,0.01583
2304.49980,0.01571
2303.53557,0.01560
2302.57134,0.01563
2301.60712,0.01581
2300.64289,0.01606
2299.67867,0.01627
2298.71444,0.01642
2297.75022,0.01652
2296.78599,0.01658
2295.82176,0.01656
2294.85754,0.01639
2293.89331,0.01607
2292.92909,0.01570
2291.96486,0.01551
2291.00063,0.01558
2290.03641,0.01577
2289.07218,0.01581
2288.10796,0.01554
2287.14373,0.01504
2286.17950,0.01454
2285.21528,0.01421
2284.25105,0.01415
2283.28683,0.01428
2282.32260,0.01451
2281.35838,0.01469
2280.39415,0.01476
2279.42992,0.01477
2278.46570,0.01481
2277.50147,0.01495
2276.53725,0.01507
2275.57302,0.01507
2274.60879,0.01501
2273.64457,0.01505
2272.68034,0.01524
2271.71612,0.01541
2270.75189,0.01532
2269.78767,0.01497
2268.82344,0.01463
2267.85921,0.01459
2266.89499,0.01481
2265.93076,0.01507
2264.96654,0.01520
2264.00231,0.01525
2263.03808,0.01533
2262.07386,0.01547
2261.10963,0.01556
2260.14541,0.01556
2259.18118,0.01552
2258.21696,0.01547
2257.25273,0.01535
2256.28850,0.01515
2255.32428,0.01495
2254.36005,0.01492
2253.39583,0.01512
2252.43160,0.01543
2251.46737,0.01568
2250.50315,0.01582
2249.53892,0.01586
2248.57470,0.01579
2247.61047,0.01555
2246.64624,0.01517
2245.68202,0.01477
2244.71779,0.01453
2243.75357,0.01445
2242.78934,0.01445
2241.82512,0.01446
2240.86089,0.01456
2239.89666,0.01481
2238.93244,0.01510
2237.96821,0.01521
2237.00399,0.01501
2236.03976,0.01462
2235.07553,0.01431
2234.11131,0.01427
2233.14708,0.01451
2232.18286,0.01484
2231.21863,0.01514
2230.25441,0.01533
2229.29018,0.01544
2228.32595,0.01550
2227.36173,0.01550
2226.39750,0.01542
2225.43328,0.01525
2224.46905,0.01500
2223.50482,0.01476
2222.54060,0.01460
2221.57637,0.01457
2220.61215,0.01463
2219.64792,0.01473
2218.68369,0.01483
2217.71947,0.01491
2216.75524,0.01493
2215.79102,0.01484
2214.82679,0.01467
2213.86257,0.01456
2212.89834,0.01463
2211.93411,0.01489
2210.96989,0.01516
2210.00566,0.01525
2209.04144,0.01512
2208.07721,0.01496
2207.11298,0.01494
2206.14876,0.01510
2205.18453,0.01532
2204.22031,0.01548
2203.25608,0.01556
2202.29186,0.01565
2201.32763,0.01580
2200.36340,0.01598
2199.39918,0.01610
2198.43495,0.01612
2197.47073,0.01602
2196.50650,0.01583
2195.54227,0.01564
2194.57805,0.01555
2193.61382,0.01560
2192.64960,0.01570
2191.68537,0.01567
2190.72115,0.01542
2189.75692,0.01505
2188.79269,0.01475
2187.82847,0.01462
2186.86424,0.01463
2185.90002,0.01471
2184.93579,0.01485
2183.97156,0.01503
2183.00734,0.01516
2182.04311,0.01513
2181.07889,0.01490
2180.11466,0.01465
2179.15043,0.01454
2178.18621,0.01464
2177.22198,0.01484
2176.25776,0.01503
2175.29353,0.01517
2174.32931,0.01530
2173.36508,0.01545
2172.40085,0.01558
2171.43663,0.01568
2170.47240,0.01574
2169.50818,0.01571
2168.54395,0.01553
2167.57972,0.01526
2166.61550,0.01507
2165.65127,0.01512
2164.68705,0.01542
2163.72282,0.01577
2162.75860,0.01600
2161.79437,0.01610
2160.83014,0.01612
2159.86592,0.01612
2158.90169,0.01605
2157.93747,0.01589
2156.97324,0.01568
2156.00901,0.01548
2155.04479,0.01532
2154.08056,0.01520
2153.11634,0.01521
2152.15211,0.01542
2151.18789,0.01576
2150.22366,0.01604
2149.25943,0.01608
2148.29521,0.01591
2147.33098,0.01566
2146.36676,0.01543
2145.40253,0.01519
2144.43830,0.01498
2143.47408,0.01494
2142.50985,0.01517
2141.54563,0.01562
2140.58140,0.01599
2139.61717,0.01606
2138.65295,0.01586
2137.68872,0.01559
2136.72450,0.01542
2135.76027,0.01530
2134.79605,0.01516
2133.83182,0.01502
2132.86759,0.01499
2131.90337,0.01516
2130.93914,0.01547
2129.97492,0.01578
2129.01069,0.01599
2128.04646,0.01606
2127.08224,0.01601
2126.11801,0.01586
2125.15379,0.01567
2124.18956,0.01548
2123.22534,0.01534
2122.26111,0.01525
2121.29688,0.01513
2120.33266,0.01494
2119.36843,0.01471
2118.40421,0.01453
2117.43998,0.01454
2116.47575,0.01476
2115.51153,0.01512
2114.54730,0.01541
2113.58308,0.01552
2112.61885,0.01545
2111.65462,0.01532
2110.69040,0.01522
2109.72617,0.01517
2108.76195,0.01512
2107.79772,0.01508
2106.83350,0.01508
2105.86927,0.01507
2104.90504,0.01497
2103.94082,0.01474
2102.97659,0.01448
2102.01237,0.01438
2101.04814,0.01452
2100.08391,0.01480
2099.11969,0.01507
2098.15546,0.01524
2097.19124,0.01532
2096.22701,0.01538
2095.26279,0.01543
2094.29856,0.01546
2093.33433,0.01544
2092.37011,0.01537
2091.40588,0.01526
2090.44166,0.01518
2089.47743,0.01520
2088.51320,0.01531
2087.54898,0.01539
2086.58475,0.01534
2085.62053,0.01515
2084.65630,0.01497
2083.69208,0.01495
2082.72785,0.01507
2081.76362,0.01518
2080.79940,0.01519
2079.83517,0.01515
2078.87095,0.01513
2077.90672,0.01510
2076.94249,0.01497
2075.97827,0.01471
2075.01404,0.01450
2074.04982,0.01448
2073.08559,0.01467
2072.12136,0.01494
2071.15714,0.01515
2070.19291,0.01529
2069.22869,0.01537
2068.26446,0.01533
2067.30024,0.01513
2066.33601,0.01482
2065.37178,0.01456
2064.40756,0.01446
2063.44333,0.01449
2062.47911,0.01451
2061.51488,0.01449
2060.55065,0.01451
2059.58643,0.01462
2058.62220,0.01478
2057.65798,0.01482
2056.69375,0.01469
2055.72953,0.01448
2054.76530,0.01436
2053.80107,0.01443
2052.83685,0.01465
2051.87262,0.01491
2050.90840,0.01510
2049.94417,0.01518
2048.97994,0.01515
2048.01572,0.01506
2047.05149,0.01499
2046.08727,0.01497
2045.12304,0.01501
2044.15882,0.01501
2043.19459,0.01492
2042.23036,0.01474
2041.26614,0.01451
2040.30191,0.01430
2039.33769,0.01417
2038.37346,0.01412
2037.40923,0.01411
2036.44501,0.01409
2035.48078,0.01408
2034.51656,0.01414
2033.55233,0.01430
2032.58810,0.01453
2031.62388,0.01471
2030.65965,0.01476
2029.69543,0.01469
2028.73120,0.01454
2027.76698,0.01437
2026.80275,0.01419
2025.83852,0.01404
2024.87430,0.01401
2023.91007,0.01414
2022.94585,0.01439
2021.98162,0.01463
2021.01739,0.01479
2020.05317,0.01487
2019.08894,0.01492
2018.12472,0.01495
2017.16049,0.01492
2016.19627,0.01482
2015.23204,0.01467
2014.26781,0.01455
2013.30359,0.01444
2012.33936,0.01428
2011.37514,0.01403
2010.41091,0.01373
2009.44668,0.01348
2008.48246,0.01339
2007.51823,0.01347
2006.55401,0.01363
2005.58978,0.01377
2004.62555,0.01381
2003.66133,0.01377
2002.69710,0.01375
2001.73288,0.01386
2000.76865,0.01413
1999.80443,0.01447
1998.84020,0.01475
1997.87597,0.01489
1996.91175,0.01490
1995.94752,0.01485
1994.98330,0.01478
1994.01907,0.01463
1993.05484,0.01435
1992.09062,0.01400
1991.12639,0.01374
1990.16217,0.01369
1989.19794,0.01385
1988.23372,0.01407
1987.26949,0.01419
1986.30526,0.01418
1985.34104,0.01412
1984.37681,0.01406
1983.41259,0.01400
1982.44836,0.01392
1981.48413,0.01384
1980.51991,0.01387
1979.55568,0.01407
1978.59146,0.01439
1977.62723,0.01467
1976.66301,0.01482
1975.69878,0.01485
1974.73455,0.01485
1973.77033,0.01486
1972.80610,0.01484
1971.84188,0.01471
1970.87765,0.01447
1969.91342,0.01421
1968.94920,0.01399
1967.98497,0.01384
1967.02075,0.01376
1966.05652,0.01372
1965.09229,0.01372
1964.12807,0.01378
1963.16384,0.01395
1962.19962,0.01422
1961.23539,0.01453
1960.27117,0.01475
1959.30694,0.01481
1958.34271,0.01474
1957.37849,0.01461
1956.41426,0.01452
1955.45004,0.01447
1954.48581,0.01444
1953.52158,0.01442
1952.55736,0.01440
1951.59313,0.01434
1950.62891,0.01425
1949.66468,0.01417
1948.70046,0.01420
1947.73623,0.01430
1946.77200,0.01432
1945.80778,0.01405
1944.84355,0.01354
1943.87933,0.01307
1942.91510,0.01293
1941.95087,0.01316
1940.98665,0.01351
1940.02242,0.01373
1939.05820,0.01376
1938.09397,0.01374
1937.12974,0.01383
1936.16552,0.01402
1935.20129,0.01421
1934.23707,0.01431
1933.27284,0.01426
1932.30862,0.01409
1931.34439,0.01388
1930.38016,0.01375
1929.41594,0.01382
1928.45171,0.01411
1927.48749,0.01444
1926.52326,0.01462
1925.55903,0.01448
1924.59481,0.01405
1923.63058,0.01353
1922.66636,0.01313
1921.70213,0.01300
1920.73791,0.01315
1919.77368,0.01344
1918.80945,0.01372
1917.84523,0.01393
1916.88100,0.01408
1915.91678,0.01417
1914.95255,0.01416
1913.98832,0.01401
1913.02410,0.01374
1912.05987,0.01348
1911.09565,0.01337
1910.13142,0.01341
1909.16720,0.01351
1908.20297,0.01359
1907.23874,0.01366
1906.27452,0.01373
1905.31029,0.01378
1904.34607,0.01377
1903.38184,0.01372
1902.41761,0.01373
1901.45339,0.01383
1900.48916,0.01398
1899.52494,0.01405
1898.56071,0.01404
1897.59648,0.01405
1896.63226,0.01416
1895.66803,0.01431
1894.70381,0.01435
1893.73958,0.01427
1892.77536,0.01416
1891.81113,0.01415
1890.84690,0.01423
1889.88268,0.01425
1888.91845,0.01412
1887.95423,0.01392
1886.99000,0.01387
1886.02577,0.01404
1885.06155,0.01431
1884.09732,0.01443
1883.13310,0.01431
1882.16887,0.01406
1881.20465,0.01390
1880.24042,0.01390
1879.27619,0.01399
1878.31197,0.01400
1877.34774,0.01389
1876.38352,0.01373
1875.41929,0.01359
1874.45506,0.01351
1873.49084,0.01348
1872.52661,0.01349
1871.56239,0.01353
1870.59816,0.01356
1869.63394,0.01347
1868.66971,0.01323
1867.70548,0.01293
1866.74126,0.01274
1865.77703,0.01272
1864.81281,0.01281
1863.84858,0.01292
1862.88435,0.01302
1861.92013,0.01313
1860.95590,0.01325
1859.99168,0.01335
1859.02745,0.01344
1858.06322,0.01357
1857.09900,0.01379
1856.13477,0.01401
1855.17055,0.01407
1854.20632,0.01390
1853.24210,0.01358
1852.27787,0.01329
1851.31364,0.01313
1850.34942,0.01309
1849.38519,0.01311
1848.42097,0.01319
1847.45674,0.01333
1846.49251,0.01349
1845.52829,0.01359
1844.56406,0.01362
1843.59984,0.01365
1842.63561,0.01373
1841.67139,0.01385
1840.70716,0.01391
1839.74293,0.01384
1838.77871,0.01369
1837.81448,0.01357
1836.85026,0.01355
1835.88603,0.01366
1834.92180,0.01383
1833.95758,0.01397
1832.99335,0.01403
1832.02913,0.01396
1831.06490,0.01378
1830.10067,0.01352
1829.13645,0.01327
1828.17222,0.01309
1827.20800,0.01307
1826.24377,0.01325
1825.27955,0.01356
1824.31532,0.01385
1823.35109,0.01400
1822.38687,0.01399
1821.42264,0.01393
1820.45842,0.01394
1819.49419,0.01402
1818.52996,0.01410
1817.56574,0.01413
1816.60151,0.01416
1815.63729,0.01428
1814.67306,0.01444
1813.70884,0.01453
1812.74461,0.01442
1811.78038,0.01414
1810.81616,0.01386
1809.85193,0.01374
1808.88771,0.01382
1807.92348,0.01397
1806.95925,0.01406
1805.99503,0.01405
1805.03080,0.01399
1804.06658,0.01397
1803.10235,0.01401
1802.13813,0.01407
1801.17390,0.01410
1800.20967,0.01410
1799.24545,0.01408
1798.28122,0.01406
1797.31700,0.01401
1796.35277,0.01393
1795.38854,0.01389
1794.42432,0.01397
1793.46009,0.01420
1792.49587,0.01453
1791.53164,0.01481
1790.56741,0.01490
1789.60319,0.01480
1788.63896,0.01456
1787.67474,0.01427
1786.71051,0.01401
1785.74629,0.01383
1784.78206,0.01373
1783.81783,0.01371
1782.85361,0.01378
1781.88938,0.01390
1780.92516,0.01406
1779.96093,0.01420
1778.99670,0.01428
1778.03248,0.01430
1777.06825,0.01432
1776.10403,0.01438
1775.13980,0.01446
1774.17558,0.01443
1773.21135,0.01425
1772.24712,0.01401
1771.28290,0.01387
1770.31867,0.01394
1769.35445,0.01416
1768.39022,0.01438
1767.42599,0.01453
1766.46177,0.01462
1765.49754,0.01469
1764.53332,0.01471
1763.56909,0.01464
1762.60487,0.01449
1761.64064,0.01440
1760.67641,0.01449
1759.71219,0.01474
1758.74796,0.01502
1757.78374,0.01519
1756.81951,0.01521
1755.85528,0.01518
1754.89106,0.01518
1753.92683,0.01526
1752.96261,0.01537
1751.99838,0.01549
1751.03415,0.01558
1750.06993,0.01564
1749.10570,0.01569
1748.14148,0.01575
1747.17725,0.01587
1746.21303,0.01606
1745.24880,0.01630
1744.28457,0.01653
1743.32035,0.01666
1742.35612,0.01665
1741.39190,0.01646
1740.42767,0.01614
1739.46344,0.01579
1738.49922,0.01558
1737.53499,0.01557
1736.57077,0.01578
1735.60654,0.01611
1734.64232,0.01649
1733.67809,0.01686
1732.71386,0.01717
1731.74964,0.01739
1730.78541,0.01744
1729.82119,0.01730
1728.85696,0.01707
1727.89273,0.01688
1726.92851,0.01685
1725.96428,0.01699
1725.00006,0.01717
1724.03583,0.01730
1723.07160,0.01738
1722.10738,0.01752
1721.14315,0.01783
1720.17893,0.01825
1719.21470,0.01860
1718.25048,0.01867
1717.28625,0.01842
1716.32202,0.01803
1715.35780,0.01774
1714.39357,0.01772
1713.42935,0.01791
1712.46512,0.01818
1711.50089,0.01839
1710.53667,0.01847
1709.57244,0.01843
1708.60822,0.01835
1707.64399,0.01836
1706.67977,0.01852
1705.71554,0.01875
1704.75131,0.01888
1703.78709,0.01880
1702.82286,0.01856
1701.85864,0.01839
1700.89441,0.01848
1699.93018,0.01884
1698.96596,0.01935
1698.00173,0.01983
1697.03751,0.02014
1696.07328,0.02020
1695.10906,0.01995
1694.14483,0.01942
1693.18060,0.01883
1692.21638,0.01846
1691.25215,0.01851
1690.28793,0.01893
1689.32370,0.01951
1688.35947,0.01999
1687.39525,0.02023
1686.43102,0.02027
1685.46680,0.02015
1684.50257,0.01992
1683.53834,0.01960
1682.57412,0.01923
1681.60989,0.01888
1680.64567,0.01862
1679.68144,0.01849
1678.71722,0.01853
1677.75299,0.01874
1676.78876,0.01903
1675.82454,0.01925
1674.86031,0.01927
1673.89609,0.01910
1672.93186,0.01892
1671.96763,0.01891
1671.00341,0.01917
1670.03918,0.01964
1669.07496,0.02015
1668.11073,0.02054
1667.14651,0.02067
1666.18228,0.02052
1665.21805,0.02015
1664.25383,0.01975
1663.28960,0.01950
1662.32538,0.01951
1661.36115,0.01972
1660.39692,0.02000
1659.43270,0.02024
1658.46847,0.02041
1657.50425,0.02054
1656.54002,0.02060
1655.57579,0.02054
1654.61157,0.02036
1653.64734,0.02012
1652.68312,0.01991
1651.71889,0.01982
1650.75467,0.01982
1649.79044,0.01990
1648.82621,0.02004
1647.86199,0.02020
1646.89776,0.02031
1645.93354,0.02029
1644.96931,0.02015
1644.00508,0.02001
1643.04086,0.01999
1642.07663,0.02013
1641.11241,0.02030
1640.14818,0.02040
1639.18396,0.02038
1638.21973,0.02033
1637.25550,0.02032
1636.29128,0.02033
1635.32705,0.02024
1634.36283,0.01996
1633.39860,0.01957
1632.43437,0.01924
1631.47015,0.01911
1630.50592,0.01914
1629.54170,0.01917
1628.57747,0.01907
1627.61325,0.01883
1626.64902,0.01858
1625.68479,0.01846
1624.72057,0.01849
1623.75634,0.01858
1622.79212,0.01858
1621.82789,0.01847
1620.86366,0.01830
1619.89944,0.01817
1618.93521,0.01813
1617.97099,0.01814
1617.00676,0.01813
1616.04253,0.01807
1615.07831,0.01797
1614.11408,0.01787
1613.14986,0.01777
1612.18563,0.01763
1611.22141,0.01741
1610.25718,0.01714
1609.29295,0.01688
1608.32873,0.01665
1607.36450,0.01642
1606.40028,0.01616
1605.43605,0.01591
1604.47182,0.01577
1603.50760,0.01579
1602.54337,0.01593
1601.57915,0.01605
1600.61492,0.01604
1599.65070,0.01591
1598.68647,0.01573
1597.72224,0.01554
1596.75802,0.01535
1595.79379,0.01516
1594.82957,0.01505
1593.86534,0.01511
1592.90111,0.01536
1591.93689,0.01571
1590.97266,0.01597
1590.00844,0.01597
1589.04421,0.01567
1588.07999,0.01522
1587.11576,0.01486
1586.15153,0.01476
1585.18731,0.01494
1584.22308,0.01525
1583.25886,0.01550
1582.29463,0.01560
1581.33040,0.01556
1580.36618,0.01547
1579.40195,0.01535
1578.43773,0.01517
1577.47350,0.01487
1576.50927,0.01447
1575.54505,0.01408
1574.58082,0.01383
1573.61660,0.01381
1572.65237,0.01402
1571.68815,0.01440
1570.72392,0.01481
1569.75969,0.01507
1568.79547,0.01506
1567.83124,0.01478
1566.86702,0.01435
1565.90279,0.01395
1564.93856,0.01373
1563.97434,0.01372
1563.01011,0.01384
1562.04589,0.01398
1561.08166,0.01412
1560.11744,0.01431
1559.15321,0.01457
1558.18898,0.01477
1557.22476,0.01470
1556.26053,0.01434
1555.29631,0.01388
1554.33208,0.01365
1553.36785,0.01382
1552.40363,0.01427
1551.43940,0.01471
1550.47518,0.01487
1549.51095,0.01477
1548.54672,0.01458
1547.58250,0.01450
1546.61827,0.01460
1545.65405,0.01480
1544.68982,0.01493
1543.72560,0.01483
1542.76137,0.01443
1541.79714,0.01384
1540.83292,0.01329
1539.86869,0.01302
1538.90447,0.01312
1537.94024,0.01347
1536.97601,0.01388
1536.01179,0.01424
1535.04756,0.01452
1534.08334,0.01471
1533.11911,0.01476
1532.15489,0.01464
1531.19066,0.01440
1530.22643,0.01418
1529.26221,0.01404
1528.29798,0.01395
1527.33376,0.01383
1526.36953,0.01359
1525.40530,0.01330
1524.44108,0.01308
1523.47685,0.01309
1522.51263,0.01331
1521.54840,0.01358
1520.58418,0.01366
1519.61995,0.01349
1518.65572,0.01318
1517.69150,0.01295
1516.72727,0.01296
1515.76305,0.01317
1514.79882,0.01343
1513.83459,0.01362
1512.87037,0.01370
1511.90614,0.01375
1510.94192,0.01380
1509.97769,0.01386
1509.01346,0.01389
1508.04924,0.01391
1507.08501,0.01393
1506.12079,0.01390
1505.15656,0.01373
1504.19234,0.01339
1503.22811,0.01296
1502.26388,0.01258
1501.29966,0.01235
1500.33543,0.01225
1499.37121,0.01219
1498.40698,0.01212
1497.44275,0.01205
1496.47853,0.01203
1495.51430,0.01210
1494.55008,0.01221
1493.58585,0.01230
1492.62163,0.01228
1491.65740,0.01217
1490.69317,0.01206
1489.72895,0.01210
1488.76472,0.01232
1487.80050,0.01259
1486.83627,0.01268
1485.87204,0.01244
1484.90782,0.01192
1483.94359,0.01131
1482.97937,0.01080
1482.01514,0.01049
1481.05092,0.01042
1480.08669,0.01062
1479.12246,0.01100
1478.15824,0.01132
1477.19401,0.01127
1476.22979,0.01077
1475.26556,0.01008
1474.30133,0.00962
1473.33711,0.00964
1472.37288,0.01002
1471.40866,0.01045
1470.44443,0.01065
1469.48020,0.01054
1468.51598,0.01023
1467.55175,0.00995
1466.58753,0.00991
1465.62330,0.01014
1464.65908,0.01038
1463.69485,0.01031
1462.73062,0.00989
1461.76640,0.00949
1460.80217,0.00953
1459.83795,0.01002
1458.87372,0.01042
1457.90949,0.01019
1456.94527,0.00928
1455.98104,0.00815
1455.01682,0.00727
1454.05259,0.00678
1453.08837,0.00657
1452.12414,0.00655
1451.15991,0.00664
1450.19569,0.00671
1449.23146,0.00664
1448.26724,0.00660
1447.30301,0.00693
1446.33878,0.00773
1445.37456,0.00860
1444.41033,0.00898
1443.44611,0.00870
1442.48188,0.00811
1441.51765,0.00763
1440.55343,0.00738
1439.58920,0.00721
1438.62498,0.00712
1437.66075,0.00733
1436.69653,0.00792
1435.73230,0.00868
1434.76807,0.00930
1433.80385,0.00972
1432.83962,0.01002
1431.87540,0.01019
1430.91117,0.00999
1429.94694,0.00933
1428.98272,0.00853
1428.01849,0.00815
1427.05427,0.00849
1426.09004,0.00927
1425.12582,0.00999
1424.16159,0.01033
1423.19736,0.01038
1422.23314,0.01041
1421.26891,0.01056
1420.30469,0.01071
1419.34046,0.01065
1418.37623,0.01024
1417.41201,0.00952
1416.44778,0.00874
1415.48356,0.00824
1414.51933,0.00825
1413.55511,0.00872
1412.59088,0.00933
1411.62665,0.00972
1410.66243,0.00979
1409.69820,0.00974
1408.73398,0.00978
1407.76975,0.00993
1406.80552,0.00994
1405.84130,0.00958
1404.87707,0.00887
1403.91285,0.00813
1402.94862,0.00773
1401.98439,0.00784
1401.02017,0.00834
1400.05594,0.00893
1399.09172,0.00933
1398.12749,0.00942
1397.16327,0.00927
1396.19904,0.00898
1395.23481,0.00864
1394.27059,0.00831
1393.30636,0.00802
1392.34214,0.00782
1391.37791,0.00779
1390.41368,0.00799
1389.44946,0.00841
1388.48523,0.00885
1387.52101,0.00908
1386.55678,0.00902
1385.59256,0.00877
1384.62833,0.00854
1383.66410,0.00844
1382.69988,0.00840
1381.73565,0.00831
1380.77143,0.00816
1379.80720,0.00798
1378.84297,0.00782
1377.87875,0.00773
1376.91452,0.00778
1375.95030,0.00805
1374.98607,0.00848
1374.02184,0.00887
1373.05762,0.00903
1372.09339,0.00899
1371.12917,0.00899
1370.16494,0.00918
1369.20072,0.00950
1368.23649,0.00973
1367.27226,0.00977
1366.30804,0.00962
1365.34381,0.00934
1364.37959,0.00895
1363.41536,0.00854
1362.45113,0.00830
1361.48691,0.00834
1360.52268,0.00850
1359.55846,0.00849
1358.59423,0.00824
1357.63001,0.00805
1356.66578,0.00821
1355.70155,0.00869
1354.73733,0.00907
1353.77310,0.00910
1352.80888,0.00893
1351.84465,0.00897
1350.88042,0.00937
1349.91620,0.00987
1348.95197,0.01011
1347.98775,0.01004
1347.02352,0.00993
1346.05930,0.01005
1345.09507,0.01042
1344.13084,0.01083
1343.16662,0.01100
1342.20239,0.01076
1341.23817,0.01016
1340.27394,0.00938
1339.30971,0.00868
1338.34549,0.00823
1337.38126,0.00805
1336.41704,0.00808
1335.45281,0.00827
1334.48858,0.00862
1333.52436,0.00899
1332.56013,0.00919
1331.59591,0.00913
1330.63168,0.00897
1329.66746,0.00897
1328.70323,0.00910
1327.73900,0.00899
1326.77478,0.00837
1325.81055,0.00751
1324.84633,0.00710
1323.88210,0.00764
1322.91787,0.00882
1321.95365,0.00982
1320.98942,0.00997
1320.02520,0.00933
1319.06097,0.00841
1318.09675,0.00769
1317.13252,0.00728
1316.16829,0.00709
1315.20407,0.00704
1314.23984,0.00717
1313.27562,0.00749
1312.31139,0.00787
1311.34716,0.00813
1310.38294,0.00818
1309.41871,0.00808
1308.45449,0.00797
1307.49026,0.00795
1306.52604,0.00803
1305.56181,0.00809
1304.59758,0.00813
1303.63336,0.00825
1302.66913,0.00860
1301.70491,0.00918
1300.74068,0.00975
1299.77645,0.00994
1298.81223,0.00951
1297.84800,0.00852
1296.88378,0.00726
1295.91955,0.00607
1294.95532,0.00523
1293.99110,0.00498
1293.02687,0.00545
1292.06265,0.00660
1291.09842,0.00807
1290.13420,0.00937
1289.16997,0.01006
1288.20574,0.01003
1287.24152,0.00949
1286.27729,0.00889
1285.31307,0.00861
1284.34884,0.00878
1283.38461,0.00922
1282.42039,0.00957
1281.45616,0.00961
1280.49194,0.00935
1279.52771,0.00905
1278.56349,0.00894
1277.59926,0.00905
1276.63503,0.00925
1275.67081,0.00939
1274.70658,0.00944
1273.74236,0.00939
1272.77813,0.00914
1271.81390,0.00858
1270.84968,0.00783
1269.88545,0.00728
1268.92123,0.00736
1267.95700,0.00806
1266.99277,0.00887
1266.02855,0.00912
1265.06432,0.00861
1264.10010,0.00776
1263.13587,0.00720
1262.17165,0.00718
1261.20742,0.00741
1260.24319,0.00746
1259.27897,0.00727
1258.31474,0.00713
1257.35052,0.00739
1256.38629,0.00803
1255.42206,0.00870
1254.45784,0.00903
1253.49361,0.00894
1252.52939,0.00857
1251.56516,0.00816
1250.60094,0.00787
1249.63671,0.00775
1248.67248,0.00778
1247.70826,0.00796
1246.74403,0.00827
1245.77981,0.00867
1244.81558,0.00911
1243.85135,0.00949
1242.88713,0.00976
1241.92290,0.00993
1240.95868,0.01005
1239.99445,0.01009
1239.03023,0.00992
1238.06600,0.00937
1237.10177,0.00845
1236.13755,0.00742
1235.17332,0.00664
1234.20910,0.00630
1233.24487,0.00635
1232.28064,0.00661
1231.31642,0.00693
1230.35219,0.00727
1229.38797,0.00760
1228.42374,0.00781
1227.45951,0.00775
1226.49529,0.00740
1225.53106,0.00690
1224.56684,0.00645
1223.60261,0.00620
1222.63839,0.00613
1221.67416,0.00618
1220.70993,0.00631
1219.74571,0.00658
1218.78148,0.00710
1217.81726,0.00781
1216.85303,0.00844
1215.88880,0.00863
1214.92458,0.00824
1213.96035,0.00750
1212.99613,0.00689
1212.03190,0.00674
1211.06768,0.00694
1210.10345,0.00709
1209.13922,0.00686
1208.17500,0.00634
1207.21077,0.00592
1206.24655,0.00592
1205.28232,0.00631
1204.31809,0.00673
1203.35387,0.00686
1202.38964,0.00663
1201.42542,0.00622
1200.46119,0.00586
1199.49697,0.00565
1198.53274,0.00560
1197.56851,0.00576
1196.60429,0.00618
1195.64006,0.00681
1194.67584,0.00736
1193.71161,0.00742
1192.74738,0.00676
1191.78316,0.00558
1190.81893,0.00447
1189.85471,0.00407
1188.89048,0.00461
1187.92625,0.00580
1186.96203,0.00700
1185.99780,0.00765
1185.03358,0.00761
1184.06935,0.00717
1183.10513,0.00673
1182.14090,0.00657
1181.17667,0.00673
1180.21245,0.00709
1179.24822,0.00747
1178.28400,0.00765
1177.31977,0.00747
1176.35554,0.00683
1175.39132,0.00582
1174.42709,0.00464
1173.46287,0.00361
1172.49864,0.00301
1171.53442,0.00306
1170.57019,0.00378
1169.60596,0.00482
1168.64174,0.00559
1167.67751,0.00557
1166.71329,0.00474
1165.74906,0.00369
1164.78483,0.00313
1163.82061,0.00337
1162.85638,0.00414
1161.89216,0.00495
1160.92793,0.00545
1159.96370,0.00561
1158.99948,0.00555
1158.03525,0.00544
1157.07103,0.00545
1156.10680,0.00567
1155.14258,0.00596
1154.17835,0.00592
1153.21412,0.00527
1152.24990,0.00423
1151.28567,0.00354
1150.32145,0.00387
1149.35722,0.00517
1148.39299,0.00666
1147.42877,0.00731
1146.46454,0.00665
1145.50032,0.00494
1144.53609,0.00291
1143.57187,0.00127
1142.60764,0.00035
1141.64341,0.00008
1140.67919,0.00019
1139.71496,0.00053
1138.75074,0.00114
1137.78651,0.00216
1136.82228,0.00359
1135.85806,0.00519
1134.89383,0.00653
1133.92961,0.00726
1132.96538,0.00731
1132.00116,0.00693
1131.03693,0.00642
1130.07270,0.00596
1129.10848,0.00544
1128.14425,0.00473
1127.18003,0.00389
1126.21580,0.00324
1125.25157,0.00312
1124.28735,0.00350
1123.32312,0.00385
1122.35890,0.00355
1121.39467,0.00237
1120.43044,0.00074
1119.46622,-0.00046
1118.50199,-0.00040
1117.53777,0.00118
1116.57354,0.00366
1115.60932,0.00571
1114.64509,0.00605
1113.68086,0.00442
1112.71664,0.00196
1111.75241,0.00038
1110.78819,0.00064
1109.82396,0.00228
1108.85973,0.00418
1107.89551,0.00564
1106.93128,0.00671
1105.96706,0.00747
1105.00283,0.00758
1104.03861,0.00677
1103.07438,0.00557
1102.11015,0.00507
1101.14593,0.00573
1100.18170,0.00664
1099.21748,0.00636
1098.25325,0.00448
1097.28902,0.00212
1096.32480,0.00093
1095.36057,0.00151
1094.39635,0.00305
1093.43212,0.00419
1092.46790,0.00423
1091.50367,0.00342
1090.53944,0.00249
1089.57522,0.00208
1088.61099,0.00239
1087.64677,0.00323
1086.68254,0.00419
1085.71831,0.00499
1084.75409,0.00566
1083.78986,0.00648
1082.82564,0.00758
1081.86141,0.00867
1080.89718,0.00922
1079.93296,0.00882
1078.96873,0.00764
1078.00451,0.00644
1077.04028,0.00613
1076.07606,0.00721
1075.11183,0.00931
1074.14760,0.01143
1073.18338,0.01265
1072.21915,0.01279
1071.25493,0.01236
1070.29070,0.01183
1069.32647,0.01106
1068.36225,0.00957
1067.39802,0.00744
1066.43380,0.00572
1065.46957,0.00571
1064.50535,0.00784
1063.54112,0.01114
1062.57689,0.01385
1061.61267,0.01451
1060.64844,0.01281
1059.68422,0.00961
1058.71999,0.00640
1057.75576,0.00444
1056.79154,0.00425
1055.82731,0.00538
1054.86309,0.00690
1053.89886,0.00807
1052.93463,0.00869
1051.97041,0.00893
1051.00618,0.00890
1050.04196,0.00862
1049.07773,0.00820
1048.11351,0.00788
1047.14928,0.00782
1046.18505,0.00794
1045.22083,0.00810
1044.25660,0.00835
1043.29238,0.00882
1042.32815,0.00932
1041.36392,0.00939
1040.39970,0.00875
1039.43547,0.00783
1038.47125,0.00740
1037.50702,0.00775
1036.54280,0.00833
1035.57857,0.00833
1034.61434,0.00763
1033.65012,0.00689
1032.68589,0.00682
1031.72167,0.00739
1030.75744,0.00800
1029.79321,0.00817
1028.82899,0.00795
1027.86476,0.00768
1026.90054,0.00748
1025.93631,0.00724
1024.97209,0.00697
1024.00786,0.00693
1023.04363,0.00736
1022.07941,0.00810
1021.11518,0.00871
1020.15096,0.00885
1019.18673,0.00857
1018.22250,0.00817
1017.25828,0.00772
1016.29405,0.00697
1015.32983,0.00568
1014.36560,0.00408
1013.40137,0.00293
1012.43715,0.00284
1011.47292,0.00376
1010.50870,0.00501
1009.54447,0.00592
1008.58025,0.00642
1007.61602,0.00680
1006.65179,0.00709
1005.68757,0.00686
1004.72334,0.00575
1003.75912,0.00414
1002.79489,0.00301
1001.83066,0.00295
1000.86644,0.00358
999.90221,0.00400
998.93799,0.00370
997.97376,0.00306
997.00954,0.00275
996.04531,0.00300
995.08108,0.00353
994.11686,0.00396
993.15263,0.00414
992.18841,0.00407
991.22418,0.00371
990.25995,0.00303
989.29573,0.00220
988.33150,0.00146
987.36728,0.00094
986.40305,0.00058
985.43882,0.00032
984.47460,0.00019
983.51037,0.00018
982.54615,0.00016
981.58192,0.00014
980.61770,0.00049
979.65347,0.00165
978.68924,0.00349
977.72502,0.00504
976.76079,0.00507
975.79657,0.00314
974.83234,0.00012
973.86811,-0.00223
972.90389,-0.00240
971.93966,-0.00001
970.97544,0.00387
970.01121,0.00734
969.04699,0.00890
968.08276,0.00834
967.11853,0.00680
966.15431,0.00584
965.19008,0.00621
964.22586,0.00739
963.26163,0.00803
962.29740,0.00708
961.33318,0.00451
960.36895,0.00139
959.40473,-0.00068
958.44050,-0.00061
957.47628,0.00124
956.51205,0.00308
955.54782,0.00314
954.58360,0.00122
953.61937,-0.00110
952.65515,-0.00198
951.69092,-0.00106
950.72669,0.00046
949.76247,0.00134
948.79824,0.00146
947.83402,0.00146
946.86979,0.00159
945.90556,0.00144
944.94134,0.00085
943.97711,0.00050
943.01289,0.00125
942.04866,0.00311
941.08444,0.00511
940.12021,0.00616
939.15598,0.00587
938.19176,0.00439
937.22753,0.00203
936.26331,-0.00064
935.29908,-0.00242
934.33485,-0.00203
933.37063,0.00077
932.40640,0.00460
931.44218,0.00742
930.47795,0.00808
929.51373,0.00690
928.54950,0.00495
927.58527,0.00316
926.62105,0.00198
925.65682,0.00161
924.69260,0.00196
923.72837,0.00262
922.76414,0.00294
921.79992,0.00255
920.83569,0.00150
919.87147,-0.00000
918.90724,-0.00183
917.94302,-0.00378
916.97879,-0.00528
916.01456,-0.00576
915.05034,-0.00528
914.08611,-0.00450
913.12189,-0.00388
912.15766,-0.00317
911.19343,-0.00184
910.22921,0.00004
909.26498,0.00181
908.30076,0.00327
907.33653,0.00505
906.37230,0.00751
905.40808,0.00948
904.44385,0.00875
903.47963,0.00448
902.51540,-0.00136
901.55118,-0.00537
900.58695,-0.00561
899.62272,-0.00304
898.65850,-0.00022
897.69427,0.00122
896.73005,0.00169
895.76582,0.00244
894.80159,0.00394
893.83737,0.00570
892.87314,0.00729
891.90892,0.00890
890.94469,0.01073
889.98047,0.01215
889.01624,0.01178
888.05201,0.00866
887.08779,0.00311
886.12356,-0.00325
885.15934,-0.00848
884.19511,-0.01128
883.23088,-0.01125
882.26666,-0.00888
881.30243,-0.00546
880.33821,-0.00270
879.37398,-0.00176
878.40975,-0.00216
877.44553,-0.00197
876.48130,0.00051
875.51708,0.00494
874.55285,0.00886
873.58863,0.00985
872.62440,0.00772
871.66017,0.00445
870.69595,0.00204
869.73172,0.00069
868.76750,-0.00057
867.80327,-0.00208
866.83904,-0.00299
865.87482,-0.00268
864.91059,-0.00221
863.94637,-0.00357
862.98214,-0.00725
862.01792,-0.01109
861.05369,-0.01197
860.08946,-0.00881
859.12524,-0.00345
858.16101,0.00127
857.19679,0.00381
856.23256,0.00438
855.26833,0.00379
854.30411,0.00250
853.33988,0.00089
852.37566,-0.00039
851.41143,-0.00092
850.44721,-0.00120
849.48298,-0.00226
848.51875,-0.00432
847.55453,-0.00598
846.59030,-0.00541
845.62608,-0.00213
844.66185,0.00248
843.69762,0.00664
842.73340,0.00957
841.76917,0.01137
840.80495,0.01181
839.84072,0.00986
838.87649,0.00482
837.91227,-0.00226
836.94804,-0.00877
835.98382,-0.01221
835.01959,-0.01177
834.05537,-0.00854
833.09114,-0.00439
832.12691,-0.00104
831.16269,0.00051
830.19846,0.00021
829.23424,-0.00085
828.27001,-0.00095
827.30578,0.00096
826.34156,0.00404
825.37733,0.00591
824.41311,0.00482
823.44888,0.00141
822.48466,-0.00160
821.52043,-0.00157
820.55620,0.00195
819.59198,0.00689
818.62775,0.01023
817.66353,0.01000
816.69930,0.00640
815.73507,0.00179
814.77085,-0.00061
813.80662,0.00111
812.84240,0.00613
811.87817,0.01150
810.91395,0.01443
809.94972,0.01422
808.98549,0.01224
808.02127,0.01010
807.05704,0.00810
806.09282,0.00564
805.12859,0.00274
804.16436,0.00057
803.20014,0.00028
802.23591,0.00160
801.27169,0.00308
800.30746,0.00367
799.34323,0.00362
798.37901,0.00382
797.41478,0.00458
796.45056,0.00532
795.48633,0.00535
794.52211,0.00472
793.55788,0.00396
792.59365,0.00335
791.62943,0.00275
790.66520,0.00212
789.70098,0.00191
788.73675,0.00250
787.77252,0.00359
786.80830,0.00424
785.84407,0.00367
784.87985,0.00199
783.91562,0.00006
782.95140,-0.00118
781.98717,-0.00140
781.02294,-0.00086
780.05872,-0.00011
779.09449,0.00036
778.13027,0.00053
777.16604,0.00082
776.20181,0.00174
775.23759,0.00331
774.27336,0.00481
773.30914,0.00515
772.34491,0.00370
771.38068,0.00083
770.41646,-0.00221
769.45223,-0.00394
768.48801,-0.00353
767.52378,-0.00119
766.55956,0.00193
765.59533,0.00431
764.63110,0.00487
763.66688,0.00372
762.70265,0.00221
761.73843,0.00194
760.77420,0.00334
759.80997,0.00522
758.84575,0.00567
757.88152,0.00381
756.91730,0.00073
755.95307,-0.00132
754.98885,-0.00088
754.02462,0.00139
753.06039,0.00342
752.09617,0.00369
751.13194,0.00242
750.16772,0.00092
749.20349,-0.00006
748.23926,-0.00100
747.27504,-0.00258
746.31081,-0.00443
745.34659,-0.00516
744.38236,-0.00385
743.41814,-0.00112
742.45391,0.00141
741.48968,0.00264
740.52546,0.00264
739.56123,0.00206
738.59701,0.00105
737.63278,-0.00064
736.66855,-0.00289
735.70433,-0.00484
734.74010,-0.00564
733.77588,-0.00515
732.81165,-0.00398
731.84742,-0.00276
730.88320,-0.00158
729.91897,-0.00009
728.95475,0.00203
727.99052,0.00452
727.02630,0.00624
726.06207,0.00553
725.09784,0.00141
724.13362,-0.00506
723.16939,-0.01052
722.20517,-0.01143
721.24094,-0.00708
720.27671,-0.00057
719.31249,0.00373
718.34826,0.00397
717.38404,0.00199
716.41981,0.00098
715.45559,0.00233
714.49136,0.00490
713.52713,0.00699
712.56291,0.00810
711.59868,0.00877
710.63446,0.00918
709.67023,0.00883
708.70600,0.00736
707.74178,0.00540
706.77755,0.00426
705.81333,0.00470
704.84910,0.00621
703.88487,0.00741
702.92065,0.00706
701.95642,0.00509
700.99220,0.00267
700.02797,0.00143
699.06375,0.00232
698.09952,0.00493
697.13529,0.00777
696.17107,0.00931
695.20684,0.00910
694.24262,0.00780
693.27839,0.00627
692.31416,0.00469
691.34994,0.00283
690.38571,0.00091
689.42149,-0.00018
688.45726,0.00042
687.49304,0.00265
686.52881,0.00534
685.56458,0.00705
684.60036,0.00694
683.63613,0.00522
682.67191,0.00293
681.70768,0.00137
680.74345,0.00136
679.77923,0.00260
678.81500,0.00396
677.85078,0.00466
676.88655,0.00511
675.92233,0.00638
674.95810,0.00864
673.99387,0.01041
673.02965,0.00978
672.06542,0.00651
671.10120,0.00278
670.13697,0.00141
669.17274,0.00353
668.20852,0.00743
667.24429,0.00964
666.28007,0.00785
665.31584,0.00304
664.35161,-0.00165
663.38739,-0.00318
662.42316,-0.00017
661.45894,0.00626
660.49471,0.01282
659.53049,0.01617
658.56626,0.01520
657.60203,0.01162
656.63781,0.00834
655.67358,0.00698
654.70936,0.00691
653.74513,0.00654
652.78090,0.00516
651.81668,0.00334
650.85245,0.00184
649.88823,0.00071
648.92400,-0.00037
647.95978,-0.00130
646.99555,-0.00147
646.03132,-0.00045
645.06710,0.00146
644.10287,0.00354
643.13865,0.00506
642.17442,0.00548
641.21019,0.00461
640.24597,0.00279
639.28174,0.00110
638.31752,0.00081
637.35329,0.00231
636.38907,0.00477
635.42484,0.00690
634.46061,0.00808
633.49639,0.00876
632.53216,0.00961
631.56794,0.01059
630.60371,0.01096
629.63948,0.01026
628.67526,0.00868
627.71103,0.00683
626.74681,0.00518
625.78258,0.00394
624.81835,0.00303
623.85413,0.00202
622.88990,0.00006
621.92568,-0.00333
620.96145,-0.00756
619.99723,-0.01099
619.03300,-0.01177
618.06877,-0.00869
617.10455,-0.00146
616.14032,0.00907
615.17610,0.02019
614.21187,0.02766
613.24764,0.02785
612.28342,0.02048
611.31919,0.00908
610.35497,-0.00172
609.39074,-0.00937
608.42652,-0.01399
607.46229,-0.01624
606.49806,-0.01573
605.53384,-0.01212
604.56961,-0.00658
603.60539,-0.00141
602.64116,0.00189
601.67693,0.00310
600.71271,0.00213
599.74848,-0.00166
598.78426,-0.00788
597.82003,-0.01401
596.85580,-0.01676
595.89158,-0.01560
594.92735,-0.01396
593.96313,-0.01573
592.99890,-0.02086
592.03468,-0.02554
591.07045,-0.02655
590.10622,-0.02431
589.14200,-0.02087
588.17777,-0.01682
587.21355,-0.01138
586.24932,-0.00507
585.28509,-0.00043
584.32087,0.00085
583.35664,0.00010
582.39242,-0.00024
581.42819,-0.00009
580.46397,-0.00175
579.49974,-0.00645
578.53551,-0.01174
577.57129,-0.01364
576.60706,-0.01015
575.64284,-0.00347
574.67861,0.00198
573.71438,0.00343
572.75016,0.00183
571.78593,0.00024
570.82171,0.00083
569.85748,0.00295
568.89326,0.00344
567.92903,-0.00029
566.96480,-0.00635
566.00058,-0.00758
565.03635,0.00366
564.07213,0.02717
563.10790,0.05134
562.14367,0.06199
561.17945,0.05594
560.21522,0.04323
559.25100,0.03595
558.28677,0.03773
557.32254,0.04287
556.35832,0.04212
555.39409,0.03132
554.42987,0.01581
553.46564,0.00549
552.50142,0.00742
551.53719,0.02095
550.57296,0.03769
549.60874,0.05150
548.64451,0.05848
547.68029,0.05548
546.71606,0.03866
545.75183,0.00902
544.78761,-0.01960
543.82338,-0.02098
542.85916,0.02756
541.89493,0.10862
540.93071,0.15409
539.96648,0.12419
539.00225,0.04436
538.03803,-0.01331
537.07380,0.00325
536.10958,0.08986
535.14535,0.20765
534.18112,0.31603
533.21690,0.36337
532.25267,0.33009
531.28845,0.26311
530.32422,0.19477
529.36000,0.12574
528.39577,0.04185
527.43154,-0.05668
526.46732,-0.15195
525.50309,-0.21396
524.53887,-0.21505
523.57464,-0.14888
522.61041,-0.03465
521.64619,0.07872
520.68196,0.15336
519.71774,0.17650
518.75351,0.14313
517.78928,0.07052
516.82506,0.01456
515.86083,0.03445
514.89661,0.10893
513.93238,0.14587
512.96816,0.11219
512.00393,0.05849
511.03970,0.03200
510.07548,0.04199
509.11125,0.07198
508.14703,0.10582
507.18280,0.15229
506.21857,0.21481
505.25435,0.25489
504.29012,0.23317
503.32590,0.17640
502.36167,0.13373
501.39745,0.14052
500.43322,0.18933
499.46899,0.22708
498.50477,0.20566
497.54054,0.15135
496.57632,0.11995
495.61209,0.14065
494.64786,0.18707
493.68364,0.17443
492.71941,0.07918
491.75519,-0.00482
490.79096,-0.01858
489.82673,0.01888
488.86251,0.08463
487.89828,0.17661
486.93406,0.28117
485.96983,0.33177
485.00561,0.26197
484.04138,0.11626
483.07715,-0.01273
482.11293,-0.08232
481.14870,-0.06824
480.18448,0.02415
479.22025,0.16030
478.25602,0.29964
477.29180,0.44004
476.32757,0.54206
475.36335,0.56063
474.39912,0.48730
473.43490,0.35554
472.47067,0.20631
471.50644,0.07179
470.54222,-0.02249
469.57799,-0.04637
468.61377,0.03779
467.64954,0.21854
466.68531,0.40940
465.72109,0.46679
464.75686,0.38718
463.79264,0.29333
462.82841,0.24840
461.86419,0.26065
460.89996,0.28171
459.93573,0.26088
458.97151,0.18723
458.00728,0.10282
457.04306,0.05665
456.07883,0.03264
455.11460,0.00170
454.15038,-0.03707
453.18615,-0.07554
452.22193,-0.08205
451.25770,-0.01923
450.29347,0.05241
449.32925,0.14249
448.36502,0.23375
447.40080,0.25709
446.43657,0.15505
445.47235,0.02610
444.50812,0.01860
443.54389,0.17471
442.57967,0.35201
441.61544,0.37773
440.65122,0.35020
439.68699,0.33434
438.72276,0.33081
437.75854,0.24736
436.79431,0.15814
435.83009,0.15433
434.86586,0.33442
433.90164,0.49423
432.93741,0.51151
431.97318,0.45809
431.00896,0.39986
430.04473,0.26264
429.08051,-0.00209
428.11628,-0.32991
427.15205,-0.38953
426.18783,0.01986
425.22360,0.56659
424.25938,0.49432
423.29515,0.23336
422.33092,0.08218
421.36670,0.01150
420.40247,-0.02202
419.43825,-0.04966
418.47402,-0.10333
417.50980,-0.17511
416.54557,-0.22414
415.58134,-0.19660
414.61712,-0.08688
413.65289,0.03295
412.68867,0.09135
411.72444,0.05282
410.76021,-0.06248
409.79599,-0.12901
408.83176,-0.02908
407.86754,0.16344
406.90331,0.27924
405.93909,0.18634
404.97486,0.04661
404.01063,-0.03422
403.04641,-0.05612
402.08218,-0.04792
401.11796,-0.04674
400.15373,-0.05018
399.18950,-0.00326
398.22528,0.09238
397.26105,0.16058
396.29683,0.15270
395.33260,0.08723
394.36838,0.02748
393.40415,0.01454
392.43992,0.02967
391.47570,0.06437
390.51147,0.11077
389.54725,0.16423
388.58302,0.21471
387.61879,0.20805
386.65457,0.13970
385.69034,0.05098
384.72612,0.00572
383.76189,0.01766
382.79766,0.03566
381.83344,0.05683
380.86921,0.08543
379.90499,0.14576
378.94076,0.21627
377.97654,0.27009
377.01231,0.36356
376.04808,0.43832
375.08386,0.47641
374.11963,0.46032
373.15541,0.40741
372.19118,0.34363
371.22695,0.35586
370.26273,0.41526
369.29850,0.52803
368.33428,0.60845
367.37005,0.67499
366.40583,0.74809
365.44160,0.70992
364.47737,0.19694
363.51315,-0.21664
362.54892,-0.32389
361.58470,-0.41267
360.62047,-0.35665
359.65624,-0.19362
358.69202,-0.02253
357.72779,0.11174
356.76357,0.18366
355.79934,0.16688
354.83512,0.07955
353.87089,-0.02802
352.90666,-0.08059
351.94244,-0.05952
350.97821,-0.02193
350.01399,-0.01036
349.04976,-0.00940
