3946.57643,0.00944
3945.61220,0.00933
3944.64798,0.00902
3943.68375,0.00891
3942.71953,0.00902
3941.75530,0.00906
3940.79107,0.00897
3939.82685,0.00897
3938.86262,0.00924
3937.89840,0.00957
3936.93417,0.00947
3935.96994,0.00868
3935.00572,0.00742
3934.04149,0.00619
3933.07727,0.00548
3932.11304,0.00549
3931.14882,0.00614
3930.18459,0.00714
3929.22036,0.00806
3928.25614,0.00852
3927.29191,0.00843
3926.32769,0.00797
3925.36346,0.00739
3924.39923,0.00686
3923.43501,0.00641
3922.47078,0.00614
3921.50656,0.00623
3920.54233,0.00671
3919.57811,0.00735
3918.61388,0.00773
3917.64965,0.00762
3916.68543,0.00722
3915.72120,0.00692
3914.75698,0.00696
3913.79275,0.00716
3912.82852,0.00718
3911.86430,0.00692
3910.90007,0.00668
3909.93585,0.00685
3908.97162,0.00756
3908.00739,0.00847
3907.04317,0.00916
3906.07894,0.00943
3905.11472,0.00946
3904.15049,0.00951
3903.18627,0.00963
3902.22204,0.00956
3901.25781,0.00910
3900.29359,0.00838
3899.32936,0.00782
3898.36514,0.00776
3897.40091,0.00810
3896.43668,0.00839
3895.47246,0.00823
3894.50823,0.00763
3893.54401,0.00698
3892.57978,0.00665
3891.61556,0.00660
3890.65133,0.00650
3889.68710,0.00613
3888.72288,0.00569
3887.75865,0.00558
3886.79443,0.00599
3885.83020,0.00665
3884.86597,0.00712
3883.90175,0.00714
3882.93752,0.00687
3881.97330,0.00659
3881.00907,0.00649
3880.04485,0.00652
3879.08062,0.00651
3878.11639,0.00637
3877.15217,0.00605
3876.18794,0.00560
3875.22372,0.00512
3874.25949,0.00478
3873.29526,0.00473
3872.33104,0.00499
3871.36681,0.00544
3870.40259,0.00591
3869.43836,0.00627
3868.47413,0.00648
3867.50991,0.00650
3866.54568,0.00635
3865.58146,0.00610
3864.61723,0.00589
3863.65301,0.00584
3862.68878,0.00592
3861.72455,0.00597
3860.76033,0.00585
3859.79610,0.00557
3858.83188,0.00531
3857.86765,0.00527
3856.90342,0.00552
3855.93920,0.00595
3854.97497,0.00637
3854.01075,0.00661
3853.04652,0.00657
3852.08230,0.00622
3851.11807,0.00553
3850.15384,0.00456
3849.18962,0.00344
3848.22539,0.00243
3847.26117,0.00185
3846.29694,0.00195
3845.33271,0.00282
3844.36849,0.00422
3843.40426,0.00566
3842.44004,0.00661
3841.47581,0.00687
3840.51159,0.00663
3839.54736,0.00631
3838.58313,0.00612
3837.61891,0.00591
3836.65468,0.00542
3835.69046,0.00471
3834.72623,0.00420
3833.76200,0.00426
3832.79778,0.00484
3831.83355,0.00555
3830.86933,0.00602
3829.90510,0.00622
3828.94087,0.00633
3827.97665,0.00643
3827.01242,0.00636
3826.04820,0.00605
3825.08397,0.00566
3824.11975,0.00557
3823.15552,0.00594
3822.19129,0.00647
3821.22707,0.00664
3820.26284,0.00609
3819.29862,0.00498
3818.33439,0.00385
3817.37016,0.00319
3816.40594,0.00324
3815.44171,0.00387
3814.47749,0.00471
3813.51326,0.00538
3812.54904,0.00564
3811.58481,0.00546
3810.62058,0.00497
3809.65636,0.00444
3808.69213,0.00416
3807.72791,0.00433
3806.76368,0.00501
3805.79945,0.00599
3804.83523,0.00697
3803.87100,0.00766
3802.90678,0.00793
3801.94255,0.00777
3800.97832,0.00733
3800.01410,0.00680
3799.04987,0.00635
3798.08565,0.00611
3797.12142,0.00610
3796.15720,0.00631
3795.19297,0.00674
3794.22874,0.00734
3793.26452,0.00801
3792.30029,0.00859
3791.33607,0.00886
3790.37184,0.00871
3789.40761,0.00821
3788.44339,0.00754
3787.47916,0.00691
3786.51494,0.00642
3785.55071,0.00610
3784.58649,0.00590
3783.62226,0.00579
3782.65803,0.00580
3781.69381,0.00595
3780.72958,0.00626
3779.76536,0.00667
3778.80113,0.00704
3777.83690,0.00722
3776.87268,0.00717
3775.90845,0.00702
3774.94423,0.00698
3773.98000,0.00716
3773.01578,0.00743
3772.05155,0.00745
3771.08732,0.00697
3770.12310,0.00605
3769.15887,0.00513
3768.19465,0.00471
3767.23042,0.00504
3766.26619,0.00595
3765.30197,0.00702
3764.33774,0.00786
3763.37352,0.00830
3762.40929,0.00836
3761.44506,0.00816
3760.48084,0.00781
3759.51661,0.00734
3758.55239,0.00681
3757.58816,0.00631
3756.62394,0.00596
3755.65971,0.00591
3754.69548,0.00620
3753.73126,0.00673
3752.76703,0.00726
3751.80281,0.00753
3750.83858,0.00747
3749.87435,0.00720
3748.91013,0.00695
3747.94590,0.00683
3746.98168,0.00679
3746.01745,0.00674
3745.05323,0.00666
3744.08900,0.00659
3743.12477,0.00662
3742.16055,0.00678
3741.19632,0.00699
3740.23210,0.00718
3739.26787,0.00729
3738.30364,0.00731
3737.33942,0.00727
3736.37519,0.00720
3735.41097,0.00711
3734.44674,0.00694
3733.48251,0.00667
3732.51829,0.00628
3731.55406,0.00581
3730.58984,0.00541
3729.62561,0.00527
3728.66139,0.00553
3727.69716,0.00620
3726.73293,0.00708
3725.76871,0.00778
3724.80448,0.00801
3723.84026,0.00778
3722.87603,0.00735
3721.91180,0.00700
3720.94758,0.00687
3719.98335,0.00685
3719.01913,0.00678
3718.05490,0.00658
3717.09068,0.00626
3716.12645,0.00597
3715.16222,0.00586
3714.19800,0.00602
3713.23377,0.00642
3712.26955,0.00683
3711.30532,0.00704
3710.34109,0.00697
3709.37687,0.00674
3708.41264,0.00652
3707.44842,0.00636
3706.48419,0.00625
3705.51997,0.00617
3704.55574,0.00622
3703.59151,0.00643
3702.62729,0.00675
3701.66306,0.00705
3700.69884,0.00730
3699.73461,0.00761
3698.77038,0.00797
3697.80616,0.00820
3696.84193,0.00806
3695.87771,0.00758
3694.91348,0.00705
3693.94925,0.00674
3692.98503,0.00662
3692.02080,0.00645
3691.05658,0.00620
3690.09235,0.00614
3689.12813,0.00658
3688.16390,0.00742
3687.19967,0.00813
3686.23545,0.00829
3685.27122,0.00799
3684.30700,0.00778
3683.34277,0.00803
3682.37854,0.00862
3681.41432,0.00904
3680.45009,0.00898
3679.48587,0.00856
3678.52164,0.00815
3677.55742,0.00793
3676.59319,0.00785
3675.62896,0.00781
3674.66474,0.00792
3673.70051,0.00837
3672.73629,0.00911
3671.77206,0.00981
3670.80783,0.01011
3669.84361,0.01003
3668.87938,0.00988
3667.91516,0.00996
3666.95093,0.01018
3665.98671,0.01023
3665.02248,0.00997
3664.05825,0.00955
3663.09403,0.00930
3662.12980,0.00938
3661.16558,0.00970
3660.20135,0.01016
3659.23712,0.01082
3658.27290,0.01173
3657.30867,0.01271
3656.34445,0.01336
3655.38022,0.01337
3654.41599,0.01283
3653.45177,0.01215
3652.48754,0.01169
3651.52332,0.01150
3650.55909,0.01145
3649.59487,0.01142
3648.63064,0.01143
3647.66641,0.01147
3646.70219,0.01147
3645.73796,0.01139
3644.77374,0.01134
3643.80951,0.01155
3642.84528,0.01210
3641.88106,0.01281
3640.91683,0.01335
3639.95261,0.01351
3638.98838,0.01337
3638.02416,0.01317
3637.05993,0.01314
3636.09570,0.01333
3635.13148,0.01360
3634.16725,0.01371
3633.20303,0.01348
3632.23880,0.01295
3631.27457,0.01243
3630.31035,0.01230
3629.34612,0.01276
3628.38190,0.01362
3627.41767,0.01439
3626.45344,0.01473
3625.48922,0.01464
3624.52499,0.01442
3623.56077,0.01438
3622.59654,0.01462
3621.63232,0.01500
3620.66809,0.01531
3619.70386,0.01535
3618.73964,0.01505
3617.77541,0.01448
3616.81119,0.01383
3615.84696,0.01333
3614.88273,0.01316
3613.91851,0.01334
3612.95428,0.01372
3611.99006,0.01406
3611.02583,0.01421
3610.06161,0.01423
3609.09738,0.01424
3608.13315,0.01431
3607.16893,0.01435
3606.20470,0.01428
3605.24048,0.01417
3604.27625,0.01419
3603.31202,0.01442
3602.34780,0.01472
3601.38357,0.01484
3600.41935,0.01473
3599.45512,0.01461
3598.49090,0.01469
3597.52667,0.01490
3596.56244,0.01494
3595.59822,0.01473
3594.63399,0.01458
3593.66977,0.01497
3592.70554,0.01593
3591.74131,0.01696
3590.77709,0.01745
3589.81286,0.01724
3588.84864,0.01668
3587.88441,0.01622
3586.92018,0.01604
3585.95596,0.01606
3584.99173,0.01616
3584.02751,0.01630
3583.06328,0.01640
3582.09906,0.01636
3581.13483,0.01619
3580.17060,0.01607
3579.20638,0.01619
3578.24215,0.01645
3577.27793,0.01657
3576.31370,0.01637
3575.34947,0.01600
3574.38525,0.01577
3573.42102,0.01584
3572.45680,0.01607
3571.49257,0.01626
3570.52835,0.01631
3569.56412,0.01629
3568.59989,0.01618
3567.63567,0.01592
3566.67144,0.01555
3565.70722,0.01528
3564.74299,0.01536
3563.77876,0.01585
3562.81454,0.01658
3561.85031,0.01726
3560.88609,0.01769
3559.92186,0.01780
3558.95764,0.01763
3557.99341,0.01731
3557.02918,0.01704
3556.06496,0.01699
3555.10073,0.01720
3554.13651,0.01754
3553.17228,0.01782
3552.20805,0.01793
3551.24383,0.01792
3550.27960,0.01789
3549.31538,0.01790
3548.35115,0.01792
3547.38692,0.01787
3546.42270,0.01769
3545.45847,0.01737
3544.49425,0.01696
3543.53002,0.01655
3542.56580,0.01628
3541.60157,0.01630
3540.63734,0.01662
3539.67312,0.01715
3538.70889,0.01764
3537.74467,0.01796
3536.78044,0.01813
3535.81621,0.01835
3534.85199,0.01872
3533.88776,0.01912
3532.92354,0.01927
3531.95931,0.01905
3530.99509,0.01865
3530.03086,0.01839
3529.06663,0.01839
3528.10241,0.01849
3527.13818,0.01843
3526.17396,0.01816
3525.20973,0.01789
3524.24550,0.01785
3523.28128,0.01805
3522.31705,0.01829
3521.35283,0.01838
3520.38860,0.01828
3519.42437,0.01813
3518.46015,0.01806
3517.49592,0.01809
3516.53170,0.01810
3515.56747,0.01800
3514.60325,0.01778
3513.63902,0.01759
3512.67479,0.01761
3511.71057,0.01792
3510.74634,0.01836
3509.78212,0.01864
3508.81789,0.01850
3507.85366,0.01796
3506.88944,0.01733
3505.92521,0.01697
3504.96099,0.01701
3503.99676,0.01731
3503.03254,0.01758
3502.06831,0.01765
3501.10408,0.01759
3500.13986,0.01758
3499.17563,0.01779
3498.21141,0.01822
3497.24718,0.01876
3496.28295,0.01928
3495.31873,0.01961
3494.35450,0.01960
3493.39028,0.01926
3492.42605,0.01883
3491.46183,0.01868
3490.49760,0.01908
3489.53337,0.01989
3488.56915,0.02061
3487.60492,0.02076
3486.64070,0.02025
3485.67647,0.01944
3484.71224,0.01881
3483.74802,0.01869
3482.78379,0.01901
3481.81957,0.01949
3480.85534,0.01979
3479.89111,0.01976
3478.92689,0.01951
3477.96266,0.01929
3476.99844,0.01928
3476.03421,0.01943
3475.06999,0.01949
3474.10576,0.01932
3473.14153,0.01904
3472.17731,0.01904
3471.21308,0.01961
3470.24886,0.02076
3469.28463,0.02214
3468.32040,0.02327
3467.35618,0.02372
3466.39195,0.02336
3465.42773,0.02238
3464.46350,0.02132
3463.49928,0.02071
3462.53505,0.02083
3461.57082,0.02148
3460.60660,0.02227
3459.64237,0.02287
3458.67815,0.02322
3457.71392,0.02338
3456.74969,0.02340
3455.78547,0.02327
3454.82124,0.02300
3453.85702,0.02270
3452.89279,0.02239
3451.92856,0.02200
3450.96434,0.02154
3450.00011,0.02120
3449.03589,0.02127
3448.07166,0.02180
3447.10744,0.02246
3446.14321,0.02276
3445.17898,0.02243
3444.21476,0.02168
3443.25053,0.02094
3442.28631,0.02056
3441.32208,0.02058
3440.35785,0.02081
3439.39363,0.02103
3438.42940,0.02112
3437.46518,0.02106
3436.50095,0.02091
3435.53673,0.02078
3434.57250,0.02078
3433.60827,0.02105
3432.64405,0.02165
3431.67982,0.02252
3430.71560,0.02343
3429.75137,0.02404
3428.78714,0.02406
3427.82292,0.02348
3426.85869,0.02263
3425.89447,0.02203
3424.93024,0.02199
3423.96602,0.02236
3423.00179,0.02266
3422.03756,0.02246
3421.07334,0.02180
3420.10911,0.02112
3419.14489,0.02088
3418.18066,0.02112
3417.21643,0.02155
3416.25221,0.02186
3415.28798,0.02201
3414.32376,0.02221
3413.35953,0.02251
3412.39530,0.02271
3411.43108,0.02261
3410.46685,0.02228
3409.50263,0.02213
3408.53840,0.02247
3407.57418,0.02326
3406.60995,0.02413
3405.64572,0.02479
3404.68150,0.02519
3403.71727,0.02538
3402.75305,0.02531
3401.78882,0.02490
3400.82459,0.02423
3399.86037,0.02365
3398.89614,0.02344
3397.93192,0.02360
3396.96769,0.02379
3396.00347,0.02377
3395.03924,0.02359
3394.07501,0.02354
3393.11079,0.02379
3392.14656,0.02422
3391.18234,0.02452
3390.21811,0.02450
3389.25388,0.02427
3388.28966,0.02406
3387.32543,0.02405
3386.36121,0.02418
3385.39698,0.02428
3384.43276,0.02420
3383.46853,0.02393
3382.50430,0.02353
3381.54008,0.02311
3380.57585,0.02279
3379.61163,0.02263
3378.64740,0.02265
3377.68317,0.02270
3376.71895,0.02260
3375.75472,0.02224
3374.79050,0.02171
3373.82627,0.02125
3372.86204,0.02109
3371.89782,0.02128
3370.93359,0.02169
3369.96937,0.02210
3369.00514,0.02230
3368.04092,0.02222
3367.07669,0.02196
3366.11246,0.02174
3365.14824,0.02179
3364.18401,0.02214
3363.21979,0.02264
3362.25556,0.02302
3361.29133,0.02315
3360.32711,0.02311
3359.36288,0.02304
3358.39866,0.02301
3357.43443,0.02298
3356.47021,0.02291
3355.50598,0.02281
3354.54175,0.02276
3353.57753,0.02280
3352.61330,0.02294
3351.64908,0.02320
3350.68485,0.02357
3349.72062,0.02392
3348.75640,0.02408
3347.79217,0.02392
3346.82795,0.02356
3345.86372,0.02324
3344.89949,0.02312
3343.93527,0.02317
3342.97104,0.02328
3342.00682,0.02346
3341.04259,0.02377
3340.07837,0.02418
3339.11414,0.02440
3338.14991,0.02412
3337.18569,0.02333
3336.22146,0.02238
3335.25724,0.02182
3334.29301,0.02195
3333.32878,0.02267
3332.36456,0.02355
3331.40033,0.02420
3330.43611,0.02446
3329.47188,0.02443
3328.50766,0.02429
3327.54343,0.02411
3326.57920,0.02387
3325.61498,0.02357
3324.65075,0.02325
3323.68653,0.02296
3322.72230,0.02272
3321.75807,0.02248
3320.79385,0.02226
3319.82962,0.02217
3318.86540,0.02234
3317.90117,0.02279
3316.93695,0.02340
3315.97272,0.02403
3315.00849,0.02456
3314.04427,0.02485
3313.08004,0.02475
3312.11582,0.02425
3311.15159,0.02358
3310.18736,0.02318
3309.22314,0.02336
3308.25891,0.02409
3307.29469,0.02498
3306.33046,0.02563
3305.36623,0.02582
3304.40201,0.02560
3303.43778,0.02521
3302.47356,0.02493
3301.50933,0.02488
3300.54511,0.02495
3299.58088,0.02481
3298.61665,0.02420
3297.65243,0.02329
3296.68820,0.02263
3295.72398,0.02270
3294.75975,0.02346
3293.79552,0.02432
3292.83130,0.02475
3291.86707,0.02465
3290.90285,0.02436
3289.93862,0.02418
3288.97440,0.02409
3288.01017,0.02394
3287.04594,0.02366
3286.08172,0.02341
3285.11749,0.02329
3284.15327,0.02333
3283.18904,0.02345
3282.22481,0.02361
3281.26059,0.02382
3280.29636,0.02401
3279.33214,0.02412
3278.36791,0.02411
3277.40369,0.02398
3276.43946,0.02378
3275.47523,0.02354
3274.51101,0.02332
3273.54678,0.02320
3272.58256,0.02317
3271.61833,0.02314
3270.65410,0.02302
3269.68988,0.02290
3268.72565,0.02297
3267.76143,0.02330
3266.79720,0.02366
3265.83297,0.02376
3264.86875,0.02356
3263.90452,0.02324
3262.94030,0.02301
3261.97607,0.02287
3261.01185,0.02273
3260.04762,0.02262
3259.08339,0.02264
3258.11917,0.02280
3257.15494,0.02292
3256.19072,0.02289
3255.22649,0.02285
3254.26226,0.02308
3253.29804,0.02358
3252.33381,0.02406
3251.36959,0.02419
3250.40536,0.02395
3249.44114,0.02357
3248.47691,0.02324
3247.51268,0.02300
3246.54846,0.02281
3245.58423,0.02265
3244.62001,0.02260
3243.65578,0.02263
3242.69155,0.02274
3241.72733,0.02293
3240.76310,0.02322
3239.79888,0.02344
3238.83465,0.02333
3237.87042,0.02280
3236.90620,0.02216
3235.94197,0.02185
3234.97775,0.02201
3234.01352,0.02227
3233.04930,0.02213
3232.08507,0.02149
3231.12084,0.02074
3230.15662,0.02041
3229.19239,0.02067
3228.22817,0.02124
3227.26394,0.02172
3226.29971,0.02188
3225.33549,0.02177
3224.37126,0.02165
3223.40704,0.02172
3222.44281,0.02200
3221.47859,0.02231
3220.51436,0.02246
3219.55013,0.02241
3218.58591,0.02233
3217.62168,0.02242
3216.65746,0.02276
3215.69323,0.02323
3214.72900,0.02362
3213.76478,0.02377
3212.80055,0.02360
3211.83633,0.02311
3210.87210,0.02248
3209.90788,0.02199
3208.94365,0.02181
3207.97942,0.02193
3207.01520,0.02210
3206.05097,0.02212
3205.08675,0.02191
3204.12252,0.02154
3203.15829,0.02106
3202.19407,0.02053
3201.22984,0.02006
3200.26562,0.01986
3199.30139,0.02000
3198.33716,0.02036
3197.37294,0.02066
3196.40871,0.02076
3195.44449,0.02073
3194.48026,0.02071
3193.51604,0.02076
3192.55181,0.02082
3191.58758,0.02084
3190.62336,0.02079
3189.65913,0.02070
3188.69491,0.02059
3187.73068,0.02053
3186.76645,0.02054
3185.80223,0.02061
3184.83800,0.02062
3183.87378,0.02044
3182.90955,0.02012
3181.94533,0.01981
3180.98110,0.01966
3180.01687,0.01966
3179.05265,0.01966
3178.08842,0.01957
3177.12420,0.01941
3176.15997,0.01925
3175.19574,0.01920
3174.23152,0.01931
3173.26729,0.01962
3172.30307,0.02008
3171.33884,0.02058
3170.37461,0.02095
3169.41039,0.02108
3168.44616,0.02097
3167.48194,0.02064
3166.51771,0.02012
3165.55349,0.01943
3164.58926,0.01867
3163.62503,0.01801
3162.66081,0.01766
3161.69658,0.01771
3160.73236,0.01811
3159.76813,0.01864
3158.80390,0.01902
3157.83968,0.01909
3156.87545,0.01893
3155.91123,0.01875
3154.94700,0.01877
3153.98278,0.01901
3153.01855,0.01941
3152.05432,0.01986
3151.09010,0.02023
3150.12587,0.02033
3149.16165,0.02001
3148.19742,0.01929
3147.23319,0.01854
3146.26897,0.01819
3145.30474,0.01836
3144.34052,0.01877
3143.37629,0.01899
3142.41207,0.01883
3141.44784,0.01847
3140.48361,0.01819
3139.51939,0.01814
3138.55516,0.01829
3137.59094,0.01848
3136.62671,0.01858
3135.66248,0.01850
3134.69826,0.01825
3133.73403,0.01803
3132.76981,0.01806
3131.80558,0.01831
3130.84135,0.01845
3129.87713,0.01813
3128.91290,0.01738
3127.94868,0.01661
3126.98445,0.01631
3126.02023,0.01656
3125.05600,0.01708
3124.09177,0.01753
3123.12755,0.01780
3122.16332,0.01796
3121.19910,0.01812
3120.23487,0.01828
3119.27064,0.01838
3118.30642,0.01837
3117.34219,0.01816
3116.37797,0.01775
3115.41374,0.01727
3114.44952,0.01698
3113.48529,0.01700
3112.52106,0.01722
3111.55684,0.01736
3110.59261,0.01728
3109.62839,0.01704
3108.66416,0.01678
3107.69993,0.01651
3106.73571,0.01609
3105.77148,0.01548
3104.80726,0.01489
3103.84303,0.01461
3102.87881,0.01473
3101.91458,0.01508
3100.95035,0.01538
3099.98613,0.01548
3099.02190,0.01541
3098.05768,0.01527
3097.09345,0.01515
3096.12922,0.01511
3095.16500,0.01519
3094.20077,0.01538
3093.23655,0.01567
3092.27232,0.01603
3091.30809,0.01639
3090.34387,0.01667
3089.37964,0.01679
3088.41542,0.01678
3087.45119,0.01671
3086.48697,0.01670
3085.52274,0.01678
3084.55851,0.01681
3083.59429,0.01667
3082.63006,0.01633
3081.66584,0.01587
3080.70161,0.01536
3079.73738,0.01482
3078.77316,0.01431
3077.80893,0.01395
3076.84471,0.01388
3075.88048,0.01407
3074.91626,0.01432
3073.95203,0.01442
3072.98780,0.01436
3072.02358,0.01431
3071.05935,0.01440
3070.09513,0.01458
3069.13090,0.01472
3068.16667,0.01472
3067.20245,0.01461
3066.23822,0.01449
3065.27400,0.01441
3064.30977,0.01437
3063.34554,0.01440
3062.38132,0.01446
3061.41709,0.01448
3060.45287,0.01443
3059.48864,0.01435
3058.52442,0.01434
3057.56019,0.01444
3056.59596,0.01453
3055.63174,0.01448
3054.66751,0.01428
3053.70329,0.01412
3052.73906,0.01411
3051.77483,0.01417
3050.81061,0.01416
3049.84638,0.01408
3048.88216,0.01406
3047.91793,0.01420
3046.95371,0.01434
3045.98948,0.01428
3045.02525,0.01405
3044.06103,0.01388
3043.09680,0.01397
3042.13258,0.01415
3041.16835,0.01410
3040.20412,0.01366
3039.23990,0.01304
3038.27567,0.01265
3037.31145,0.01273
3036.34722,0.01322
3035.38300,0.01383
3034.41877,0.01428
3033.45454,0.01439
3032.49032,0.01414
3031.52609,0.01367
3030.56187,0.01324
3029.59764,0.01309
3028.63341,0.01330
3027.66919,0.01372
3026.70496,0.01411
3025.74074,0.01430
3024.77651,0.01421
3023.81228,0.01391
3022.84806,0.01346
3021.88383,0.01297
3020.91961,0.01258
3019.95538,0.01239
3018.99116,0.01242
3018.02693,0.01259
3017.06270,0.01272
3016.09848,0.01267
3015.13425,0.01245
3014.17003,0.01218
3013.20580,0.01206
3012.24157,0.01216
3011.27735,0.01236
3010.31312,0.01249
3009.34890,0.01246
3008.38467,0.01236
3007.42045,0.01237
3006.45622,0.01252
3005.49199,0.01276
3004.52777,0.01303
3003.56354,0.01330
3002.59932,0.01354
3001.63509,0.01364
3000.67086,0.01355
2999.70664,0.01331
2998.74241,0.01304
2997.77819,0.01283
2996.81396,0.01262
2995.84974,0.01232
2994.88551,0.01194
2993.92128,0.01159
2992.95706,0.01141
2991.99283,0.01141
2991.02861,0.01149
2990.06438,0.01152
2989.10015,0.01143
2988.13593,0.01122
2987.17170,0.01097
2986.20748,0.01082
2985.24325,0.01088
2984.27902,0.01110
2983.31480,0.01134
2982.35057,0.01153
2981.38635,0.01173
2980.42212,0.01203
2979.45790,0.01236
2978.49367,0.01253
2977.52944,0.01240
2976.56522,0.01206
2975.60099,0.01177
2974.63677,0.01171
2973.67254,0.01185
2972.70831,0.01199
2971.74409,0.01197
2970.77986,0.01174
2969.81564,0.01137
2968.85141,0.01101
2967.88719,0.01082
2966.92296,0.01090
2965.95873,0.01124
2964.99451,0.01171
2964.03028,0.01216
2963.06606,0.01245
2962.10183,0.01248
2961.13760,0.01225
2960.17338,0.01186
2959.20915,0.01152
2958.24493,0.01146
2957.28070,0.01167
2956.31647,0.01194
2955.35225,0.01205
2954.38802,0.01198
2953.42380,0.01191
2952.45957,0.01195
2951.49535,0.01212
2950.53112,0.01230
2949.56689,0.01242
2948.60267,0.01240
2947.63844,0.01215
2946.67422,0.01165
2945.70999,0.01105
2944.74576,0.01066
2943.78154,0.01070
2942.81731,0.01108
2941.85309,0.01148
2940.88886,0.01161
2939.92464,0.01150
2938.96041,0.01130
2937.99618,0.01116
2937.03196,0.01104
2936.06773,0.01090
2935.10351,0.01075
2934.13928,0.01061
2933.17505,0.01049
2932.21083,0.01040
2931.24660,0.01036
2930.28238,0.01042
2929.31815,0.01059
2928.35393,0.01079
2927.38970,0.01095
2926.42547,0.01101
2925.46125,0.01098
2924.49702,0.01089
2923.53280,0.01078
2922.56857,0.01076
2921.60434,0.01092
2920.64012,0.01129
2919.67589,0.01172
2918.71167,0.01200
2917.74744,0.01200
2916.78321,0.01170
2915.81899,0.01125
2914.85476,0.01080
2913.89054,0.01046
2912.92631,0.01027
2911.96209,0.01016
2910.99786,0.01009
2910.03363,0.01008
2909.06941,0.01020
2908.10518,0.01049
2907.14096,0.01079
2906.17673,0.01090
2905.21250,0.01072
2904.24828,0.01038
2903.28405,0.01009
2902.31983,0.00998
2901.35560,0.00996
2900.39138,0.00986
2899.42715,0.00963
2898.46292,0.00939
2897.49870,0.00934
2896.53447,0.00959
2895.57025,0.01008
2894.60602,0.01066
2893.64179,0.01116
2892.67757,0.01144
2891.71334,0.01147
2890.74912,0.01133
2889.78489,0.01109
2888.82066,0.01077
2887.85644,0.01035
2886.89221,0.00987
2885.92799,0.00950
2884.96376,0.00941
2883.99954,0.00961
2883.03531,0.00997
2882.07108,0.01022
2881.10686,0.01025
2880.14263,0.01009
2879.17841,0.00993
2878.21418,0.00995
2877.24995,0.01018
2876.28573,0.01054
2875.32150,0.01088
2874.35728,0.01110
2873.39305,0.01117
2872.42883,0.01107
2871.46460,0.01079
2870.50037,0.01033
2869.53615,0.00977
2868.57192,0.00930
2867.60770,0.00916
2866.64347,0.00940
2865.67924,0.00987
2864.71502,0.01032
2863.75079,0.01060
2862.78657,0.01070
2861.82234,0.01069
2860.85812,0.01064
2859.89389,0.01054
2858.92966,0.01035
2857.96544,0.01010
2857.00121,0.00986
2856.03699,0.00973
2855.07276,0.00975
2854.10853,0.00984
2853.14431,0.00989
2852.18008,0.00987
2851.21586,0.00992
2850.25163,0.01017
2849.28740,0.01065
2848.32318,0.01115
2847.35895,0.01146
2846.39473,0.01152
2845.43050,0.01142
2844.46628,0.01126
2843.50205,0.01105
2842.53782,0.01074
2841.57360,0.01041
2840.60937,0.01020
2839.64515,0.01018
2838.68092,0.01029
2837.71669,0.01039
2836.75247,0.01041
2835.78824,0.01041
2834.82402,0.01037
2833.85979,0.01020
2832.89557,0.00982
2831.93134,0.00937
2830.96711,0.00913
2830.00289,0.00925
2829.03866,0.00967
2828.07444,0.01018
2827.11021,0.01061
2826.14598,0.01095
2825.18176,0.01119
2824.21753,0.01127
2823.25331,0.01112
2822.28908,0.01079
2821.32486,0.01044
2820.36063,0.01020
2819.39640,0.01007
2818.43218,0.01004
2817.46795,0.01007
2816.50373,0.01015
2815.53950,0.01016
2814.57527,0.01000
2813.61105,0.00968
2812.64682,0.00937
2811.68260,0.00928
2810.71837,0.00937
2809.75414,0.00946
2808.78992,0.00939
2807.82569,0.00920
2806.86147,0.00909
2805.89724,0.00920
2804.93302,0.00943
2803.96879,0.00959
2803.00456,0.00957
2802.04034,0.00943
2801.07611,0.00929
2800.11189,0.00924
2799.14766,0.00930
2798.18343,0.00948
2797.21921,0.00973
2796.25498,0.00997
2795.29076,0.01010
2794.32653,0.01006
2793.36231,0.00988
2792.39808,0.00965
2791.43385,0.00948
2790.46963,0.00943
2789.50540,0.00954
2788.54118,0.00976
2787.57695,0.01001
2786.61272,0.01016
2785.64850,0.01009
2784.68427,0.00984
2783.72005,0.00954
2782.75582,0.00939
2781.79159,0.00945
2780.82737,0.00963
2779.86314,0.00976
2778.89892,0.00969
2777.93469,0.00939
2776.97047,0.00894
2776.00624,0.00847
2775.04201,0.00815
2774.07779,0.00809
2773.11356,0.00830
2772.14934,0.00870
2771.18511,0.00911
2770.22088,0.00938
2769.25666,0.00948
2768.29243,0.00946
2767.32821,0.00944
2766.36398,0.00952
2765.39976,0.00968
2764.43553,0.00983
2763.47130,0.00986
2762.50708,0.00973
2761.54285,0.00955
2760.57863,0.00948
2759.61440,0.00962
2758.65017,0.00989
2757.68595,0.01009
2756.72172,0.01011
2755.75750,0.00999
2754.79327,0.00985
2753.82905,0.00972
2752.86482,0.00953
2751.90059,0.00927
2750.93637,0.00913
2749.97214,0.00930
2749.00792,0.00971
2748.04369,0.01007
2747.07946,0.01010
2746.11524,0.00983
2745.15101,0.00952
2744.18679,0.00938
2743.22256,0.00939
2742.25833,0.00943
2741.29411,0.00948
2740.32988,0.00965
2739.36566,0.00995
2738.40143,0.01020
2737.43721,0.01018
2736.47298,0.00989
2735.50875,0.00959
2734.54453,0.00946
2733.58030,0.00955
2732.61608,0.00970
2731.65185,0.00984
2730.68762,0.00994
2729.72340,0.00998
2728.75917,0.00991
2727.79495,0.00975
2726.83072,0.00959
2725.86650,0.00955
2724.90227,0.00958
2723.93804,0.00950
2722.97382,0.00921
2722.00959,0.00886
2721.04537,0.00870
2720.08114,0.00888
2719.11691,0.00930
2718.15269,0.00969
2717.18846,0.00989
2716.22424,0.00990
2715.26001,0.00985
2714.29579,0.00987
2713.33156,0.01000
2712.36733,0.01018
2711.40311,0.01029
2710.43888,0.01023
2709.47466,0.01002
2708.51043,0.00975
2707.54620,0.00959
2706.58198,0.00963
2705.61775,0.00982
2704.65353,0.01002
2703.68930,0.01008
2702.72507,0.00998
2701.76085,0.00983
2700.79662,0.00976
2699.83240,0.00980
2698.86817,0.00985
2697.90395,0.00980
2696.93972,0.00963
2695.97549,0.00944
2695.01127,0.00936
2694.04704,0.00940
2693.08282,0.00953
2692.11859,0.00969
2691.15436,0.00989
2690.19014,0.01012
2689.22591,0.01028
2688.26169,0.01026
2687.29746,0.01003
2686.33324,0.00970
2685.36901,0.00938
2684.40478,0.00918
2683.44056,0.00915
2682.47633,0.00932
2681.51211,0.00969
2680.54788,0.01015
2679.58365,0.01052
2678.61943,0.01070
2677.65520,0.01069
2676.69098,0.01061
2675.72675,0.01052
2674.76252,0.01038
2673.79830,0.01015
2672.83407,0.00985
2671.86985,0.00955
2670.90562,0.00934
2669.94140,0.00927
2668.97717,0.00936
2668.01294,0.00957
2667.04872,0.00976
2666.08449,0.00972
2665.12027,0.00941
2664.15604,0.00896
2663.19181,0.00867
2662.22759,0.00871
2661.26336,0.00905
2660.29914,0.00949
2659.33491,0.00985
2658.37069,0.01009
2657.40646,0.01017
2656.44223,0.01010
2655.47801,0.00985
2654.51378,0.00946
2653.54956,0.00905
2652.58533,0.00875
2651.62110,0.00865
2650.65688,0.00876
2649.69265,0.00899
2648.72843,0.00920
2647.76420,0.00928
2646.79998,0.00927
2645.83575,0.00935
2644.87152,0.00965
2643.90730,0.01009
2642.94307,0.01042
2641.97885,0.01039
2641.01462,0.01003
2640.05039,0.00957
2639.08617,0.00931
2638.12194,0.00935
2637.15772,0.00958
2636.19349,0.00980
2635.22926,0.00992
2634.26504,0.00993
2633.30081,0.00986
2632.33659,0.00968
2631.37236,0.00936
2630.40814,0.00892
2629.44391,0.00851
2628.47968,0.00832
2627.51546,0.00844
2626.55123,0.00872
2625.58701,0.00896
2624.62278,0.00909
2623.65855,0.00919
2622.69433,0.00941
2621.73010,0.00972
2620.76588,0.00994
2619.80165,0.00991
2618.83743,0.00969
2617.87320,0.00951
2616.90897,0.00954
2615.94475,0.00978
2614.98052,0.01005
2614.01630,0.01019
2613.05207,0.01020
2612.08784,0.01021
2611.12362,0.01031
2610.15939,0.01048
2609.19517,0.01057
2608.23094,0.01045
2607.26672,0.01018
2606.30249,0.00992
2605.33826,0.00980
2604.37404,0.00976
2603.40981,0.00964
2602.44559,0.00936
2601.48136,0.00906
2600.51713,0.00897
2599.55291,0.00911
2598.58868,0.00932
2597.62446,0.00944
2596.66023,0.00945
2595.69600,0.00951
2594.73178,0.00970
2593.76755,0.00997
2592.80333,0.01013
2591.83910,0.01009
2590.87488,0.00991
2589.91065,0.00974
2588.94642,0.00974
2587.98220,0.00998
2587.01797,0.01041
2586.05375,0.01084
2585.08952,0.01104
2584.12529,0.01088
2583.16107,0.01048
2582.19684,0.01002
2581.23262,0.00972
2580.26839,0.00961
2579.30417,0.00964
2578.33994,0.00972
2577.37571,0.00975
2576.41149,0.00971
2575.44726,0.00961
2574.48304,0.00952
2573.51881,0.00950
2572.55458,0.00955
2571.59036,0.00966
2570.62613,0.00981
2569.66191,0.01000
2568.69768,0.01014
2567.73345,0.01011
2566.76923,0.00991
2565.80500,0.00970
2564.84078,0.00970
2563.87655,0.00999
2562.91233,0.01035
2561.94810,0.01049
2560.98387,0.01029
2560.01965,0.00991
2559.05542,0.00961
2558.09120,0.00954
2557.12697,0.00971
2556.16274,0.00997
2555.19852,0.01017
2554.23429,0.01019
2553.27007,0.01001
2552.30584,0.00974
2551.34162,0.00953
2550.37739,0.00945
2549.41316,0.00946
2548.44894,0.00950
2547.48471,0.00961
2546.52049,0.00979
2545.55626,0.00994
2544.59203,0.00990
2543.62781,0.00965
2542.66358,0.00937
2541.69936,0.00929
2540.73513,0.00939
2539.77091,0.00947
2538.80668,0.00938
2537.84245,0.00925
2536.87823,0.00927
2535.91400,0.00951
2534.94978,0.00980
2533.98555,0.00996
2533.02132,0.00997
2532.05710,0.00990
2531.09287,0.00979
2530.12865,0.00962
2529.16442,0.00944
2528.20019,0.00938
2527.23597,0.00951
2526.27174,0.00973
2525.30752,0.00982
2524.34329,0.00969
2523.37907,0.00944
2522.41484,0.00922
2521.45061,0.00914
2520.48639,0.00917
2519.52216,0.00924
2518.55794,0.00929
2517.59371,0.00930
2516.62948,0.00930
2515.66526,0.00938
2514.70103,0.00959
2513.73681,0.00987
2512.77258,0.01005
2511.80836,0.01002
2510.84413,0.00981
2509.87990,0.00955
2508.91568,0.00935
2507.95145,0.00929
2506.98723,0.00936
2506.02300,0.00959
2505.05877,0.00990
2504.09455,0.01012
2503.13032,0.01015
2502.16610,0.01005
2501.20187,0.01000
2500.23764,0.01014
2499.27342,0.01040
2498.30919,0.01060
2497.34497,0.01065
2496.38074,0.01059
2495.41652,0.01047
2494.45229,0.01033
2493.48806,0.01015
2492.52384,0.01002
2491.55961,0.00999
2490.59539,0.01006
2489.63116,0.01014
2488.66693,0.01014
2487.70271,0.01011
2486.73848,0.01011
2485.77426,0.01014
2484.81003,0.01009
2483.84581,0.00991
2482.88158,0.00966
2481.91735,0.00947
2480.95313,0.00941
2479.98890,0.00942
2479.02468,0.00942
2478.06045,0.00940
2477.09622,0.00937
2476.13200,0.00937
2475.16777,0.00940
2474.20355,0.00950
2473.23932,0.00970
2472.27510,0.01002
2471.31087,0.01042
2470.34664,0.01079
2469.38242,0.01100
2468.41819,0.01094
2467.45397,0.01059
2466.48974,0.01005
2465.52551,0.00954
2464.56129,0.00925
2463.59706,0.00924
2462.63284,0.00936
2461.66861,0.00946
2460.70438,0.00949
2459.74016,0.00954
2458.77593,0.00967
2457.81171,0.00987
2456.84748,0.01003
2455.88326,0.01010
2454.91903,0.01013
2453.95480,0.01018
2452.99058,0.01027
2452.02635,0.01037
2451.06213,0.01037
2450.09790,0.01024
2449.13367,0.01001
2448.16945,0.00979
2447.20522,0.00970
2446.24100,0.00973
2445.27677,0.00978
2444.31255,0.00976
2443.34832,0.00968
2442.38409,0.00966
2441.41987,0.00978
2440.45564,0.00997
2439.49142,0.01004
2438.52719,0.00987
2437.56296,0.00955
2436.59874,0.00934
2435.63451,0.00940
2434.67029,0.00970
2433.70606,0.01003
2432.74184,0.01023
2431.77761,0.01027
2430.81338,0.01024
2429.84916,0.01021
2428.88493,0.01016
2427.92071,0.01000
2426.95648,0.00969
2425.99225,0.00930
2425.02803,0.00896
2424.06380,0.00877
2423.09958,0.00873
2422.13535,0.00887
2421.17112,0.00914
2420.20690,0.00950
2419.24267,0.00980
2418.27845,0.00994
2417.31422,0.00989
2416.35000,0.00976
2415.38577,0.00967
2414.42154,0.00964
2413.45732,0.00960
2412.49309,0.00949
2411.52887,0.00935
2410.56464,0.00928
2409.60041,0.00932
2408.63619,0.00942
2407.67196,0.00950
2406.70774,0.00957
2405.74351,0.00972
2404.77929,0.00995
2403.81506,0.01026
2402.85083,0.01058
2401.88661,0.01087
2400.92238,0.01111
2399.95816,0.01130
2398.99393,0.01142
2398.02970,0.01146
2397.06548,0.01138
2396.10125,0.01114
2395.13703,0.01070
2394.17280,0.01016
2393.20857,0.00970
2392.24435,0.00950
2391.28012,0.00958
2390.31590,0.00977
2389.35167,0.00993
2388.38745,0.01002
2387.42322,0.01013
2386.45899,0.01029
2385.49477,0.01042
2384.53054,0.01045
2383.56632,0.01037
2382.60209,0.01026
2381.63786,0.01017
2380.67364,0.01009
2379.70941,0.00998
2378.74519,0.00989
2377.78096,0.00987
2376.81674,0.00991
2375.85251,0.00992
2374.88828,0.00987
2373.92406,0.00983
2372.95983,0.00989
2371.99561,0.01009
2371.03138,0.01036
2370.06715,0.01058
2369.10293,0.01068
2368.13870,0.01066
2367.17448,0.01054
2366.21025,0.01036
2365.24603,0.01018
2364.28180,0.01009
2363.31757,0.01009
2362.35335,0.01013
2361.38912,0.01015
2360.42490,0.01015
2359.46067,0.01014
2358.49644,0.01009
2357.53222,0.01003
2356.56799,0.01005
2355.60377,0.01032
2354.63954,0.01084
2353.67531,0.01141
2352.71109,0.01170
2351.74686,0.01158
2350.78264,0.01120
2349.81841,0.01087
2348.85419,0.01077
2347.88996,0.01090
2346.92573,0.01108
2345.96151,0.01116
2344.99728,0.01102
2344.03306,0.01069
2343.06883,0.01033
2342.10460,0.01014
2341.14038,0.01023
2340.17615,0.01050
2339.21193,0.01078
2338.24770,0.01092
2337.28348,0.01096
2336.31925,0.01101
2335.35502,0.01107
2334.39080,0.01107
2333.42657,0.01097
2332.46235,0.01085
2331.49812,0.01083
2330.53389,0.01089
2329.56967,0.01090
2328.60544,0.01076
2327.64122,0.01050
2326.67699,0.01024
2325.71277,0.01007
2324.74854,0.00999
2323.78431,0.01001
2322.82009,0.01010
2321.85586,0.01025
2320.89164,0.01044
2319.92741,0.01062
2318.96318,0.01079
2317.99896,0.01088
2317.03473,0.01082
2316.07051,0.01056
2315.10628,0.01021
2314.14205,0.00997
2313.17783,0.00996
2312.21360,0.01006
2311.24938,0.01005
2310.28515,0.00982
2309.32093,0.00952
2308.35670,0.00939
2307.39247,0.00951
2306.42825,0.00977
2305.46402,0.00998
2304.49980,0.01004
2303.53557,0.00999
2302.57134,0.00988
2301.60712,0.00975
2300.64289,0.00966
2299.67867,0.00967
2298.71444,0.00982
2297.75022,0.01007
2296.78599,0.01030
2295.82176,0.01041
2294.85754,0.01044
2293.89331,0.01045
2292.92909,0.01051
2291.96486,0.01062
2291.00063,0.01071
2290.03641,0.01070
2289.07218,0.01054
2288.10796,0.01025
2287.14373,0.00994
2286.17950,0.00975
2285.21528,0.00976
2284.25105,0.00993
2283.28683,0.01012
2282.32260,0.01020
2281.35838,0.01009
2280.39415,0.00989
2279.42992,0.00974
2278.46570,0.00974
2277.50147,0.00988
2276.53725,0.01004
2275.57302,0.01013
2274.60879,0.01018
2273.64457,0.01026
2272.68034,0.01041
2271.71612,0.01053
2270.75189,0.01050
2269.78767,0.01036
2268.82344,0.01027
2267.85921,0.01040
2266.89499,0.01068
2265.93076,0.01089
2264.96654,0.01086
2264.00231,0.01059
2263.03808,0.01024
2262.07386,0.00996
2261.10963,0.00982
2260.14541,0.00983
2259.18118,0.00999
2258.21696,0.01018
2257.25273,0.01026
2256.28850,0.01015
2255.32428,0.00999
2254.36005,0.00999
2253.39583,0.01026
2252.43160,0.01063
2251.46737,0.01095
2250.50315,0.01125
2249.53892,0.01174
2248.57470,0.01249
2247.61047,0.01317
2246.64624,0.01333
2245.68202,0.01278
2244.71779,0.01178
2243.75357,0.01084
2242.78934,0.01023
2241.82512,0.00996
2240.86089,0.00988
2239.89666,0.00991
2238.93244,0.00999
2237.96821,0.01000
2237.00399,0.00980
2236.03976,0.00945
2235.07553,0.00916
2234.11131,0.00913
2233.14708,0.00935
2232.18286,0.00963
2231.21863,0.00982
2230.25441,0.00995
2229.29018,0.01014
2228.32595,0.01039
2227.36173,0.01062
2226.39750,0.01075
2225.43328,0.01079
2224.46905,0.01072
2223.50482,0.01048
2222.54060,0.01004
2221.57637,0.00952
2220.61215,0.00914
2219.64792,0.00904
2218.68369,0.00920
2217.71947,0.00941
2216.75524,0.00952
2215.79102,0.00953
2214.82679,0.00954
2213.86257,0.00969
2212.89834,0.01002
2211.93411,0.01041
2210.96989,0.01070
2210.00566,0.01074
2209.04144,0.01056
2208.07721,0.01034
2207.11298,0.01026
2206.14876,0.01034
2205.18453,0.01040
2204.22031,0.01035
2203.25608,0.01022
2202.29186,0.01017
2201.32763,0.01026
2200.36340,0.01037
2199.39918,0.01039
2198.43495,0.01035
2197.47073,0.01037
2196.50650,0.01051
2195.54227,0.01067
2194.57805,0.01073
2193.61382,0.01069
2192.64960,0.01062
2191.68537,0.01057
2190.72115,0.01054
2189.75692,0.01046
2188.79269,0.01037
2187.82847,0.01034
2186.86424,0.01035
2185.90002,0.01032
2184.93579,0.01019
2183.97156,0.00999
2183.00734,0.00986
2182.04311,0.00988
2181.07889,0.01002
2180.11466,0.01016
2179.15043,0.01019
2178.18621,0.01014
2177.22198,0.01010
2176.25776,0.01019
2175.29353,0.01042
2174.32931,0.01072
2173.36508,0.01096
2172.40085,0.01104
2171.43663,0.01093
2170.47240,0.01067
2169.50818,0.01037
2168.54395,0.01013
2167.57972,0.01003
2166.61550,0.01008
2165.65127,0.01022
2164.68705,0.01038
2163.72282,0.01055
2162.75860,0.01076
2161.79437,0.01102
2160.83014,0.01121
2159.86592,0.01124
2158.90169,0.01110
2157.93747,0.01093
2156.97324,0.01083
2156.00901,0.01077
2155.04479,0.01065
2154.08056,0.01045
2153.11634,0.01033
2152.15211,0.01044
2151.18789,0.01078
2150.22366,0.01116
2149.25943,0.01137
2148.29521,0.01133
2147.33098,0.01112
2146.36676,0.01087
2145.40253,0.01066
2144.43830,0.01059
2143.47408,0.01072
2142.50985,0.01099
2141.54563,0.01125
2140.58140,0.01130
2139.61717,0.01110
2138.65295,0.01078
2137.68872,0.01050
2136.72450,0.01034
2135.76027,0.01026
2134.79605,0.01022
2133.83182,0.01021
2132.86759,0.01022
2131.90337,0.01022
2130.93914,0.01021
2129.97492,0.01023
2129.01069,0.01029
2128.04646,0.01037
2127.08224,0.01036
2126.11801,0.01022
2125.15379,0.01001
2124.18956,0.00989
2123.22534,0.00995
2122.26111,0.01013
2121.29688,0.01034
2120.33266,0.01045
2119.36843,0.01047
2118.40421,0.01048
2117.43998,0.01059
2116.47575,0.01086
2115.51153,0.01122
2114.54730,0.01154
2113.58308,0.01172
2112.61885,0.01177
2111.65462,0.01178
2110.69040,0.01182
2109.72617,0.01188
2108.76195,0.01191
2107.79772,0.01190
2106.83350,0.01188
2105.86927,0.01186
2104.90504,0.01177
2103.94082,0.01156
2102.97659,0.01122
2102.01237,0.01086
2101.04814,0.01062
2100.08391,0.01060
2099.11969,0.01079
2098.15546,0.01113
2097.19124,0.01149
2096.22701,0.01178
2095.26279,0.01198
2094.29856,0.01213
2093.33433,0.01225
2092.37011,0.01227
2091.40588,0.01211
2090.44166,0.01182
2089.47743,0.01153
2088.51320,0.01136
2087.54898,0.01131
2086.58475,0.01125
2085.62053,0.01111
2084.65630,0.01093
2083.69208,0.01080
2082.72785,0.01076
2081.76362,0.01075
2080.79940,0.01074
2079.83517,0.01070
2078.87095,0.01061
2077.90672,0.01045
2076.94249,0.01024
2075.97827,0.01003
2075.01404,0.00987
2074.04982,0.00980
2073.08559,0.00978
2072.12136,0.00978
2071.15714,0.00983
2070.19291,0.00994
2069.22869,0.01008
2068.26446,0.01022
2067.30024,0.01035
2066.33601,0.01049
2065.37178,0.01064
2064.40756,0.01071
2063.44333,0.01061
2062.47911,0.01036
2061.51488,0.01008
2060.55065,0.00991
2059.58643,0.00990
2058.62220,0.00999
2057.65798,0.01009
2056.69375,0.01011
2055.72953,0.01004
2054.76530,0.00993
2053.80107,0.00989
2052.83685,0.01001
2051.87262,0.01025
2050.90840,0.01047
2049.94417,0.01056
2048.97994,0.01056
2048.01572,0.01059
2047.05149,0.01066
2046.08727,0.01069
2045.12304,0.01054
2044.15882,0.01023
2043.19459,0.00992
2042.23036,0.00973
2041.26614,0.00966
2040.30191,0.00969
2039.33769,0.00977
2038.37346,0.00989
2037.40923,0.00999
2036.44501,0.00999
2035.48078,0.00988
2034.51656,0.00975
2033.55233,0.00968
2032.58810,0.00966
2031.62388,0.00962
2030.65965,0.00954
2029.69543,0.00949
2028.73120,0.00957
2027.76698,0.00973
2026.80275,0.00985
2025.83852,0.00983
2024.87430,0.00970
2023.91007,0.00957
2022.94585,0.00957
2021.98162,0.00977
2021.01739,0.01011
2020.05317,0.01045
2019.08894,0.01059
2018.12472,0.01045
2017.16049,0.01011
2016.19627,0.00978
2015.23204,0.00962
2014.26781,0.00966
2013.30359,0.00977
2012.33936,0.00983
2011.37514,0.00982
2010.41091,0.00974
2009.44668,0.00961
2008.48246,0.00945
2007.51823,0.00931
2006.55401,0.00928
2005.58978,0.00939
2004.62555,0.00960
2003.66133,0.00985
2002.69710,0.01010
2001.73288,0.01033
2000.76865,0.01047
1999.80443,0.01048
1998.84020,0.01041
1997.87597,0.01038
1996.91175,0.01050
1995.94752,0.01073
1994.98330,0.01087
1994.01907,0.01076
1993.05484,0.01036
1992.09062,0.00982
1991.12639,0.00936
1990.16217,0.00915
1989.19794,0.00921
1988.23372,0.00939
1987.26949,0.00955
1986.30526,0.00960
1985.34104,0.00965
1984.37681,0.00979
1983.41259,0.01005
1982.44836,0.01030
1981.48413,0.01043
1980.51991,0.01040
1979.55568,0.01029
1978.59146,0.01017
1977.62723,0.01007
1976.66301,0.00997
1975.69878,0.00990
1974.73455,0.00988
1973.77033,0.00987
1972.80610,0.00979
1971.84188,0.00964
1970.87765,0.00950
1969.91342,0.00948
1968.94920,0.00955
1967.98497,0.00959
1967.02075,0.00947
1966.05652,0.00925
1965.09229,0.00911
1964.12807,0.00923
1963.16384,0.00962
1962.19962,0.01008
1961.23539,0.01041
1960.27117,0.01044
1959.30694,0.01022
1958.34271,0.00989
1957.37849,0.00962
1956.41426,0.00952
1955.45004,0.00959
1954.48581,0.00975
1953.52158,0.00990
1952.55736,0.00998
1951.59313,0.00996
1950.62891,0.00990
1949.66468,0.00988
1948.70046,0.00997
1947.73623,0.01009
1946.77200,0.01007
1945.80778,0.00985
1944.84355,0.00949
1943.87933,0.00920
1942.91510,0.00913
1941.95087,0.00925
1940.98665,0.00941
1940.02242,0.00950
1939.05820,0.00948
1938.09397,0.00944
1937.12974,0.00942
1936.16552,0.00947
1935.20129,0.00960
1934.23707,0.00976
1933.27284,0.00986
1932.30862,0.00981
1931.34439,0.00967
1930.38016,0.00958
1929.41594,0.00969
1928.45171,0.00994
1927.48749,0.01013
1926.52326,0.01010
1925.55903,0.00981
1924.59481,0.00941
1923.63058,0.00904
1922.66636,0.00883
1921.70213,0.00883
1920.73791,0.00907
1919.77368,0.00949
1918.80945,0.00996
1917.84523,0.01031
1916.88100,0.01044
1915.91678,0.01038
1914.95255,0.01022
1913.98832,0.01004
1913.02410,0.00988
1912.05987,0.00977
1911.09565,0.00972
1910.13142,0.00970
1909.16720,0.00967
1908.20297,0.00961
1907.23874,0.00951
1906.27452,0.00937
1905.31029,0.00918
1904.34607,0.00896
1903.38184,0.00878
1902.41761,0.00875
1901.45339,0.00894
1900.48916,0.00934
1899.52494,0.00980
1898.56071,0.01012
1897.59648,0.01018
1896.63226,0.00997
1895.66803,0.00966
1894.70381,0.00946
1893.73958,0.00953
1892.77536,0.00983
1891.81113,0.01015
1890.84690,0.01028
1889.88268,0.01019
1888.91845,0.00999
1887.95423,0.00985
1886.99000,0.00989
1886.02577,0.01005
1885.06155,0.01021
1884.09732,0.01024
1883.13310,0.01012
1882.16887,0.00993
1881.20465,0.00978
1880.24042,0.00973
1879.27619,0.00974
1878.31197,0.00974
1877.34774,0.00971
1876.38352,0.00966
1875.41929,0.00960
1874.45506,0.00951
1873.49084,0.00939
1872.52661,0.00935
1871.56239,0.00949
1870.59816,0.00978
1869.63394,0.01000
1868.66971,0.00995
1867.70548,0.00960
1866.74126,0.00917
1865.77703,0.00885
1864.81281,0.00870
1863.84858,0.00865
1862.88435,0.00870
1861.92013,0.00891
1860.95590,0.00931
1859.99168,0.00976
1859.02745,0.01006
1858.06322,0.01010
1857.09900,0.00992
1856.13477,0.00965
1855.17055,0.00937
1854.20632,0.00914
1853.24210,0.00901
1852.27787,0.00900
1851.31364,0.00909
1850.34942,0.00920
1849.38519,0.00934
1848.42097,0.00954
1847.45674,0.00984
1846.49251,0.01013
1845.52829,0.01022
1844.56406,0.01008
1843.59984,0.00981
1842.63561,0.00962
1841.67139,0.00960
1840.70716,0.00968
1839.74293,0.00974
1838.77871,0.00969
1837.81448,0.00956
1836.85026,0.00945
1835.88603,0.00941
1834.92180,0.00947
1833.95758,0.00957
1832.99335,0.00960
1832.02913,0.00953
1831.06490,0.00942
1830.10067,0.00937
1829.13645,0.00940
1828.17222,0.00940
1827.20800,0.00930
1826.24377,0.00917
1825.27955,0.00914
1824.31532,0.00926
1823.35109,0.00945
1822.38687,0.00961
1821.42264,0.00970
1820.45842,0.00980
1819.49419,0.00991
1818.52996,0.00995
1817.56574,0.00987
1816.60151,0.00975
1815.63729,0.00976
1814.67306,0.00995
1813.70884,0.01019
1812.74461,0.01033
1811.78038,0.01028
1810.81616,0.01012
1809.85193,0.00997
1808.88771,0.00986
1807.92348,0.00976
1806.95925,0.00965
1805.99503,0.00953
1805.03080,0.00942
1804.06658,0.00938
1803.10235,0.00944
1802.13813,0.00961
1801.17390,0.00983
1800.20967,0.00999
1799.24545,0.00999
1798.28122,0.00983
1797.31700,0.00960
1796.35277,0.00945
1795.38854,0.00949
1794.42432,0.00976
1793.46009,0.01020
1792.49587,0.01070
1791.53164,0.01109
1790.56741,0.01124
1789.60319,0.01111
1788.63896,0.01077
1787.67474,0.01037
1786.71051,0.01010
1785.74629,0.01005
1784.78206,0.01020
1783.81783,0.01037
1782.85361,0.01041
1781.88938,0.01030
1780.92516,0.01016
1779.96093,0.01012
1778.99670,0.01020
1778.03248,0.01029
1777.06825,0.01031
1776.10403,0.01028
1775.13980,0.01029
1774.17558,0.01034
1773.21135,0.01042
1772.24712,0.01049
1771.28290,0.01057
1770.31867,0.01068
1769.35445,0.01075
1768.39022,0.01070
1767.42599,0.01056
1766.46177,0.01043
1765.49754,0.01041
1764.53332,0.01044
1763.56909,0.01042
1762.60487,0.01030
1761.64064,0.01022
1760.67641,0.01031
1759.71219,0.01060
1758.74796,0.01092
1757.78374,0.01107
1756.81951,0.01098
1755.85528,0.01071
1754.89106,0.01042
1753.92683,0.01027
1752.96261,0.01034
1751.99838,0.01061
1751.03415,0.01095
1750.06993,0.01121
1749.10570,0.01128
1748.14148,0.01119
1747.17725,0.01108
1746.21303,0.01109
1745.24880,0.01131
1744.28457,0.01172
1743.32035,0.01217
1742.35612,0.01248
1741.39190,0.01251
1740.42767,0.01227
1739.46344,0.01191
1738.49922,0.01165
1737.53499,0.01163
1736.57077,0.01185
1735.60654,0.01220
1734.64232,0.01256
1733.67809,0.01282
1732.71386,0.01293
1731.74964,0.01293
1730.78541,0.01286
1729.82119,0.01276
1728.85696,0.01265
1727.89273,0.01251
1726.92851,0.01237
1725.96428,0.01228
1725.00006,0.01224
1724.03583,0.01223
1723.07160,0.01225
1722.10738,0.01238
1721.14315,0.01274
1720.17893,0.01331
1719.21470,0.01393
1718.25048,0.01439
1717.28625,0.01454
1716.32202,0.01438
1715.35780,0.01405
1714.39357,0.01370
1713.42935,0.01346
1712.46512,0.01340
1711.50089,0.01349
1710.53667,0.01365
1709.57244,0.01377
1708.60822,0.01385
1707.64399,0.01395
1706.67977,0.01412
1705.71554,0.01429
1704.75131,0.01443
1703.78709,0.01457
1702.82286,0.01478
1701.85864,0.01506
1700.89441,0.01530
1699.93018,0.01542
1698.96596,0.01547
1698.00173,0.01561
1697.03751,0.01587
1696.07328,0.01607
1695.10906,0.01603
1694.14483,0.01579
1693.18060,0.01560
1692.21638,0.01568
1691.25215,0.01601
1690.28793,0.01639
1689.32370,0.01665
1688.35947,0.01678
1687.39525,0.01688
1686.43102,0.01701
1685.46680,0.01716
1684.50257,0.01727
1683.53834,0.01731
1682.57412,0.01727
1681.60989,0.01717
1680.64567,0.01705
1679.68144,0.01695
1678.71722,0.01690
1677.75299,0.01690
1676.78876,0.01691
1675.82454,0.01692
1674.86031,0.01691
1673.89609,0.01687
1672.93186,0.01679
1671.96763,0.01672
1671.00341,0.01676
1670.03918,0.01704
1669.07496,0.01752
1668.11073,0.01802
1667.14651,0.01832
1666.18228,0.01832
1665.21805,0.01812
1664.25383,0.01792
1663.28960,0.01787
1662.32538,0.01805
1661.36115,0.01838
1660.39692,0.01877
1659.43270,0.01910
1658.46847,0.01930
1657.50425,0.01931
1656.54002,0.01912
1655.57579,0.01880
1654.61157,0.01843
1653.64734,0.01813
1652.68312,0.01796
1651.71889,0.01790
1650.75467,0.01787
1649.79044,0.01779
1648.82621,0.01771
1647.86199,0.01773
1646.89776,0.01791
1645.93354,0.01819
1644.96931,0.01840
1644.00508,0.01844
1643.04086,0.01833
1642.07663,0.01821
1641.11241,0.01818
1640.14818,0.01824
1639.18396,0.01836
1638.21973,0.01850
1637.25550,0.01863
1636.29128,0.01868
1635.32705,0.01856
1634.36283,0.01821
1633.39860,0.01776
1632.43437,0.01739
1631.47015,0.01723
1630.50592,0.01722
1629.54170,0.01717
1628.57747,0.01694
1627.61325,0.01661
1626.64902,0.01637
1625.68479,0.01635
1624.72057,0.01655
1623.75634,0.01679
1622.79212,0.01689
1621.82789,0.01678
1620.86366,0.01650
1619.89944,0.01615
1618.93521,0.01584
1617.97099,0.01560
1617.00676,0.01540
1616.04253,0.01520
1615.07831,0.01501
1614.11408,0.01492
1613.14986,0.01494
1612.18563,0.01500
1611.22141,0.01492
1610.25718,0.01462
1609.29295,0.01419
1608.32873,0.01382
1607.36450,0.01362
1606.40028,0.01353
1605.43605,0.01342
1604.47182,0.01326
1603.50760,0.01314
1602.54337,0.01315
1601.57915,0.01329
1600.61492,0.01342
1599.65070,0.01342
1598.68647,0.01327
1597.72224,0.01303
1596.75802,0.01284
1595.79379,0.01279
1594.82957,0.01289
1593.86534,0.01306
1592.90111,0.01318
1591.93689,0.01317
1590.97266,0.01303
1590.00844,0.01279
1589.04421,0.01250
1588.07999,0.01217
1587.11576,0.01186
1586.15153,0.01164
1585.18731,0.01163
1584.22308,0.01188
1583.25886,0.01230
1582.29463,0.01273
1581.33040,0.01296
1580.36618,0.01291
1579.40195,0.01265
1578.43773,0.01233
1577.47350,0.01204
1576.50927,0.01179
1575.54505,0.01154
1574.58082,0.01131
1573.61660,0.01118
1572.65237,0.01123
1571.68815,0.01145
1570.72392,0.01170
1569.75969,0.01184
1568.79547,0.01182
1567.83124,0.01165
1566.86702,0.01143
1565.90279,0.01125
1564.93856,0.01121
1563.97434,0.01130
1563.01011,0.01145
1562.04589,0.01154
1561.08166,0.01152
1560.11744,0.01145
1559.15321,0.01138
1558.18898,0.01127
1557.22476,0.01102
1556.26053,0.01063
1555.29631,0.01030
1554.33208,0.01026
1553.36785,0.01060
1552.40363,0.01111
1551.43940,0.01149
1550.47518,0.01160
1549.51095,0.01149
1548.54672,0.01135
1547.58250,0.01132
1546.61827,0.01142
1545.65405,0.01161
1544.68982,0.01176
1543.72560,0.01180
1542.76137,0.01171
1541.79714,0.01158
1540.83292,0.01151
1539.86869,0.01151
1538.90447,0.01148
1537.94024,0.01133
1536.97601,0.01112
1536.01179,0.01101
1535.04756,0.01105
1534.08334,0.01121
1533.11911,0.01135
1532.15489,0.01140
1531.19066,0.01136
1530.22643,0.01126
1529.26221,0.01107
1528.29798,0.01079
1527.33376,0.01048
1526.36953,0.01026
1525.40530,0.01021
1524.44108,0.01033
1523.47685,0.01054
1522.51263,0.01076
1521.54840,0.01089
1520.58418,0.01084
1519.61995,0.01059
1518.65572,0.01028
1517.69150,0.01008
1516.72727,0.01007
1515.76305,0.01022
1514.79882,0.01038
1513.83459,0.01050
1512.87037,0.01059
1511.90614,0.01069
1510.94192,0.01081
1509.97769,0.01093
1509.01346,0.01103
1508.04924,0.01114
1507.08501,0.01121
1506.12079,0.01117
1505.15656,0.01102
1504.19234,0.01085
1503.22811,0.01075
1502.26388,0.01070
1501.29966,0.01062
1500.33543,0.01042
1499.37121,0.01017
1498.40698,0.00999
1497.44275,0.00995
1496.47853,0.01002
1495.51430,0.01007
1494.55008,0.01002
1493.58585,0.00986
1492.62163,0.00962
1491.65740,0.00939
1490.69317,0.00932
1489.72895,0.00952
1488.76472,0.01000
1487.80050,0.01057
1486.83627,0.01094
1485.87204,0.01086
1484.90782,0.01034
1483.94359,0.00954
1482.97937,0.00873
1482.01514,0.00813
1481.05092,0.00782
1480.08669,0.00775
1479.12246,0.00779
1478.15824,0.00781
1477.19401,0.00781
1476.22979,0.00784
1475.26556,0.00791
1474.30133,0.00790
1473.33711,0.00770
1472.37288,0.00743
1471.40866,0.00737
1470.44443,0.00767
1469.48020,0.00810
1468.51598,0.00824
1467.55175,0.00793
1466.58753,0.00745
1465.62330,0.00722
1464.65908,0.00734
1463.69485,0.00756
1462.73062,0.00764
1461.76640,0.00765
1460.80217,0.00782
1459.83795,0.00811
1458.87372,0.00821
1457.90949,0.00786
1456.94527,0.00713
1455.98104,0.00635
1455.01682,0.00575
1454.05259,0.00535
1453.08837,0.00514
1452.12414,0.00521
1451.15991,0.00559
1450.19569,0.00610
1449.23146,0.00649
1448.26724,0.00671
1447.30301,0.00688
1446.33878,0.00708
1445.37456,0.00724
1444.41033,0.00727
1443.44611,0.00724
1442.48188,0.00721
1441.51765,0.00711
1440.55343,0.00677
1439.58920,0.00626
1438.62498,0.00589
1437.66075,0.00588
1436.69653,0.00610
1435.73230,0.00624
1434.76807,0.00629
1433.80385,0.00656
1432.83962,0.00718
1431.87540,0.00775
1430.91117,0.00770
1429.94694,0.00699
1428.98272,0.00628
1428.01849,0.00629
1427.05427,0.00711
1426.09004,0.00816
1425.12582,0.00891
1424.16159,0.00933
1423.19736,0.00976
1422.23314,0.01031
1421.26891,0.01068
1420.30469,0.01051
1419.34046,0.00976
1418.37623,0.00880
1417.41201,0.00805
1416.44778,0.00770
1415.48356,0.00768
1414.51933,0.00779
1413.55511,0.00786
1412.59088,0.00779
1411.62665,0.00759
1410.66243,0.00745
1409.69820,0.00755
1408.73398,0.00792
1407.76975,0.00833
1406.80552,0.00843
1405.84130,0.00803
1404.87707,0.00728
1403.91285,0.00656
1402.94862,0.00621
1401.98439,0.00634
1401.02017,0.00684
1400.05594,0.00747
1399.09172,0.00795
1398.12749,0.00809
1397.16327,0.00784
1396.19904,0.00738
1395.23481,0.00697
1394.27059,0.00684
1393.30636,0.00702
1392.34214,0.00731
1391.37791,0.00749
1390.41368,0.00748
1389.44946,0.00732
1388.48523,0.00714
1387.52101,0.00701
1386.55678,0.00702
1385.59256,0.00719
1384.62833,0.00746
1383.66410,0.00767
1382.69988,0.00766
1381.73565,0.00739
1380.77143,0.00701
1379.80720,0.00663
1378.84297,0.00633
1377.87875,0.00614
1376.91452,0.00620
1375.95030,0.00665
1374.98607,0.00742
1374.02184,0.00822
1373.05762,0.00872
1372.09339,0.00889
1371.12917,0.00890
1370.16494,0.00896
1369.20072,0.00906
1368.23649,0.00906
1367.27226,0.00887
1366.30804,0.00853
1365.34381,0.00811
1364.37959,0.00771
1363.41536,0.00740
1362.45113,0.00727
1361.48691,0.00721
1360.52268,0.00703
1359.55846,0.00661
1358.59423,0.00618
1357.63001,0.00610
1356.66578,0.00652
1355.70155,0.00717
1354.73733,0.00764
1353.77310,0.00777
1352.80888,0.00773
1351.84465,0.00777
1350.88042,0.00789
1349.91620,0.00798
1348.95197,0.00802
1347.98775,0.00811
1347.02352,0.00831
1346.05930,0.00852
1345.09507,0.00865
1344.13084,0.00867
1343.16662,0.00862
1342.20239,0.00844
1341.23817,0.00805
1340.27394,0.00757
1339.30971,0.00731
1338.34549,0.00746
1337.38126,0.00781
1336.41704,0.00794
1335.45281,0.00766
1334.48858,0.00720
1333.52436,0.00696
1332.56013,0.00709
1331.59591,0.00746
1330.63168,0.00785
1329.66746,0.00818
1328.70323,0.00839
1327.73900,0.00837
1326.77478,0.00802
1325.81055,0.00748
1324.84633,0.00712
1323.88210,0.00724
1322.91787,0.00775
1321.95365,0.00819
1320.98942,0.00807
1320.02520,0.00719
1319.06097,0.00580
1318.09675,0.00447
1317.13252,0.00379
1316.16829,0.00406
1315.20407,0.00512
1314.23984,0.00649
1313.27562,0.00761
1312.31139,0.00814
1311.34716,0.00801
1310.38294,0.00742
1309.41871,0.00678
1308.45449,0.00653
1307.49026,0.00687
1306.52604,0.00757
1305.56181,0.00811
1304.59758,0.00812
1303.63336,0.00770
1302.66913,0.00722
1301.70491,0.00692
1300.74068,0.00678
1299.77645,0.00673
1298.81223,0.00675
1297.84800,0.00682
1296.88378,0.00675
1295.91955,0.00629
1294.95532,0.00556
1293.99110,0.00507
1293.02687,0.00528
1292.06265,0.00615
1291.09842,0.00715
1290.13420,0.00781
1289.16997,0.00804
1288.20574,0.00806
1287.24152,0.00807
1286.27729,0.00819
1285.31307,0.00853
1284.34884,0.00909
1283.38461,0.00965
1282.42039,0.00982
1281.45616,0.00941
1280.49194,0.00863
1279.52771,0.00793
1278.56349,0.00751
1277.59926,0.00721
1276.63503,0.00683
1275.67081,0.00648
1274.70658,0.00639
1273.74236,0.00661
1272.77813,0.00684
1271.81390,0.00681
1270.84968,0.00660
1269.88545,0.00658
1268.92123,0.00702
1267.95700,0.00776
1266.99277,0.00840
1266.02855,0.00856
1265.06432,0.00818
1264.10010,0.00747
1263.13587,0.00672
1262.17165,0.00615
1261.20742,0.00588
1260.24319,0.00592
1259.27897,0.00626
1258.31474,0.00685
1257.35052,0.00755
1256.38629,0.00813
1255.42206,0.00834
1254.45784,0.00811
1253.49361,0.00765
1252.52939,0.00732
1251.56516,0.00728
1250.60094,0.00742
1249.63671,0.00748
1248.67248,0.00727
1247.70826,0.00681
1246.74403,0.00631
1245.77981,0.00598
1244.81558,0.00596
1243.85135,0.00619
1242.88713,0.00644
1241.92290,0.00642
1240.95868,0.00603
1239.99445,0.00548
1239.03023,0.00508
1238.06600,0.00492
1237.10177,0.00478
1236.13755,0.00448
1235.17332,0.00415
1234.20910,0.00411
1233.24487,0.00454
1232.28064,0.00521
1231.31642,0.00573
1230.35219,0.00589
1229.38797,0.00573
1228.42374,0.00540
1227.45951,0.00494
1226.49529,0.00444
1225.53106,0.00407
1224.56684,0.00409
1223.60261,0.00455
1222.63839,0.00534
1221.67416,0.00624
1220.70993,0.00714
1219.74571,0.00800
1218.78148,0.00875
1217.81726,0.00926
1216.85303,0.00936
1215.88880,0.00897
1214.92458,0.00813
1213.96035,0.00700
1212.99613,0.00597
1212.03190,0.00544
1211.06768,0.00549
1210.10345,0.00575
1209.13922,0.00571
1208.17500,0.00523
1207.21077,0.00469
1206.24655,0.00459
1205.28232,0.00506
1204.31809,0.00585
1203.35387,0.00661
1202.38964,0.00723
1201.42542,0.00767
1200.46119,0.00778
1199.49697,0.00743
1198.53274,0.00685
1197.56851,0.00649
1196.60429,0.00656
1195.64006,0.00667
1194.67584,0.00623
1193.71161,0.00506
1192.74738,0.00363
1191.78316,0.00257
1190.81893,0.00215
1189.85471,0.00232
1188.89048,0.00303
1187.92625,0.00423
1186.96203,0.00564
1185.99780,0.00670
1185.03358,0.00697
1184.06935,0.00653
1183.10513,0.00580
1182.14090,0.00507
1181.17667,0.00431
1180.21245,0.00347
1179.24822,0.00279
1178.28400,0.00259
1177.31977,0.00278
1176.35554,0.00291
1175.39132,0.00274
1174.42709,0.00258
1173.46287,0.00284
1172.49864,0.00346
1171.53442,0.00386
1170.57019,0.00359
1169.60596,0.00288
1168.64174,0.00234
1167.67751,0.00236
1166.71329,0.00274
1165.74906,0.00306
1164.78483,0.00311
1163.82061,0.00305
1162.85638,0.00316
1161.89216,0.00364
1160.92793,0.00446
1159.96370,0.00538
1158.99948,0.00592
1158.03525,0.00566
1157.07103,0.00457
1156.10680,0.00308
1155.14258,0.00173
1154.17835,0.00080
1153.21412,0.00023
1152.24990,-0.00001
1151.28567,0.00022
1150.32145,0.00110
1149.35722,0.00240
1148.39299,0.00356
1147.42877,0.00408
1146.46454,0.00387
1145.50032,0.00323
1144.53609,0.00251
1143.57187,0.00192
1142.60764,0.00152
1141.64341,0.00134
1140.67919,0.00139
1139.71496,0.00165
1138.75074,0.00204
1137.78651,0.00244
1136.82228,0.00275
1135.85806,0.00298
1134.89383,0.00324
1133.92961,0.00368
1132.96538,0.00430
1132.00116,0.00486
1131.03693,0.00498
1130.07270,0.00439
1129.10848,0.00322
1128.14425,0.00191
1127.18003,0.00090
1126.21580,0.00036
1125.25157,0.00016
1124.28735,0.00001
1123.32312,-0.00021
1122.35890,-0.00046
1121.39467,-0.00060
1120.43044,-0.00059
1119.46622,-0.00038
1118.50199,0.00025
1117.53777,0.00157
1116.57354,0.00350
1115.60932,0.00526
1114.64509,0.00564
1113.68086,0.00400
1112.71664,0.00098
1111.75241,-0.00175
1110.78819,-0.00273
1109.82396,-0.00170
1108.85973,0.00050
1107.89551,0.00276
1106.93128,0.00431
1105.96706,0.00476
1105.00283,0.00400
1104.03861,0.00232
1103.07438,0.00056
1102.11015,-0.00036
1101.14593,-0.00020
1100.18170,0.00042
1099.21748,0.00069
1098.25325,0.00044
1097.28902,0.00023
1096.32480,0.00060
1095.36057,0.00151
1094.39635,0.00243
1093.43212,0.00294
1092.46790,0.00308
1091.50367,0.00314
1090.53944,0.00333
1089.57522,0.00358
1088.61099,0.00359
1087.64677,0.00312
1086.68254,0.00222
1085.71831,0.00145
1084.75409,0.00159
1083.78986,0.00303
1082.82564,0.00531
1081.86141,0.00729
1080.89718,0.00799
1079.93296,0.00725
1078.96873,0.00576
1078.00451,0.00456
1077.04028,0.00443
1076.07606,0.00560
1075.11183,0.00761
1074.14760,0.00948
1073.18338,0.01029
1072.21915,0.00971
1071.25493,0.00818
1070.29070,0.00643
1069.32647,0.00483
1068.36225,0.00341
1067.39802,0.00228
1066.43380,0.00191
1065.46957,0.00267
1064.50535,0.00430
1063.54112,0.00587
1062.57689,0.00669
1061.61267,0.00681
1060.64844,0.00682
1059.68422,0.00697
1058.71999,0.00695
1057.75576,0.00634
1056.79154,0.00530
1055.82731,0.00457
1054.86309,0.00473
1053.89886,0.00562
1052.93463,0.00660
1051.97041,0.00718
1051.00618,0.00748
1050.04196,0.00794
1049.07773,0.00866
1048.11351,0.00923
1047.14928,0.00913
1046.18505,0.00829
1045.22083,0.00730
1044.25660,0.00683
1043.29238,0.00700
1042.32815,0.00728
1041.36392,0.00716
1040.39970,0.00668
1039.43547,0.00632
1038.47125,0.00639
1037.50702,0.00648
1036.54280,0.00587
1035.57857,0.00442
1034.61434,0.00283
1033.65012,0.00210
1032.68589,0.00261
1031.72167,0.00382
1030.75744,0.00481
1029.79321,0.00511
1028.82899,0.00485
1027.86476,0.00447
1026.90054,0.00430
1025.93631,0.00442
1024.97209,0.00482
1024.00786,0.00545
1023.04363,0.00619
1022.07941,0.00680
1021.11518,0.00696
1020.15096,0.00647
1019.18673,0.00540
1018.22250,0.00411
1017.25828,0.00296
1016.29405,0.00206
1015.32983,0.00126
1014.36560,0.00038
1013.40137,-0.00039
1012.43715,-0.00062
1011.47292,-0.00004
1010.50870,0.00115
1009.54447,0.00242
1008.58025,0.00335
1007.61602,0.00382
1006.65179,0.00383
1005.68757,0.00333
1004.72334,0.00236
1003.75912,0.00128
1002.79489,0.00060
1001.83066,0.00046
1000.86644,0.00048
999.90221,0.00014
998.93799,-0.00068
997.97376,-0.00163
997.00954,-0.00220
996.04531,-0.00211
995.08108,-0.00124
994.11686,0.00031
993.15263,0.00206
992.18841,0.00327
991.22418,0.00344
990.25995,0.00289
989.29573,0.00258
988.33150,0.00318
987.36728,0.00424
986.40305,0.00459
985.43882,0.00347
984.47460,0.00126
983.51037,-0.00095
982.54615,-0.00231
981.58192,-0.00259
980.61770,-0.00193
979.65347,-0.00054
978.68924,0.00119
977.72502,0.00257
976.76079,0.00283
975.79657,0.00171
974.83234,-0.00021
973.86811,-0.00184
972.90389,-0.00241
971.93966,-0.00203
970.97544,-0.00166
970.01121,-0.00211
969.04699,-0.00326
968.08276,-0.00409
967.11853,-0.00353
966.15431,-0.00141
965.19008,0.00148
964.22586,0.00412
963.26163,0.00590
962.29740,0.00658
961.33318,0.00602
960.36895,0.00442
959.40473,0.00275
958.44050,0.00230
957.47628,0.00341
956.51205,0.00478
955.54782,0.00461
954.58360,0.00247
953.61937,-0.00010
952.65515,-0.00113
951.69092,-0.00017
950.72669,0.00142
949.76247,0.00215
948.79824,0.00183
947.83402,0.00141
946.86979,0.00161
945.90556,0.00228
944.94134,0.00285
943.97711,0.00313
943.01289,0.00339
942.04866,0.00396
941.08444,0.00488
940.12021,0.00596
939.15598,0.00687
938.19176,0.00705
937.22753,0.00581
936.26331,0.00276
935.29908,-0.00154
934.33485,-0.00554
933.37063,-0.00739
932.40640,-0.00614
931.44218,-0.00243
930.47795,0.00169
929.51373,0.00397
928.54950,0.00347
927.58527,0.00129
926.62105,-0.00034
925.65682,-0.00007
924.69260,0.00158
923.72837,0.00295
922.76414,0.00281
921.79992,0.00114
920.83569,-0.00135
919.87147,-0.00389
918.90724,-0.00571
917.94302,-0.00598
916.97879,-0.00445
916.01456,-0.00209
915.05034,-0.00073
914.08611,-0.00146
913.12189,-0.00358
912.15766,-0.00530
911.19343,-0.00561
910.22921,-0.00504
909.26498,-0.00455
908.30076,-0.00410
907.33653,-0.00272
906.37230,0.00001
905.40808,0.00307
904.44385,0.00483
903.47963,0.00461
902.51540,0.00311
901.55118,0.00147
900.58695,0.00022
899.62272,-0.00077
898.65850,-0.00165
897.69427,-0.00223
896.73005,-0.00219
895.76582,-0.00161
894.80159,-0.00092
893.83737,-0.00045
892.87314,-0.00006
891.90892,0.00066
890.94469,0.00170
889.98047,0.00217
889.01624,0.00076
888.05201,-0.00307
887.08779,-0.00836
886.12356,-0.01308
885.15934,-0.01546
884.19511,-0.01505
883.23088,-0.01250
882.26666,-0.00892
881.30243,-0.00556
880.33821,-0.00369
879.37398,-0.00396
878.40975,-0.00558
877.44553,-0.00661
876.48130,-0.00561
875.51708,-0.00313
874.55285,-0.00121
873.58863,-0.00113
872.62440,-0.00218
871.66017,-0.00276
870.69595,-0.00246
869.73172,-0.00237
868.76750,-0.00338
867.80327,-0.00482
866.83904,-0.00532
865.87482,-0.00463
864.91059,-0.00397
863.94637,-0.00461
862.98214,-0.00648
862.01792,-0.00846
861.05369,-0.00967
860.08946,-0.01005
859.12524,-0.00965
858.16101,-0.00814
857.19679,-0.00529
856.23256,-0.00172
855.26833,0.00138
854.30411,0.00328
853.33988,0.00422
852.37566,0.00467
851.41143,0.00456
850.44721,0.00342
849.48298,0.00129
848.51875,-0.00074
847.55453,-0.00123
846.59030,0.00038
845.62608,0.00323
844.66185,0.00576
843.69762,0.00694
842.73340,0.00685
841.76917,0.00611
840.80495,0.00499
839.84072,0.00319
838.87649,0.00043
837.91227,-0.00280
836.94804,-0.00545
835.98382,-0.00697
835.01959,-0.00789
834.05537,-0.00887
833.09114,-0.00954
832.12691,-0.00870
831.16269,-0.00589
830.19846,-0.00244
829.23424,-0.00026
828.27001,0.00026
827.30578,0.00071
826.34156,0.00266
825.37733,0.00554
824.41311,0.00715
823.44888,0.00608
822.48466,0.00311
821.52043,0.00022
820.55620,-0.00145
819.59198,-0.00216
818.62775,-0.00261
817.66353,-0.00304
816.69930,-0.00330
815.73507,-0.00318
814.77085,-0.00228
813.80662,-0.00003
812.84240,0.00356
811.87817,0.00730
810.91395,0.00952
809.94972,0.00936
808.98549,0.00738
808.02127,0.00461
807.05704,0.00141
806.09282,-0.00235
805.12859,-0.00610
804.16436,-0.00837
803.20014,-0.00819
802.23591,-0.00630
801.27169,-0.00459
800.30746,-0.00437
799.34323,-0.00542
798.37901,-0.00667
797.41478,-0.00718
796.45056,-0.00648
795.48633,-0.00442
794.52211,-0.00132
793.55788,0.00174
792.59365,0.00346
791.62943,0.00357
790.66520,0.00316
789.70098,0.00361
788.73675,0.00492
787.77252,0.00551
786.80830,0.00372
785.84407,-0.00045
784.87985,-0.00531
783.91562,-0.00886
782.95140,-0.01003
781.98717,-0.00909
781.02294,-0.00720
780.05872,-0.00582
779.09449,-0.00606
778.13027,-0.00788
777.16604,-0.00992
776.20181,-0.01029
775.23759,-0.00816
774.27336,-0.00465
773.30914,-0.00207
772.34491,-0.00193
771.38068,-0.00350
770.41646,-0.00439
769.45223,-0.00277
768.48801,0.00070
767.52378,0.00340
766.55956,0.00326
765.59533,0.00078
764.63110,-0.00162
763.66688,-0.00201
762.70265,-0.00063
761.73843,0.00081
760.77420,0.00121
759.80997,0.00095
758.84575,0.00088
757.88152,0.00093
756.91730,0.00037
755.95307,-0.00109
754.98885,-0.00283
754.02462,-0.00414
753.06039,-0.00509
752.09617,-0.00613
751.13194,-0.00725
750.16772,-0.00785
749.20349,-0.00745
748.23926,-0.00616
747.27504,-0.00421
746.31081,-0.00165
745.34659,0.00131
744.38236,0.00365
743.41814,0.00395
742.45391,0.00181
741.48968,-0.00153
740.52546,-0.00398
739.56123,-0.00415
738.59701,-0.00197
737.63278,0.00155
736.66855,0.00476
735.70433,0.00571
734.74010,0.00307
733.77588,-0.00247
732.81165,-0.00814
731.84742,-0.01094
730.88320,-0.00996
729.91897,-0.00656
728.95475,-0.00276
727.99052,0.00038
727.02630,0.00240
726.06207,0.00237
725.09784,-0.00071
724.13362,-0.00625
723.16939,-0.01128
722.20517,-0.01224
721.24094,-0.00809
720.27671,-0.00111
719.31249,0.00518
718.34826,0.00873
717.38404,0.00961
716.41981,0.00882
715.45559,0.00717
714.49136,0.00514
713.52713,0.00328
712.56291,0.00211
711.59868,0.00176
710.63446,0.00194
709.67023,0.00227
708.70600,0.00256
707.74178,0.00270
706.77755,0.00255
705.81333,0.00201
704.84910,0.00117
703.88487,0.00035
702.92065,-0.00009
701.95642,0.00012
700.99220,0.00108
700.02797,0.00265
699.06375,0.00435
698.09952,0.00547
697.13529,0.00549
696.17107,0.00455
695.20684,0.00349
694.24262,0.00334
693.27839,0.00440
692.31416,0.00596
691.34994,0.00665
690.38571,0.00552
689.42149,0.00300
688.45726,0.00067
687.49304,0.00004
686.52881,0.00133
685.56458,0.00341
684.60036,0.00484
683.63613,0.00503
682.67191,0.00423
681.70768,0.00297
680.74345,0.00164
679.77923,0.00063
678.81500,0.00038
677.85078,0.00119
676.88655,0.00282
675.92233,0.00453
674.95810,0.00554
673.99387,0.00539
673.02965,0.00400
672.06542,0.00188
671.10120,0.00031
670.13697,0.00081
669.17274,0.00384
668.20852,0.00758
667.24429,0.00852
666.28007,0.00496
665.31584,-0.00075
664.35161,-0.00435
663.38739,-0.00334
662.42316,0.00167
661.45894,0.00790
660.49471,0.01274
659.53049,0.01523
658.56626,0.01540
657.60203,0.01343
656.63781,0.00973
655.67358,0.00540
654.70936,0.00174
653.74513,-0.00064
652.78090,-0.00207
651.81668,-0.00304
650.85245,-0.00352
649.88823,-0.00307
648.92400,-0.00158
647.95978,0.00044
646.99555,0.00247
646.03132,0.00444
645.06710,0.00645
644.10287,0.00793
643.13865,0.00755
642.17442,0.00432
641.21019,-0.00093
640.24597,-0.00554
639.28174,-0.00681
638.31752,-0.00429
637.35329,-0.00032
636.38907,0.00203
635.42484,0.00176
634.46061,0.00098
633.49639,0.00279
632.53216,0.00779
631.56794,0.01296
630.60371,0.01441
629.63948,0.01092
628.67526,0.00471
627.71103,-0.00058
626.74681,-0.00225
625.78258,0.00067
624.81835,0.00729
623.85413,0.01468
622.88990,0.01874
621.92568,0.01684
620.96145,0.01029
619.99723,0.00350
619.03300,0.00023
618.06877,0.00054
617.10455,0.00206
616.14032,0.00356
615.17610,0.00627
614.21187,0.01109
613.24764,0.01620
612.28342,0.01817
611.31919,0.01534
610.35497,0.00951
609.39074,0.00365
608.42652,-0.00115
607.46229,-0.00554
606.49806,-0.00973
605.53384,-0.01291
604.56961,-0.01457
603.60539,-0.01504
602.64116,-0.01461
601.67693,-0.01303
600.71271,-0.01071
599.74848,-0.00965
598.78426,-0.01142
597.82003,-0.01507
596.85580,-0.01817
595.89158,-0.02035
594.92735,-0.02495
593.96313,-0.03471
592.99890,-0.04643
592.03468,-0.05195
591.07045,-0.04499
590.10622,-0.02766
589.14200,-0.00894
588.17777,0.00293
587.21355,0.00605
586.24932,0.00380
585.28509,0.00070
584.32087,-0.00014
583.35664,0.00323
582.39242,0.01171
581.42819,0.02339
580.46397,0.03313
579.49974,0.03533
578.53551,0.02851
577.57129,0.01585
576.60706,0.00246
575.64284,-0.00765
574.67861,-0.01238
573.71438,-0.01133
572.75016,-0.00547
571.78593,0.00301
570.82171,0.01137
569.85748,0.01762
568.89326,0.02142
567.92903,0.02424
566.96480,0.02819
566.00058,0.03437
565.03635,0.03994
564.07213,0.03936
563.10790,0.02969
562.14367,0.01478
561.17945,0.00117
560.21522,-0.00683
559.25100,-0.00950
558.28677,-0.00942
557.32254,-0.00645
556.35832,0.00310
555.39409,0.02102
554.42987,0.04130
553.46564,0.04936
552.50142,0.03647
551.53719,0.01330
550.57296,-0.00088
549.60874,0.00713
548.64451,0.03513
547.68029,0.06754
546.71606,0.08479
545.75183,0.07835
544.78761,0.05748
543.82338,0.03902
542.85916,0.03355
541.89493,0.03212
540.93071,0.01232
539.96648,-0.02791
539.00225,-0.07255
538.03803,-0.07814
537.07380,-0.01762
536.10958,0.08519
535.14535,0.17694
534.18112,0.22194
533.21690,0.20876
532.25267,0.15863
531.28845,0.10916
530.32422,0.08680
529.36000,0.09786
528.39577,0.12252
527.43154,0.12216
526.46732,0.03366
525.50309,-0.11205
524.53887,-0.21239
523.57464,-0.20250
522.61041,-0.06777
521.64619,0.13151
520.68196,0.32773
519.71774,0.51551
518.75351,0.69439
517.78928,0.89799
516.82506,1.01549
515.86083,0.71069
514.89661,0.37051
513.93238,0.20004
512.96816,0.16380
512.00393,0.22203
511.03970,0.36976
510.07548,0.56182
509.11125,0.67800
508.14703,0.60827
507.18280,0.42378
506.21857,0.26184
505.25435,0.16953
504.29012,0.12766
503.32590,0.13420
502.36167,0.18366
501.39745,0.27139
500.43322,0.40258
499.46899,0.47617
498.50477,0.38231
497.54054,0.19254
496.57632,0.02110
495.61209,-0.07697
494.64786,-0.10230
493.68364,-0.06444
492.71941,0.05665
491.75519,0.22080
490.79096,0.32971
489.82673,0.33525
488.86251,0.27131
487.89828,0.19376
486.93406,0.14057
485.96983,0.12153
485.00561,0.13657
484.04138,0.14008
483.07715,0.08718
482.11293,0.01187
481.14870,0.00135
480.18448,0.08672
479.22025,0.27946
478.25602,0.52073
477.29180,0.64617
476.32757,0.47637
475.36335,0.26833
474.39912,0.12865
473.43490,0.08217
472.47067,0.18001
471.50644,0.35581
470.54222,0.32666
469.57799,0.20389
468.61377,0.08036
467.64954,0.02719
466.68531,0.04366
465.72109,0.11306
464.75686,0.21471
463.79264,0.31252
462.82841,0.34753
461.86419,0.31796
460.89996,0.22770
459.93573,0.11547
458.97151,0.03529
458.00728,0.02790
457.04306,0.09791
456.07883,0.18903
455.11460,0.25504
454.15038,0.26082
453.18615,0.22944
452.22193,0.23195
451.25770,0.35490
450.29347,0.51383
449.32925,0.59059
448.36502,0.57111
447.40080,0.47173
446.43657,0.33287
445.47235,0.16798
444.50812,0.14144
443.54389,0.33774
442.57967,0.64079
441.61544,0.72892
440.65122,0.61094
439.68699,0.46079
438.72276,0.33108
437.75854,0.22339
436.79431,0.15699
435.83009,0.14612
434.86586,0.20848
433.90164,0.31709
432.93741,0.43391
431.97318,0.50757
431.00896,0.48373
430.04473,0.28192
429.08051,-0.04151
428.11628,-0.37713
427.15205,-0.52317
426.18783,-0.31152
425.22360,-0.05555
424.25938,0.06430
423.29515,0.10060
422.33092,0.17023
421.36670,0.28613
420.40247,0.36045
419.43825,0.29159
418.47402,0.14667
417.50980,0.01813
416.54557,-0.03783
415.58134,0.03463
414.61712,0.17867
413.65289,0.21599
412.68867,0.08456
411.72444,-0.12935
410.76021,-0.34397
409.79599,-0.46831
408.83176,-0.43388
407.86754,-0.32456
406.90331,-0.25183
405.93909,-0.22838
404.97486,-0.20831
404.01063,-0.16562
403.04641,-0.11357
402.08218,-0.07504
401.11796,-0.05509
400.15373,-0.01651
399.18950,0.11284
398.22528,0.28546
397.26105,0.37937
396.29683,0.35036
395.33260,0.25604
394.36838,0.20740
393.40415,0.26337
392.43992,0.47426
391.47570,0.71069
390.51147,0.60300
389.54725,0.37243
388.58302,0.27295
387.61879,0.18991
386.65457,0.08741
385.69034,-0.03991
384.72612,-0.12850
383.76189,-0.12570
382.79766,-0.08073
381.83344,-0.04280
380.86921,-0.00239
379.90499,0.11171
378.94076,0.34771
377.97654,0.65906
377.01231,0.73463
376.04808,0.53796
375.08386,0.33172
374.11963,0.13784
373.15541,-0.04955
372.19118,-0.19099
371.22695,-0.16803
370.26273,0.01582
369.29850,0.20341
368.33428,0.22896
367.37005,0.14216
366.40583,0.01769
365.44160,-0.11338
364.47737,-0.33096
363.51315,-0.53220
362.54892,-0.58763
361.58470,-0.64018
360.62047,-0.49279
359.65624,-0.14792
358.69202,0.23515
357.72779,0.26910
356.76357,0.15519
355.79934,0.18409
354.83512,0.33776
353.87089,0.45439
352.90666,0.41733
351.94244,0.34062
350.97821,0.29778
350.01399,0.31404
349.04976,0.28598
