3946.57643,0.01087
3945.61220,0.01030
3944.64798,0.00936
3943.68375,0.00881
3942.71953,0.00898
3941.75530,0.00960
3940.79107,0.01023
3939.82685,0.01074
3938.86262,0.01125
3937.89840,0.01173
3936.93417,0.01187
3935.96994,0.01135
3935.00572,0.01023
3934.04149,0.00901
3933.07727,0.00828
3932.11304,0.00830
3931.14882,0.00881
3930.18459,0.00927
3929.22036,0.00920
3928.25614,0.00854
3927.29191,0.00773
3926.32769,0.00736
3925.36346,0.00769
3924.39923,0.00842
3923.43501,0.00893
3922.47078,0.00884
3921.50656,0.00831
3920.54233,0.00778
3919.57811,0.00742
3918.61388,0.00713
3917.64965,0.00673
3916.68543,0.00635
3915.72120,0.00627
3914.75698,0.00648
3913.79275,0.00665
3912.82852,0.00650
3911.86430,0.00621
3910.90007,0.00632
3909.93585,0.00724
3908.97162,0.00879
3908.00739,0.01038
3907.04317,0.01148
3906.07894,0.01199
3905.11472,0.01210
3904.15049,0.01193
3903.18627,0.01142
3902.22204,0.01047
3901.25781,0.00920
3900.29359,0.00805
3899.32936,0.00751
3898.36514,0.00782
3897.40091,0.00870
3896.43668,0.00956
3895.47246,0.00992
3894.50823,0.00973
3893.54401,0.00935
3892.57978,0.00915
3891.61556,0.00913
3890.65133,0.00896
3889.68710,0.00837
3888.72288,0.00750
3887.75865,0.00680
3886.79443,0.00667
3885.83020,0.00702
3884.86597,0.00743
3883.90175,0.00753
3882.93752,0.00735
3881.97330,0.00720
3881.00907,0.00738
3880.04485,0.00783
3879.08062,0.00821
3878.11639,0.00826
3877.15217,0.00802
3876.18794,0.00772
3875.22372,0.00755
3874.25949,0.00745
3873.29526,0.00729
3872.33104,0.00704
3871.36681,0.00689
3870.40259,0.00700
3869.43836,0.00730
3868.47413,0.00751
3867.50991,0.00739
3866.54568,0.00701
3865.58146,0.00671
3864.61723,0.00681
3863.65301,0.00732
3862.68878,0.00788
3861.72455,0.00801
3860.76033,0.00753
3859.79610,0.00667
3858.83188,0.00593
3857.86765,0.00568
3856.90342,0.00594
3855.93920,0.00644
3854.97497,0.00684
3854.01075,0.00703
3853.04652,0.00713
3852.08230,0.00733
3851.11807,0.00761
3850.15384,0.00775
3849.18962,0.00752
3848.22539,0.00694
3847.26117,0.00633
3846.29694,0.00618
3845.33271,0.00674
3844.36849,0.00783
3843.40426,0.00888
3842.44004,0.00939
3841.47581,0.00929
3840.51159,0.00895
3839.54736,0.00882
3838.58313,0.00901
3837.61891,0.00922
3836.65468,0.00906
3835.69046,0.00844
3834.72623,0.00763
3833.76200,0.00700
3832.79778,0.00675
3831.83355,0.00686
3830.86933,0.00720
3829.90510,0.00764
3828.94087,0.00809
3827.97665,0.00843
3827.01242,0.00856
3826.04820,0.00849
3825.08397,0.00838
3824.11975,0.00836
3823.15552,0.00848
3822.19129,0.00860
3821.22707,0.00850
3820.26284,0.00805
3819.29862,0.00735
3818.33439,0.00660
3817.37016,0.00606
3816.40594,0.00589
3815.44171,0.00609
3814.47749,0.00655
3813.51326,0.00704
3812.54904,0.00739
3811.58481,0.00749
3810.62058,0.00740
3809.65636,0.00730
3808.69213,0.00745
3807.72791,0.00799
3806.76368,0.00890
3805.79945,0.00991
3804.83523,0.01072
3803.87100,0.01112
3802.90678,0.01107
3801.94255,0.01065
3800.97832,0.00996
3800.01410,0.00916
3799.04987,0.00840
3798.08565,0.00787
3797.12142,0.00765
3796.15720,0.00771
3795.19297,0.00790
3794.22874,0.00808
3793.26452,0.00819
3792.30029,0.00829
3791.33607,0.00838
3790.37184,0.00839
3789.40761,0.00827
3788.44339,0.00804
3787.47916,0.00781
3786.51494,0.00762
3785.55071,0.00749
3784.58649,0.00745
3783.62226,0.00763
3782.65803,0.00806
3781.69381,0.00861
3780.72958,0.00900
3779.76536,0.00904
3778.80113,0.00880
3777.83690,0.00856
3776.87268,0.00847
3775.90845,0.00855
3774.94423,0.00871
3773.98000,0.00891
3773.01578,0.00913
3772.05155,0.00920
3771.08732,0.00893
3770.12310,0.00831
3769.15887,0.00764
3768.19465,0.00732
3767.23042,0.00758
3766.26619,0.00829
3765.30197,0.00915
3764.33774,0.00983
3763.37352,0.01010
3762.40929,0.00988
3761.44506,0.00932
3760.48084,0.00878
3759.51661,0.00852
3758.55239,0.00854
3757.58816,0.00852
3756.62394,0.00827
3755.65971,0.00794
3754.69548,0.00791
3753.73126,0.00838
3752.76703,0.00912
3751.80281,0.00971
3750.83858,0.00993
3749.87435,0.00986
3748.91013,0.00968
3747.94590,0.00940
3746.98168,0.00897
3746.01745,0.00839
3745.05323,0.00784
3744.08900,0.00751
3743.12477,0.00752
3742.16055,0.00790
3741.19632,0.00859
3740.23210,0.00942
3739.26787,0.01013
3738.30364,0.01041
3737.33942,0.01016
3736.37519,0.00958
3735.41097,0.00900
3734.44674,0.00864
3733.48251,0.00848
3732.51829,0.00838
3731.55406,0.00822
3730.58984,0.00803
3729.62561,0.00793
3728.66139,0.00804
3727.69716,0.00840
3726.73293,0.00888
3725.76871,0.00925
3724.80448,0.00933
3723.84026,0.00916
3722.87603,0.00889
3721.91180,0.00872
3720.94758,0.00869
3719.98335,0.00868
3719.01913,0.00859
3718.05490,0.00834
3717.09068,0.00798
3716.12645,0.00764
3715.16222,0.00746
3714.19800,0.00753
3713.23377,0.00779
3712.26955,0.00810
3711.30532,0.00836
3710.34109,0.00860
3709.37687,0.00889
3708.41264,0.00921
3707.44842,0.00939
3706.48419,0.00936
3705.51997,0.00926
3704.55574,0.00935
3703.59151,0.00970
3702.62729,0.01006
3701.66306,0.01007
3700.69884,0.00968
3699.73461,0.00920
3698.77038,0.00898
3697.80616,0.00909
3696.84193,0.00935
3695.87771,0.00955
3694.91348,0.00968
3693.94925,0.00980
3692.98503,0.00983
3692.02080,0.00962
3691.05658,0.00916
3690.09235,0.00876
3689.12813,0.00879
3688.16390,0.00928
3687.19967,0.00984
3686.23545,0.01003
3685.27122,0.00977
3684.30700,0.00937
3683.34277,0.00919
3682.37854,0.00934
3681.41432,0.00965
3680.45009,0.00993
3679.48587,0.01012
3678.52164,0.01025
3677.55742,0.01031
3676.59319,0.01030
3675.62896,0.01032
3674.66474,0.01057
3673.70051,0.01114
3672.73629,0.01183
3671.77206,0.01226
3670.80783,0.01217
3669.84361,0.01170
3668.87938,0.01125
3667.91516,0.01108
3666.95093,0.01115
3665.98671,0.01122
3665.02248,0.01116
3664.05825,0.01109
3663.09403,0.01122
3662.12980,0.01153
3661.16558,0.01186
3660.20135,0.01207
3659.23712,0.01229
3658.27290,0.01277
3657.30867,0.01358
3656.34445,0.01444
3655.38022,0.01491
3654.41599,0.01481
3653.45177,0.01440
3652.48754,0.01414
3651.52332,0.01428
3650.55909,0.01466
3649.59487,0.01489
3648.63064,0.01471
3647.66641,0.01415
3646.70219,0.01347
3645.73796,0.01297
3644.77374,0.01284
3643.80951,0.01316
3642.84528,0.01380
3641.88106,0.01443
3640.91683,0.01472
3639.95261,0.01451
3638.98838,0.01395
3638.02416,0.01343
3637.05993,0.01329
3636.09570,0.01360
3635.13148,0.01412
3634.16725,0.01453
3633.20303,0.01464
3632.23880,0.01453
3631.27457,0.01445
3630.31035,0.01467
3629.34612,0.01526
3628.38190,0.01596
3627.41767,0.01645
3626.45344,0.01654
3625.48922,0.01640
3624.52499,0.01634
3623.56077,0.01650
3622.59654,0.01678
3621.63232,0.01688
3620.66809,0.01664
3619.70386,0.01614
3618.73964,0.01560
3617.77541,0.01517
3616.81119,0.01491
3615.84696,0.01480
3614.88273,0.01488
3613.91851,0.01523
3612.95428,0.01584
3611.99006,0.01654
3611.02583,0.01712
3610.06161,0.01744
3609.09738,0.01747
3608.13315,0.01725
3607.16893,0.01686
3606.20470,0.01644
3605.24048,0.01616
3604.27625,0.01612
3603.31202,0.01630
3602.34780,0.01651
3601.38357,0.01664
3600.41935,0.01675
3599.45512,0.01700
3598.49090,0.01737
3597.52667,0.01762
3596.56244,0.01760
3595.59822,0.01746
3594.63399,0.01760
3593.66977,0.01822
3592.70554,0.01901
3591.74131,0.01943
3590.77709,0.01920
3589.81286,0.01858
3588.84864,0.01800
3587.88441,0.01767
3586.92018,0.01750
3585.95596,0.01742
3584.99173,0.01753
3584.02751,0.01800
3583.06328,0.01871
3582.09906,0.01932
3581.13483,0.01959
3580.17060,0.01959
3579.20638,0.01954
3578.24215,0.01947
3577.27793,0.01913
3576.31370,0.01833
3575.34947,0.01728
3574.38525,0.01646
3573.42102,0.01623
3572.45680,0.01656
3571.49257,0.01707
3570.52835,0.01742
3569.56412,0.01750
3568.59989,0.01742
3567.63567,0.01734
3566.67144,0.01736
3565.70722,0.01753
3564.74299,0.01789
3563.77876,0.01838
3562.81454,0.01885
3561.85031,0.01918
3560.88609,0.01935
3559.92186,0.01948
3558.95764,0.01964
3557.99341,0.01971
3557.02918,0.01957
3556.06496,0.01920
3555.10073,0.01880
3554.13651,0.01858
3553.17228,0.01856
3552.20805,0.01856
3551.24383,0.01841
3550.27960,0.01815
3549.31538,0.01794
3548.35115,0.01787
3547.38692,0.01784
3546.42270,0.01773
3545.45847,0.01753
3544.49425,0.01738
3543.53002,0.01742
3542.56580,0.01767
3541.60157,0.01809
3540.63734,0.01857
3539.67312,0.01903
3538.70889,0.01945
3537.74467,0.01987
3536.78044,0.02041
3535.81621,0.02108
3534.85199,0.02168
3533.88776,0.02188
3532.92354,0.02145
3531.95931,0.02057
3530.99509,0.01966
3530.03086,0.01912
3529.06663,0.01902
3528.10241,0.01910
3527.13818,0.01910
3526.17396,0.01894
3525.20973,0.01872
3524.24550,0.01860
3523.28128,0.01861
3522.31705,0.01870
3521.35283,0.01884
3520.38860,0.01908
3519.42437,0.01947
3518.46015,0.01999
3517.49592,0.02047
3516.53170,0.02071
3515.56747,0.02062
3514.60325,0.02026
3513.63902,0.01985
3512.67479,0.01956
3511.71057,0.01951
3510.74634,0.01972
3509.78212,0.02012
3508.81789,0.02051
3507.85366,0.02062
3506.88944,0.02034
3505.92521,0.01982
3504.96099,0.01943
3503.99676,0.01940
3503.03254,0.01963
3502.06831,0.01985
3501.10408,0.02001
3500.13986,0.02038
3499.17563,0.02123
3498.21141,0.02247
3497.24718,0.02355
3496.28295,0.02391
3495.31873,0.02337
3494.35450,0.02229
3493.39028,0.02126
3492.42605,0.02077
3491.46183,0.02097
3490.49760,0.02162
3489.53337,0.02230
3488.56915,0.02256
3487.60492,0.02224
3486.64070,0.02145
3485.67647,0.02055
3484.71224,0.01986
3483.74802,0.01961
3482.78379,0.01985
3481.81957,0.02048
3480.85534,0.02126
3479.89111,0.02188
3478.92689,0.02218
3477.96266,0.02220
3476.99844,0.02214
3476.03421,0.02211
3475.06999,0.02204
3474.10576,0.02182
3473.14153,0.02147
3472.17731,0.02120
3471.21308,0.02124
3470.24886,0.02170
3469.28463,0.02252
3468.32040,0.02343
3467.35618,0.02410
3466.39195,0.02426
3465.42773,0.02386
3464.46350,0.02320
3463.49928,0.02264
3462.53505,0.02243
3461.57082,0.02247
3460.60660,0.02258
3459.64237,0.02269
3458.67815,0.02288
3457.71392,0.02317
3456.74969,0.02343
3455.78547,0.02354
3454.82124,0.02352
3453.85702,0.02346
3452.89279,0.02331
3451.92856,0.02295
3450.96434,0.02238
3450.00011,0.02202
3449.03589,0.02235
3448.07166,0.02339
3447.10744,0.02452
3446.14321,0.02499
3445.17898,0.02452
3444.21476,0.02353
3443.25053,0.02267
3442.28631,0.02229
3441.32208,0.02232
3440.35785,0.02253
3439.39363,0.02278
3438.42940,0.02298
3437.46518,0.02303
3436.50095,0.02282
3435.53673,0.02248
3434.57250,0.02237
3433.60827,0.02277
3432.64405,0.02361
3431.67982,0.02453
3430.71560,0.02506
3429.75137,0.02495
3428.78714,0.02425
3427.82292,0.02326
3426.85869,0.02246
3425.89447,0.02224
3424.93024,0.02266
3423.96602,0.02334
3423.00179,0.02378
3422.03756,0.02375
3421.07334,0.02346
3420.10911,0.02325
3419.14489,0.02320
3418.18066,0.02308
3417.21643,0.02271
3416.25221,0.02230
3415.28798,0.02230
3414.32376,0.02293
3413.35953,0.02391
3412.39530,0.02471
3411.43108,0.02498
3410.46685,0.02485
3409.50263,0.02470
3408.53840,0.02478
3407.57418,0.02501
3406.60995,0.02514
3405.64572,0.02506
3404.68150,0.02491
3403.71727,0.02492
3402.75305,0.02518
3401.78882,0.02552
3400.82459,0.02574
3399.86037,0.02577
3398.89614,0.02579
3397.93192,0.02596
3396.96769,0.02625
3396.00347,0.02645
3395.03924,0.02639
3394.07501,0.02609
3393.11079,0.02573
3392.14656,0.02545
3391.18234,0.02527
3390.21811,0.02518
3389.25388,0.02520
3388.28966,0.02536
3387.32543,0.02552
3386.36121,0.02552
3385.39698,0.02524
3384.43276,0.02475
3383.46853,0.02422
3382.50430,0.02375
3381.54008,0.02345
3380.57585,0.02340
3379.61163,0.02365
3378.64740,0.02412
3377.68317,0.02450
3376.71895,0.02454
3375.75472,0.02418
3374.79050,0.02356
3373.82627,0.02289
3372.86204,0.02229
3371.89782,0.02191
3370.93359,0.02197
3369.96937,0.02256
3369.00514,0.02350
3368.04092,0.02435
3367.07669,0.02470
3366.11246,0.02455
3365.14824,0.02421
3364.18401,0.02403
3363.21979,0.02420
3362.25556,0.02465
3361.29133,0.02519
3360.32711,0.02559
3359.36288,0.02565
3358.39866,0.02531
3357.43443,0.02467
3356.47021,0.02395
3355.50598,0.02332
3354.54175,0.02283
3353.57753,0.02259
3352.61330,0.02278
3351.64908,0.02349
3350.68485,0.02452
3349.72062,0.02538
3348.75640,0.02569
3347.79217,0.02546
3346.82795,0.02506
3345.86372,0.02483
3344.89949,0.02485
3343.93527,0.02494
3342.97104,0.02503
3342.00682,0.02521
3341.04259,0.02563
3340.07837,0.02622
3339.11414,0.02665
3338.14991,0.02658
3337.18569,0.02593
3336.22146,0.02499
3335.25724,0.02427
3334.29301,0.02412
3333.32878,0.02454
3332.36456,0.02518
3331.40033,0.02564
3330.43611,0.02573
3329.47188,0.02552
3328.50766,0.02517
3327.54343,0.02473
3326.57920,0.02423
3325.61498,0.02380
3324.65075,0.02361
3323.68653,0.02377
3322.72230,0.02414
3321.75807,0.02454
3320.79385,0.02485
3319.82962,0.02507
3318.86540,0.02522
3317.90117,0.02526
3316.93695,0.02518
3315.97272,0.02513
3315.00849,0.02525
3314.04427,0.02552
3313.08004,0.02570
3312.11582,0.02561
3311.15159,0.02537
3310.18736,0.02528
3309.22314,0.02554
3308.25891,0.02603
3307.29469,0.02646
3306.33046,0.02666
3305.36623,0.02666
3304.40201,0.02660
3303.43778,0.02653
3302.47356,0.02645
3301.50933,0.02635
3300.54511,0.02614
3299.58088,0.02569
3298.61665,0.02492
3297.65243,0.02409
3296.68820,0.02369
3295.72398,0.02404
3294.75975,0.02496
3293.79552,0.02579
3292.83130,0.02597
3291.86707,0.02547
3290.90285,0.02475
3289.93862,0.02430
3288.97440,0.02423
3288.01017,0.02435
3287.04594,0.02442
3286.08172,0.02440
3285.11749,0.02440
3284.15327,0.02457
3283.18904,0.02490
3282.22481,0.02522
3281.26059,0.02532
3280.29636,0.02509
3279.33214,0.02469
3278.36791,0.02447
3277.40369,0.02461
3276.43946,0.02498
3275.47523,0.02524
3274.51101,0.02517
3273.54678,0.02487
3272.58256,0.02460
3271.61833,0.02445
3270.65410,0.02432
3269.68988,0.02415
3268.72565,0.02405
3267.76143,0.02425
3266.79720,0.02473
3265.83297,0.02525
3264.86875,0.02556
3263.90452,0.02557
3262.94030,0.02540
3261.97607,0.02517
3261.01185,0.02491
3260.04762,0.02461
3259.08339,0.02432
3258.11917,0.02413
3257.15494,0.02402
3256.19072,0.02396
3255.22649,0.02396
3254.26226,0.02406
3253.29804,0.02423
3252.33381,0.02438
3251.36959,0.02440
3250.40536,0.02434
3249.44114,0.02431
3248.47691,0.02437
3247.51268,0.02447
3246.54846,0.02452
3245.58423,0.02449
3244.62001,0.02444
3243.65578,0.02444
3242.69155,0.02453
3241.72733,0.02470
3240.76310,0.02489
3239.79888,0.02498
3238.83465,0.02482
3237.87042,0.02442
3236.90620,0.02402
3235.94197,0.02388
3234.97775,0.02401
3234.01352,0.02411
3233.04930,0.02381
3232.08507,0.02313
3231.12084,0.02246
3230.15662,0.02229
3229.19239,0.02273
3228.22817,0.02345
3227.26394,0.02396
3226.29971,0.02399
3225.33549,0.02365
3224.37126,0.02325
3223.40704,0.02304
3222.44281,0.02308
3221.47859,0.02334
3220.51436,0.02373
3219.55013,0.02419
3218.58591,0.02462
3217.62168,0.02493
3216.65746,0.02501
3215.69323,0.02488
3214.72900,0.02462
3213.76478,0.02432
3212.80055,0.02403
3211.83633,0.02376
3210.87210,0.02355
3209.90788,0.02344
3208.94365,0.02342
3207.97942,0.02341
3207.01520,0.02327
3206.05097,0.02292
3205.08675,0.02243
3204.12252,0.02194
3203.15829,0.02162
3202.19407,0.02157
3201.22984,0.02181
3200.26562,0.02222
3199.30139,0.02261
3198.33716,0.02276
3197.37294,0.02261
3196.40871,0.02230
3195.44449,0.02209
3194.48026,0.02213
3193.51604,0.02242
3192.55181,0.02285
3191.58758,0.02333
3190.62336,0.02382
3189.65913,0.02423
3188.69491,0.02446
3187.73068,0.02436
3186.76645,0.02392
3185.80223,0.02322
3184.83800,0.02242
3183.87378,0.02174
3182.90955,0.02137
3181.94533,0.02138
3180.98110,0.02167
3180.01687,0.02197
3179.05265,0.02199
3178.08842,0.02168
3177.12420,0.02120
3176.15997,0.02084
3175.19574,0.02081
3174.23152,0.02111
3173.26729,0.02156
3172.30307,0.02198
3171.33884,0.02227
3170.37461,0.02240
3169.41039,0.02236
3168.44616,0.02212
3167.48194,0.02167
3166.51771,0.02114
3165.55349,0.02075
3164.58926,0.02068
3163.62503,0.02096
3162.66081,0.02141
3161.69658,0.02181
3160.73236,0.02202
3159.76813,0.02200
3158.80390,0.02179
3157.83968,0.02149
3156.87545,0.02118
3155.91123,0.02099
3154.94700,0.02095
3153.98278,0.02101
3153.01855,0.02105
3152.05432,0.02099
3151.09010,0.02081
3150.12587,0.02053
3149.16165,0.02019
3148.19742,0.01986
3147.23319,0.01972
3146.26897,0.01989
3145.30474,0.02031
3144.34052,0.02072
3143.37629,0.02090
3142.41207,0.02088
3141.44784,0.02088
3140.48361,0.02108
3139.51939,0.02134
3138.55516,0.02135
3137.59094,0.02093
3136.62671,0.02023
3135.66248,0.01965
3134.69826,0.01952
3133.73403,0.01992
3132.76981,0.02064
3131.80558,0.02130
3130.84135,0.02151
3129.87713,0.02114
3128.91290,0.02036
3127.94868,0.01958
3126.98445,0.01913
3126.02023,0.01908
3125.05600,0.01918
3124.09177,0.01915
3123.12755,0.01891
3122.16332,0.01861
3121.19910,0.01847
3120.23487,0.01861
3119.27064,0.01892
3118.30642,0.01920
3117.34219,0.01927
3116.37797,0.01915
3115.41374,0.01901
3114.44952,0.01901
3113.48529,0.01909
3112.52106,0.01905
3111.55684,0.01870
3110.59261,0.01809
3109.62839,0.01757
3108.66416,0.01741
3107.69993,0.01762
3106.73571,0.01792
3105.77148,0.01806
3104.80726,0.01798
3103.84303,0.01784
3102.87881,0.01783
3101.91458,0.01797
3100.95035,0.01820
3099.98613,0.01844
3099.02190,0.01862
3098.05768,0.01866
3097.09345,0.01856
3096.12922,0.01842
3095.16500,0.01834
3094.20077,0.01837
3093.23655,0.01846
3092.27232,0.01853
3091.30809,0.01861
3090.34387,0.01873
3089.37964,0.01886
3088.41542,0.01884
3087.45119,0.01857
3086.48697,0.01810
3085.52274,0.01765
3084.55851,0.01736
3083.59429,0.01722
3082.63006,0.01715
3081.66584,0.01712
3080.70161,0.01716
3079.73738,0.01725
3078.77316,0.01729
3077.80893,0.01719
3076.84471,0.01698
3075.88048,0.01681
3074.91626,0.01677
3073.95203,0.01679
3072.98780,0.01673
3072.02358,0.01652
3071.05935,0.01630
3070.09513,0.01628
3069.13090,0.01652
3068.16667,0.01691
3067.20245,0.01721
3066.23822,0.01728
3065.27400,0.01719
3064.30977,0.01711
3063.34554,0.01711
3062.38132,0.01710
3061.41709,0.01694
3060.45287,0.01670
3059.48864,0.01664
3058.52442,0.01697
3057.56019,0.01759
3056.59596,0.01809
3055.63174,0.01809
3054.66751,0.01759
3053.70329,0.01691
3052.73906,0.01641
3051.77483,0.01623
3050.81061,0.01631
3049.84638,0.01656
3048.88216,0.01690
3047.91793,0.01718
3046.95371,0.01722
3045.98948,0.01695
3045.02525,0.01656
3044.06103,0.01642
3043.09680,0.01668
3042.13258,0.01714
3041.16835,0.01738
3040.20412,0.01713
3039.23990,0.01649
3038.27567,0.01578
3037.31145,0.01531
3036.34722,0.01519
3035.38300,0.01533
3034.41877,0.01552
3033.45454,0.01555
3032.49032,0.01534
3031.52609,0.01499
3030.56187,0.01475
3029.59764,0.01478
3028.63341,0.01500
3027.66919,0.01520
3026.70496,0.01524
3025.74074,0.01517
3024.77651,0.01518
3023.81228,0.01538
3022.84806,0.01570
3021.88383,0.01598
3020.91961,0.01606
3019.95538,0.01591
3018.99116,0.01561
3018.02693,0.01529
3017.06270,0.01505
3016.09848,0.01494
3015.13425,0.01492
3014.17003,0.01488
3013.20580,0.01483
3012.24157,0.01483
3011.27735,0.01495
3010.31312,0.01513
3009.34890,0.01521
3008.38467,0.01510
3007.42045,0.01494
3006.45622,0.01493
3005.49199,0.01515
3004.52777,0.01542
3003.56354,0.01550
3002.59932,0.01531
3001.63509,0.01501
3000.67086,0.01486
2999.70664,0.01492
2998.74241,0.01504
2997.77819,0.01499
2996.81396,0.01469
2995.84974,0.01425
2994.88551,0.01386
2993.92128,0.01367
2992.95706,0.01372
2991.99283,0.01398
2991.02861,0.01437
2990.06438,0.01477
2989.10015,0.01506
2988.13593,0.01515
2987.17170,0.01502
2986.20748,0.01477
2985.24325,0.01451
2984.27902,0.01433
2983.31480,0.01418
2982.35057,0.01400
2981.38635,0.01378
2980.42212,0.01360
2979.45790,0.01360
2978.49367,0.01378
2977.52944,0.01400
2976.56522,0.01406
2975.60099,0.01398
2974.63677,0.01392
2973.67254,0.01409
2972.70831,0.01445
2971.74409,0.01476
2970.77986,0.01482
2969.81564,0.01465
2968.85141,0.01443
2967.88719,0.01424
2966.92296,0.01401
2965.95873,0.01367
2964.99451,0.01337
2964.03028,0.01337
2963.06606,0.01374
2962.10183,0.01423
2961.13760,0.01445
2960.17338,0.01425
2959.20915,0.01389
2958.24493,0.01374
2957.28070,0.01394
2956.31647,0.01432
2955.35225,0.01460
2954.38802,0.01464
2953.42380,0.01447
2952.45957,0.01426
2951.49535,0.01413
2950.53112,0.01415
2949.56689,0.01430
2948.60267,0.01442
2947.63844,0.01434
2946.67422,0.01401
2945.70999,0.01358
2944.74576,0.01326
2943.78154,0.01314
2942.81731,0.01320
2941.85309,0.01338
2940.88886,0.01366
2939.92464,0.01403
2938.96041,0.01442
2937.99618,0.01468
2937.03196,0.01475
2936.06773,0.01468
2935.10351,0.01454
2934.13928,0.01433
2933.17505,0.01402
2932.21083,0.01368
2931.24660,0.01344
2930.28238,0.01337
2929.31815,0.01343
2928.35393,0.01350
2927.38970,0.01353
2926.42547,0.01357
2925.46125,0.01370
2924.49702,0.01388
2923.53280,0.01402
2922.56857,0.01414
2921.60434,0.01430
2920.64012,0.01459
2919.67589,0.01495
2918.71167,0.01523
2917.74744,0.01525
2916.78321,0.01492
2915.81899,0.01429
2914.85476,0.01351
2913.89054,0.01280
2912.92631,0.01235
2911.96209,0.01222
2910.99786,0.01228
2910.03363,0.01238
2909.06941,0.01242
2908.10518,0.01242
2907.14096,0.01241
2906.17673,0.01240
2905.21250,0.01234
2904.24828,0.01218
2903.28405,0.01199
2902.31983,0.01184
2901.35560,0.01174
2900.39138,0.01166
2899.42715,0.01161
2898.46292,0.01168
2897.49870,0.01199
2896.53447,0.01256
2895.57025,0.01325
2894.60602,0.01380
2893.64179,0.01405
2892.67757,0.01401
2891.71334,0.01386
2890.74912,0.01370
2889.78489,0.01352
2888.82066,0.01320
2887.85644,0.01274
2886.89221,0.01232
2885.92799,0.01217
2884.96376,0.01236
2883.99954,0.01273
2883.03531,0.01302
2882.07108,0.01315
2881.10686,0.01317
2880.14263,0.01319
2879.17841,0.01321
2878.21418,0.01318
2877.24995,0.01315
2876.28573,0.01326
2875.32150,0.01358
2874.35728,0.01396
2873.39305,0.01407
2872.42883,0.01372
2871.46460,0.01301
2870.50037,0.01226
2869.53615,0.01179
2868.57192,0.01168
2867.60770,0.01188
2866.64347,0.01227
2865.67924,0.01276
2864.71502,0.01326
2863.75079,0.01362
2862.78657,0.01368
2861.82234,0.01336
2860.85812,0.01274
2859.89389,0.01206
2858.92966,0.01160
2857.96544,0.01159
2857.00121,0.01203
2856.03699,0.01267
2855.07276,0.01316
2854.10853,0.01327
2853.14431,0.01304
2852.18008,0.01270
2851.21586,0.01247
2850.25163,0.01238
2849.28740,0.01236
2848.32318,0.01239
2847.35895,0.01247
2846.39473,0.01259
2845.43050,0.01267
2844.46628,0.01260
2843.50205,0.01242
2842.53782,0.01228
2841.57360,0.01229
2840.60937,0.01242
2839.64515,0.01251
2838.68092,0.01246
2837.71669,0.01236
2836.75247,0.01235
2835.78824,0.01251
2834.82402,0.01274
2833.85979,0.01289
2832.89557,0.01288
2831.93134,0.01275
2830.96711,0.01257
2830.00289,0.01241
2829.03866,0.01230
2828.07444,0.01231
2827.11021,0.01247
2826.14598,0.01274
2825.18176,0.01293
2824.21753,0.01286
2823.25331,0.01253
2822.28908,0.01213
2821.32486,0.01192
2820.36063,0.01204
2819.39640,0.01237
2818.43218,0.01272
2817.46795,0.01296
2816.50373,0.01305
2815.53950,0.01295
2814.57527,0.01264
2813.61105,0.01212
2812.64682,0.01154
2811.68260,0.01112
2810.71837,0.01102
2809.75414,0.01118
2808.78992,0.01144
2807.82569,0.01167
2806.86147,0.01187
2805.89724,0.01203
2804.93302,0.01213
2803.96879,0.01212
2803.00456,0.01201
2802.04034,0.01189
2801.07611,0.01185
2800.11189,0.01195
2799.14766,0.01217
2798.18343,0.01243
2797.21921,0.01262
2796.25498,0.01264
2795.29076,0.01244
2794.32653,0.01209
2793.36231,0.01176
2792.39808,0.01159
2791.43385,0.01159
2790.46963,0.01170
2789.50540,0.01183
2788.54118,0.01199
2787.57695,0.01220
2786.61272,0.01243
2785.64850,0.01257
2784.68427,0.01258
2783.72005,0.01248
2782.75582,0.01235
2781.79159,0.01221
2780.82737,0.01203
2779.86314,0.01178
2778.89892,0.01153
2777.93469,0.01135
2776.97047,0.01131
2776.00624,0.01142
2775.04201,0.01162
2774.07779,0.01185
2773.11356,0.01204
2772.14934,0.01219
2771.18511,0.01237
2770.22088,0.01260
2769.25666,0.01283
2768.29243,0.01293
2767.32821,0.01280
2766.36398,0.01251
2765.39976,0.01222
2764.43553,0.01206
2763.47130,0.01202
2762.50708,0.01202
2761.54285,0.01206
2760.57863,0.01227
2759.61440,0.01270
2758.65017,0.01323
2757.68595,0.01356
2756.72172,0.01353
2755.75750,0.01321
2754.79327,0.01287
2753.82905,0.01271
2752.86482,0.01272
2751.90059,0.01279
2750.93637,0.01287
2749.97214,0.01298
2749.00792,0.01312
2748.04369,0.01317
2747.07946,0.01295
2746.11524,0.01248
2745.15101,0.01198
2744.18679,0.01174
2743.22256,0.01185
2742.25833,0.01213
2741.29411,0.01232
2740.32988,0.01223
2739.36566,0.01193
2738.40143,0.01162
2737.43721,0.01147
2736.47298,0.01153
2735.50875,0.01171
2734.54453,0.01189
2733.58030,0.01199
2732.61608,0.01202
2731.65185,0.01202
2730.68762,0.01203
2729.72340,0.01205
2728.75917,0.01202
2727.79495,0.01195
2726.83072,0.01185
2725.86650,0.01178
2724.90227,0.01177
2723.93804,0.01180
2722.97382,0.01180
2722.00959,0.01173
2721.04537,0.01162
2720.08114,0.01150
2719.11691,0.01139
2718.15269,0.01128
2717.18846,0.01115
2716.22424,0.01107
2715.26001,0.01114
2714.29579,0.01141
2713.33156,0.01179
2712.36733,0.01207
2711.40311,0.01211
2710.43888,0.01193
2709.47466,0.01170
2708.51043,0.01158
2707.54620,0.01157
2706.58198,0.01159
2705.61775,0.01158
2704.65353,0.01156
2703.68930,0.01160
2702.72507,0.01169
2701.76085,0.01178
2700.79662,0.01182
2699.83240,0.01178
2698.86817,0.01167
2697.90395,0.01153
2696.93972,0.01143
2695.97549,0.01143
2695.01127,0.01151
2694.04704,0.01156
2693.08282,0.01149
2692.11859,0.01133
2691.15436,0.01121
2690.19014,0.01123
2689.22591,0.01138
2688.26169,0.01155
2687.29746,0.01166
2686.33324,0.01173
2685.36901,0.01175
2684.40478,0.01174
2683.44056,0.01174
2682.47633,0.01183
2681.51211,0.01205
2680.54788,0.01231
2679.58365,0.01244
2678.61943,0.01236
2677.65520,0.01221
2676.69098,0.01216
2675.72675,0.01228
2674.76252,0.01242
2673.79830,0.01242
2672.83407,0.01227
2671.86985,0.01212
2670.90562,0.01208
2669.94140,0.01211
2668.97717,0.01210
2668.01294,0.01202
2667.04872,0.01190
2666.08449,0.01177
2665.12027,0.01163
2664.15604,0.01149
2663.19181,0.01143
2662.22759,0.01154
2661.26336,0.01184
2660.29914,0.01218
2659.33491,0.01242
2658.37069,0.01247
2657.40646,0.01239
2656.44223,0.01228
2655.47801,0.01221
2654.51378,0.01212
2653.54956,0.01194
2652.58533,0.01167
2651.62110,0.01138
2650.65688,0.01120
2649.69265,0.01117
2648.72843,0.01121
2647.76420,0.01127
2646.79998,0.01132
2645.83575,0.01143
2644.87152,0.01163
2643.90730,0.01189
2642.94307,0.01211
2641.97885,0.01219
2641.01462,0.01208
2640.05039,0.01188
2639.08617,0.01176
2638.12194,0.01186
2637.15772,0.01219
2636.19349,0.01259
2635.22926,0.01282
2634.26504,0.01278
2633.30081,0.01251
2632.33659,0.01216
2631.37236,0.01183
2630.40814,0.01157
2629.44391,0.01146
2628.47968,0.01160
2627.51546,0.01198
2626.55123,0.01241
2625.58701,0.01264
2624.62278,0.01260
2623.65855,0.01247
2622.69433,0.01244
2621.73010,0.01256
2620.76588,0.01268
2619.80165,0.01266
2618.83743,0.01251
2617.87320,0.01233
2616.90897,0.01217
2615.94475,0.01204
2614.98052,0.01194
2614.01630,0.01190
2613.05207,0.01192
2612.08784,0.01196
2611.12362,0.01200
2610.15939,0.01202
2609.19517,0.01203
2608.23094,0.01199
2607.26672,0.01188
2606.30249,0.01181
2605.33826,0.01191
2604.37404,0.01217
2603.40981,0.01238
2602.44559,0.01235
2601.48136,0.01212
2600.51713,0.01193
2599.55291,0.01197
2598.58868,0.01215
2597.62446,0.01226
2596.66023,0.01218
2595.69600,0.01199
2594.73178,0.01177
2593.76755,0.01150
2592.80333,0.01120
2591.83910,0.01096
2590.87488,0.01097
2589.91065,0.01122
2588.94642,0.01151
2587.98220,0.01164
2587.01797,0.01161
2586.05375,0.01159
2585.08952,0.01172
2584.12529,0.01194
2583.16107,0.01205
2582.19684,0.01194
2581.23262,0.01167
2580.26839,0.01143
2579.30417,0.01137
2578.33994,0.01147
2577.37571,0.01159
2576.41149,0.01160
2575.44726,0.01153
2574.48304,0.01153
2573.51881,0.01173
2572.55458,0.01212
2571.59036,0.01252
2570.62613,0.01276
2569.66191,0.01285
2568.69768,0.01287
2567.73345,0.01286
2566.76923,0.01277
2565.80500,0.01256
2564.84078,0.01235
2563.87655,0.01226
2562.91233,0.01225
2561.94810,0.01216
2560.98387,0.01186
2560.01965,0.01144
2559.05542,0.01114
2558.09120,0.01111
2557.12697,0.01127
2556.16274,0.01145
2555.19852,0.01152
2554.23429,0.01146
2553.27007,0.01133
2552.30584,0.01114
2551.34162,0.01091
2550.37739,0.01071
2549.41316,0.01062
2548.44894,0.01074
2547.48471,0.01106
2546.52049,0.01144
2545.55626,0.01169
2544.59203,0.01164
2543.62781,0.01134
2542.66358,0.01104
2541.69936,0.01099
2540.73513,0.01128
2539.77091,0.01170
2538.80668,0.01199
2537.84245,0.01201
2536.87823,0.01182
2535.91400,0.01158
2534.94978,0.01140
2533.98555,0.01132
2533.02132,0.01134
2532.05710,0.01147
2531.09287,0.01163
2530.12865,0.01171
2529.16442,0.01170
2528.20019,0.01168
2527.23597,0.01176
2526.27174,0.01192
2525.30752,0.01201
2524.34329,0.01193
2523.37907,0.01173
2522.41484,0.01154
2521.45061,0.01146
2520.48639,0.01147
2519.52216,0.01152
2518.55794,0.01161
2517.59371,0.01176
2516.62948,0.01196
2515.66526,0.01214
2514.70103,0.01222
2513.73681,0.01217
2512.77258,0.01199
2511.80836,0.01174
2510.84413,0.01146
2509.87990,0.01119
2508.91568,0.01101
2507.95145,0.01100
2506.98723,0.01119
2506.02300,0.01154
2505.05877,0.01190
2504.09455,0.01214
2503.13032,0.01223
2502.16610,0.01228
2501.20187,0.01240
2500.23764,0.01259
2499.27342,0.01273
2498.30919,0.01273
2497.34497,0.01261
2496.38074,0.01249
2495.41652,0.01244
2494.45229,0.01240
2493.48806,0.01224
2492.52384,0.01195
2491.55961,0.01168
2490.59539,0.01158
2489.63116,0.01169
2488.66693,0.01187
2487.70271,0.01198
2486.73848,0.01197
2485.77426,0.01195
2484.81003,0.01201
2483.84581,0.01214
2482.88158,0.01224
2481.91735,0.01219
2480.95313,0.01202
2479.98890,0.01185
2479.02468,0.01174
2478.06045,0.01169
2477.09622,0.01157
2476.13200,0.01132
2475.16777,0.01103
2474.20355,0.01089
2473.23932,0.01102
2472.27510,0.01141
2471.31087,0.01191
2470.34664,0.01232
2469.38242,0.01254
2468.41819,0.01255
2467.45397,0.01241
2466.48974,0.01217
2465.52551,0.01184
2464.56129,0.01143
2463.59706,0.01098
2462.63284,0.01062
2461.66861,0.01052
2460.70438,0.01073
2459.74016,0.01115
2458.77593,0.01157
2457.81171,0.01184
2456.84748,0.01199
2455.88326,0.01213
2454.91903,0.01228
2453.95480,0.01238
2452.99058,0.01234
2452.02635,0.01219
2451.06213,0.01206
2450.09790,0.01204
2449.13367,0.01212
2448.16945,0.01223
2447.20522,0.01231
2446.24100,0.01235
2445.27677,0.01234
2444.31255,0.01223
2443.34832,0.01201
2442.38409,0.01173
2441.41987,0.01148
2440.45564,0.01135
2439.49142,0.01131
2438.52719,0.01134
2437.56296,0.01145
2436.59874,0.01168
2435.63451,0.01202
2434.67029,0.01231
2433.70606,0.01241
2432.74184,0.01228
2431.77761,0.01207
2430.81338,0.01192
2429.84916,0.01191
2428.88493,0.01197
2427.92071,0.01201
2426.95648,0.01200
2425.99225,0.01200
2425.02803,0.01204
2424.06380,0.01214
2423.09958,0.01232
2422.13535,0.01260
2421.17112,0.01294
2420.20690,0.01321
2419.24267,0.01323
2418.27845,0.01293
2417.31422,0.01244
2416.35000,0.01198
2415.38577,0.01175
2414.42154,0.01175
2413.45732,0.01185
2412.49309,0.01192
2411.52887,0.01189
2410.56464,0.01180
2409.60041,0.01173
2408.63619,0.01178
2407.67196,0.01197
2406.70774,0.01223
2405.74351,0.01245
2404.77929,0.01257
2403.81506,0.01260
2402.85083,0.01259
2401.88661,0.01258
2400.92238,0.01255
2399.95816,0.01246
2398.99393,0.01236
2398.02970,0.01230
2397.06548,0.01231
2396.10125,0.01228
2395.13703,0.01216
2394.17280,0.01199
2393.20857,0.01193
2392.24435,0.01207
2391.28012,0.01234
2390.31590,0.01258
2389.35167,0.01274
2388.38745,0.01287
2387.42322,0.01303
2386.45899,0.01313
2385.49477,0.01300
2384.53054,0.01264
2383.56632,0.01225
2382.60209,0.01206
2381.63786,0.01214
2380.67364,0.01231
2379.70941,0.01236
2378.74519,0.01226
2377.78096,0.01216
2376.81674,0.01219
2375.85251,0.01235
2374.88828,0.01248
2373.92406,0.01244
2372.95983,0.01224
2371.99561,0.01200
2371.03138,0.01184
2370.06715,0.01183
2369.10293,0.01191
2368.13870,0.01202
2367.17448,0.01212
2366.21025,0.01222
2365.24603,0.01235
2364.28180,0.01253
2363.31757,0.01275
2362.35335,0.01297
2361.38912,0.01312
2360.42490,0.01311
2359.46067,0.01291
2358.49644,0.01263
2357.53222,0.01248
2356.56799,0.01257
2355.60377,0.01285
2354.63954,0.01314
2353.67531,0.01330
2352.71109,0.01336
2351.74686,0.01338
2350.78264,0.01338
2349.81841,0.01329
2348.85419,0.01310
2347.88996,0.01287
2346.92573,0.01271
2345.96151,0.01258
2344.99728,0.01236
2344.03306,0.01204
2343.06883,0.01180
2342.10460,0.01183
2341.14038,0.01214
2340.17615,0.01248
2339.21193,0.01262
2338.24770,0.01254
2337.28348,0.01241
2336.31925,0.01232
2335.35502,0.01223
2334.39080,0.01207
2333.42657,0.01190
2332.46235,0.01193
2331.49812,0.01224
2330.53389,0.01272
2329.56967,0.01313
2328.60544,0.01324
2327.64122,0.01301
2326.67699,0.01257
2325.71277,0.01218
2324.74854,0.01205
2323.78431,0.01227
2322.82009,0.01271
2321.85586,0.01313
2320.89164,0.01336
2319.92741,0.01340
2318.96318,0.01334
2317.99896,0.01325
2317.03473,0.01311
2316.07051,0.01293
2315.10628,0.01281
2314.14205,0.01283
2313.17783,0.01293
2312.21360,0.01296
2311.24938,0.01285
2310.28515,0.01263
2309.32093,0.01246
2308.35670,0.01244
2307.39247,0.01256
2306.42825,0.01270
2305.46402,0.01277
2304.49980,0.01271
2303.53557,0.01253
2302.57134,0.01231
2301.60712,0.01218
2300.64289,0.01219
2299.67867,0.01230
2298.71444,0.01243
2297.75022,0.01254
2296.78599,0.01265
2295.82176,0.01272
2294.85754,0.01269
2293.89331,0.01252
2292.92909,0.01232
2291.96486,0.01229
2291.00063,0.01250
2290.03641,0.01282
2289.07218,0.01297
2288.10796,0.01278
2287.14373,0.01231
2286.17950,0.01177
2285.21528,0.01137
2284.25105,0.01122
2283.28683,0.01128
2282.32260,0.01141
2281.35838,0.01148
2280.39415,0.01141
2279.42992,0.01132
2278.46570,0.01137
2277.50147,0.01166
2276.53725,0.01206
2275.57302,0.01232
2274.60879,0.01234
2273.64457,0.01224
2272.68034,0.01224
2271.71612,0.01241
2270.75189,0.01261
2269.78767,0.01269
2268.82344,0.01259
2267.85921,0.01239
2266.89499,0.01212
2265.93076,0.01180
2264.96654,0.01148
2264.00231,0.01135
2263.03808,0.01153
2262.07386,0.01195
2261.10963,0.01238
2260.14541,0.01264
2259.18118,0.01269
2258.21696,0.01260
2257.25273,0.01242
2256.28850,0.01216
2255.32428,0.01190
2254.36005,0.01179
2253.39583,0.01193
2252.43160,0.01224
2251.46737,0.01263
2250.50315,0.01311
2249.53892,0.01379
2248.57470,0.01459
2247.61047,0.01512
2246.64624,0.01495
2245.68202,0.01404
2244.71779,0.01285
2243.75357,0.01199
2242.78934,0.01174
2241.82512,0.01191
2240.86089,0.01220
2239.89666,0.01248
2238.93244,0.01277
2237.96821,0.01297
2237.00399,0.01290
2236.03976,0.01252
2235.07553,0.01206
2234.11131,0.01182
2233.14708,0.01190
2232.18286,0.01211
2231.21863,0.01222
2230.25441,0.01221
2229.29018,0.01223
2228.32595,0.01231
2227.36173,0.01238
2226.39750,0.01235
2225.43328,0.01226
2224.46905,0.01221
2223.50482,0.01221
2222.54060,0.01215
2221.57637,0.01199
2220.61215,0.01176
2219.64792,0.01163
2218.68369,0.01169
2217.71947,0.01189
2216.75524,0.01209
2215.79102,0.01219
2214.82679,0.01217
2213.86257,0.01214
2212.89834,0.01222
2211.93411,0.01245
2210.96989,0.01271
2210.00566,0.01284
2209.04144,0.01275
2208.07721,0.01251
2207.11298,0.01229
2206.14876,0.01217
2205.18453,0.01212
2204.22031,0.01206
2203.25608,0.01201
2202.29186,0.01198
2201.32763,0.01198
2200.36340,0.01198
2199.39918,0.01198
2198.43495,0.01204
2197.47073,0.01218
2196.50650,0.01234
2195.54227,0.01240
2194.57805,0.01235
2193.61382,0.01233
2192.64960,0.01245
2191.68537,0.01268
2190.72115,0.01282
2189.75692,0.01270
2188.79269,0.01234
2187.82847,0.01193
2186.86424,0.01164
2185.90002,0.01154
2184.93579,0.01154
2183.97156,0.01153
2183.00734,0.01151
2182.04311,0.01153
2181.07889,0.01163
2180.11466,0.01173
2179.15043,0.01171
2178.18621,0.01157
2177.22198,0.01149
2176.25776,0.01164
2175.29353,0.01206
2174.32931,0.01255
2173.36508,0.01288
2172.40085,0.01299
2171.43663,0.01298
2170.47240,0.01300
2169.50818,0.01307
2168.54395,0.01312
2167.57972,0.01314
2166.61550,0.01317
2165.65127,0.01320
2164.68705,0.01316
2163.72282,0.01301
2162.75860,0.01283
2161.79437,0.01277
2160.83014,0.01285
2159.86592,0.01295
2158.90169,0.01289
2157.93747,0.01266
2156.97324,0.01235
2156.00901,0.01209
2155.04479,0.01190
2154.08056,0.01182
2153.11634,0.01189
2152.15211,0.01216
2151.18789,0.01255
2150.22366,0.01285
2149.25943,0.01295
2148.29521,0.01285
2147.33098,0.01269
2146.36676,0.01259
2145.40253,0.01252
2144.43830,0.01246
2143.47408,0.01240
2142.50985,0.01240
2141.54563,0.01249
2140.58140,0.01265
2139.61717,0.01283
2138.65295,0.01298
2137.68872,0.01308
2136.72450,0.01308
2135.76027,0.01294
2134.79605,0.01271
2133.83182,0.01252
2132.86759,0.01245
2131.90337,0.01255
2130.93914,0.01273
2129.97492,0.01290
2129.01069,0.01298
2128.04646,0.01296
2127.08224,0.01284
2126.11801,0.01270
2125.15379,0.01262
2124.18956,0.01271
2123.22534,0.01297
2122.26111,0.01328
2121.29688,0.01341
2120.33266,0.01322
2119.36843,0.01279
2118.40421,0.01241
2117.43998,0.01234
2116.47575,0.01261
2115.51153,0.01303
2114.54730,0.01333
2113.58308,0.01340
2112.61885,0.01330
2111.65462,0.01320
2110.69040,0.01318
2109.72617,0.01325
2108.76195,0.01335
2107.79772,0.01344
2106.83350,0.01343
2105.86927,0.01328
2104.90504,0.01298
2103.94082,0.01261
2102.97659,0.01231
2102.01237,0.01218
2101.04814,0.01222
2100.08391,0.01238
2099.11969,0.01257
2098.15546,0.01275
2097.19124,0.01285
2096.22701,0.01285
2095.26279,0.01278
2094.29856,0.01272
2093.33433,0.01272
2092.37011,0.01277
2091.40588,0.01284
2090.44166,0.01287
2089.47743,0.01288
2088.51320,0.01286
2087.54898,0.01281
2086.58475,0.01275
2085.62053,0.01273
2084.65630,0.01280
2083.69208,0.01293
2082.72785,0.01298
2081.76362,0.01286
2080.79940,0.01260
2079.83517,0.01234
2078.87095,0.01223
2077.90672,0.01228
2076.94249,0.01242
2075.97827,0.01251
2075.01404,0.01248
2074.04982,0.01234
2073.08559,0.01216
2072.12136,0.01203
2071.15714,0.01202
2070.19291,0.01212
2069.22869,0.01221
2068.26446,0.01225
2067.30024,0.01224
2066.33601,0.01228
2065.37178,0.01243
2064.40756,0.01259
2063.44333,0.01263
2062.47911,0.01247
2061.51488,0.01221
2060.55065,0.01200
2059.58643,0.01197
2058.62220,0.01209
2057.65798,0.01225
2056.69375,0.01232
2055.72953,0.01228
2054.76530,0.01220
2053.80107,0.01224
2052.83685,0.01246
2051.87262,0.01275
2050.90840,0.01293
2049.94417,0.01288
2048.97994,0.01268
2048.01572,0.01250
2047.05149,0.01244
2046.08727,0.01241
2045.12304,0.01230
2044.15882,0.01213
2043.19459,0.01202
2042.23036,0.01200
2041.26614,0.01199
2040.30191,0.01188
2039.33769,0.01174
2038.37346,0.01174
2037.40923,0.01191
2036.44501,0.01209
2035.48078,0.01209
2034.51656,0.01189
2033.55233,0.01169
2032.58810,0.01168
2031.62388,0.01183
2030.65965,0.01197
2029.69543,0.01193
2028.73120,0.01174
2027.76698,0.01151
2026.80275,0.01136
2025.83852,0.01131
2024.87430,0.01132
2023.91007,0.01137
2022.94585,0.01144
2021.98162,0.01155
2021.01739,0.01170
2020.05317,0.01191
2019.08894,0.01212
2018.12472,0.01224
2017.16049,0.01224
2016.19627,0.01216
2015.23204,0.01208
2014.26781,0.01205
2013.30359,0.01203
2012.33936,0.01197
2011.37514,0.01183
2010.41091,0.01165
2009.44668,0.01148
2008.48246,0.01138
2007.51823,0.01140
2006.55401,0.01153
2005.58978,0.01169
2004.62555,0.01179
2003.66133,0.01178
2002.69710,0.01172
2001.73288,0.01171
2000.76865,0.01186
1999.80443,0.01214
1998.84020,0.01246
1997.87597,0.01274
1996.91175,0.01291
1995.94752,0.01289
1994.98330,0.01266
1994.01907,0.01227
1993.05484,0.01184
1992.09062,0.01152
1991.12639,0.01141
1990.16217,0.01148
1989.19794,0.01163
1988.23372,0.01170
1987.26949,0.01166
1986.30526,0.01158
1985.34104,0.01161
1984.37681,0.01182
1983.41259,0.01213
1982.44836,0.01240
1981.48413,0.01252
1980.51991,0.01255
1979.55568,0.01261
1978.59146,0.01273
1977.62723,0.01280
1976.66301,0.01273
1975.69878,0.01254
1974.73455,0.01234
1973.77033,0.01217
1972.80610,0.01201
1971.84188,0.01183
1970.87765,0.01165
1969.91342,0.01153
1968.94920,0.01144
1967.98497,0.01134
1967.02075,0.01122
1966.05652,0.01114
1965.09229,0.01119
1964.12807,0.01135
1963.16384,0.01158
1962.19962,0.01183
1961.23539,0.01204
1960.27117,0.01213
1959.30694,0.01204
1958.34271,0.01178
1957.37849,0.01153
1956.41426,0.01148
1955.45004,0.01165
1954.48581,0.01189
1953.52158,0.01204
1952.55736,0.01202
1951.59313,0.01191
1950.62891,0.01181
1949.66468,0.01179
1948.70046,0.01185
1947.73623,0.01195
1946.77200,0.01197
1945.80778,0.01181
1944.84355,0.01146
1943.87933,0.01106
1942.91510,0.01080
1941.95087,0.01078
1940.98665,0.01094
1940.02242,0.01112
1939.05820,0.01125
1938.09397,0.01132
1937.12974,0.01138
1936.16552,0.01150
1935.20129,0.01167
1934.23707,0.01186
1933.27284,0.01197
1932.30862,0.01195
1931.34439,0.01184
1930.38016,0.01177
1929.41594,0.01185
1928.45171,0.01204
1927.48749,0.01214
1926.52326,0.01204
1925.55903,0.01175
1924.59481,0.01139
1923.63058,0.01107
1922.66636,0.01081
1921.70213,0.01066
1920.73791,0.01067
1919.77368,0.01087
1918.80945,0.01121
1917.84523,0.01159
1916.88100,0.01190
1915.91678,0.01211
1914.95255,0.01217
1913.98832,0.01206
1913.02410,0.01183
1912.05987,0.01158
1911.09565,0.01147
1910.13142,0.01153
1909.16720,0.01167
1908.20297,0.01174
1907.23874,0.01168
1906.27452,0.01154
1905.31029,0.01142
1904.34607,0.01139
1903.38184,0.01147
1902.41761,0.01164
1901.45339,0.01181
1900.48916,0.01189
1899.52494,0.01187
1898.56071,0.01179
1897.59648,0.01170
1896.63226,0.01164
1895.66803,0.01159
1894.70381,0.01158
1893.73958,0.01164
1892.77536,0.01179
1891.81113,0.01196
1890.84690,0.01204
1889.88268,0.01199
1888.91845,0.01184
1887.95423,0.01172
1886.99000,0.01168
1886.02577,0.01173
1885.06155,0.01181
1884.09732,0.01182
1883.13310,0.01176
1882.16887,0.01166
1881.20465,0.01157
1880.24042,0.01150
1879.27619,0.01141
1878.31197,0.01124
1877.34774,0.01105
1876.38352,0.01092
1875.41929,0.01089
1874.45506,0.01092
1873.49084,0.01094
1872.52661,0.01097
1871.56239,0.01107
1870.59816,0.01124
1869.63394,0.01137
1868.66971,0.01137
1867.70548,0.01123
1866.74126,0.01109
1865.77703,0.01106
1864.81281,0.01113
1863.84858,0.01123
1862.88435,0.01131
1861.92013,0.01136
1860.95590,0.01139
1859.99168,0.01138
1859.02745,0.01132
1858.06322,0.01125
1857.09900,0.01121
1856.13477,0.01117
1855.17055,0.01110
1854.20632,0.01100
1853.24210,0.01098
1852.27787,0.01110
1851.31364,0.01130
1850.34942,0.01147
1849.38519,0.01154
1848.42097,0.01159
1847.45674,0.01170
1846.49251,0.01185
1845.52829,0.01195
1844.56406,0.01191
1843.59984,0.01174
1842.63561,0.01155
1841.67139,0.01144
1840.70716,0.01144
1839.74293,0.01151
1838.77871,0.01155
1837.81448,0.01151
1836.85026,0.01144
1835.88603,0.01141
1834.92180,0.01148
1833.95758,0.01156
1832.99335,0.01155
1832.02913,0.01144
1831.06490,0.01133
1830.10067,0.01131
1829.13645,0.01133
1828.17222,0.01127
1827.20800,0.01111
1826.24377,0.01099
1825.27955,0.01104
1824.31532,0.01122
1823.35109,0.01139
1822.38687,0.01147
1821.42264,0.01156
1820.45842,0.01181
1819.49419,0.01217
1818.52996,0.01243
1817.56574,0.01241
1816.60151,0.01215
1815.63729,0.01187
1814.67306,0.01170
1813.70884,0.01164
1812.74461,0.01156
1811.78038,0.01145
1810.81616,0.01136
1809.85193,0.01140
1808.88771,0.01156
1807.92348,0.01175
1806.95925,0.01185
1805.99503,0.01186
1805.03080,0.01182
1804.06658,0.01182
1803.10235,0.01194
1802.13813,0.01211
1801.17390,0.01227
1800.20967,0.01234
1799.24545,0.01231
1798.28122,0.01221
1797.31700,0.01207
1796.35277,0.01191
1795.38854,0.01176
1794.42432,0.01171
1793.46009,0.01178
1792.49587,0.01195
1791.53164,0.01210
1790.56741,0.01219
1789.60319,0.01223
1788.63896,0.01227
1787.67474,0.01234
1786.71051,0.01243
1785.74629,0.01252
1784.78206,0.01258
1783.81783,0.01254
1782.85361,0.01235
1781.88938,0.01205
1780.92516,0.01178
1779.96093,0.01170
1778.99670,0.01183
1778.03248,0.01205
1777.06825,0.01221
1776.10403,0.01229
1775.13980,0.01237
1774.17558,0.01248
1773.21135,0.01258
1772.24712,0.01263
1771.28290,0.01264
1770.31867,0.01267
1769.35445,0.01274
1768.39022,0.01280
1767.42599,0.01277
1766.46177,0.01269
1765.49754,0.01263
1764.53332,0.01262
1763.56909,0.01265
1762.60487,0.01267
1761.64064,0.01268
1760.67641,0.01272
1759.71219,0.01278
1758.74796,0.01282
1757.78374,0.01278
1756.81951,0.01266
1755.85528,0.01255
1754.89106,0.01254
1753.92683,0.01270
1752.96261,0.01297
1751.99838,0.01324
1751.03415,0.01339
1750.06993,0.01337
1749.10570,0.01327
1748.14148,0.01324
1747.17725,0.01335
1746.21303,0.01353
1745.24880,0.01371
1744.28457,0.01384
1743.32035,0.01391
1742.35612,0.01392
1741.39190,0.01381
1740.42767,0.01361
1739.46344,0.01341
1738.49922,0.01339
1737.53499,0.01361
1736.57077,0.01398
1735.60654,0.01437
1734.64232,0.01467
1733.67809,0.01484
1732.71386,0.01493
1731.74964,0.01496
1730.78541,0.01496
1729.82119,0.01496
1728.85696,0.01496
1727.89273,0.01493
1726.92851,0.01484
1725.96428,0.01471
1725.00006,0.01464
1724.03583,0.01468
1723.07160,0.01483
1722.10738,0.01504
1721.14315,0.01531
1720.17893,0.01563
1719.21470,0.01594
1718.25048,0.01612
1717.28625,0.01610
1716.32202,0.01591
1715.35780,0.01571
1714.39357,0.01561
1713.42935,0.01560
1712.46512,0.01560
1711.50089,0.01557
1710.53667,0.01558
1709.57244,0.01568
1708.60822,0.01590
1707.64399,0.01621
1706.67977,0.01657
1705.71554,0.01691
1704.75131,0.01715
1703.78709,0.01722
1702.82286,0.01712
1701.85864,0.01689
1700.89441,0.01667
1699.93018,0.01660
1698.96596,0.01677
1698.00173,0.01719
1697.03751,0.01772
1696.07328,0.01813
1695.10906,0.01826
1694.14483,0.01810
1693.18060,0.01782
1692.21638,0.01764
1691.25215,0.01763
1690.28793,0.01773
1689.32370,0.01785
1688.35947,0.01795
1687.39525,0.01805
1686.43102,0.01816
1685.46680,0.01830
1684.50257,0.01848
1683.53834,0.01869
1682.57412,0.01889
1681.60989,0.01898
1680.64567,0.01893
1679.68144,0.01882
1678.71722,0.01879
1677.75299,0.01890
1676.78876,0.01909
1675.82454,0.01923
1674.86031,0.01921
1673.89609,0.01906
1672.93186,0.01890
1671.96763,0.01883
1671.00341,0.01890
1670.03918,0.01909
1669.07496,0.01937
1668.11073,0.01970
1667.14651,0.02002
1666.18228,0.02025
1665.21805,0.02032
1664.25383,0.02018
1663.28960,0.01990
1662.32538,0.01966
1661.36115,0.01960
1660.39692,0.01975
1659.43270,0.01999
1658.46847,0.02014
1657.50425,0.02009
1656.54002,0.01989
1655.57579,0.01967
1654.61157,0.01953
1653.64734,0.01952
1652.68312,0.01960
1651.71889,0.01970
1650.75467,0.01976
1649.79044,0.01974
1648.82621,0.01963
1647.86199,0.01949
1646.89776,0.01944
1645.93354,0.01951
1644.96931,0.01960
1644.00508,0.01955
1643.04086,0.01930
1642.07663,0.01899
1641.11241,0.01883
1640.14818,0.01887
1639.18396,0.01897
1638.21973,0.01895
1637.25550,0.01875
1636.29128,0.01850
1635.32705,0.01840
1634.36283,0.01849
1633.39860,0.01865
1632.43437,0.01876
1631.47015,0.01878
1630.50592,0.01876
1629.54170,0.01870
1628.57747,0.01860
1627.61325,0.01843
1626.64902,0.01823
1625.68479,0.01806
1624.72057,0.01796
1623.75634,0.01792
1622.79212,0.01790
1621.82789,0.01786
1620.86366,0.01779
1619.89944,0.01772
1618.93521,0.01767
1617.97099,0.01766
1617.00676,0.01768
1616.04253,0.01768
1615.07831,0.01759
1614.11408,0.01742
1613.14986,0.01718
1612.18563,0.01687
1611.22141,0.01653
1610.25718,0.01620
1609.29295,0.01594
1608.32873,0.01577
1607.36450,0.01563
1606.40028,0.01544
1605.43605,0.01523
1604.47182,0.01507
1603.50760,0.01508
1602.54337,0.01527
1601.57915,0.01555
1600.61492,0.01579
1599.65070,0.01592
1598.68647,0.01589
1597.72224,0.01570
1596.75802,0.01541
1595.79379,0.01517
1594.82957,0.01509
1593.86534,0.01524
1592.90111,0.01550
1591.93689,0.01573
1590.97266,0.01578
1590.00844,0.01556
1589.04421,0.01505
1588.07999,0.01436
1587.11576,0.01370
1586.15153,0.01333
1585.18731,0.01336
1584.22308,0.01366
1583.25886,0.01398
1582.29463,0.01414
1581.33040,0.01415
1580.36618,0.01411
1579.40195,0.01408
1578.43773,0.01403
1577.47350,0.01388
1576.50927,0.01359
1575.54505,0.01318
1574.58082,0.01275
1573.61660,0.01247
1572.65237,0.01249
1571.68815,0.01281
1570.72392,0.01325
1569.75969,0.01354
1568.79547,0.01354
1567.83124,0.01333
1566.86702,0.01311
1565.90279,0.01301
1564.93856,0.01301
1563.97434,0.01305
1563.01011,0.01311
1562.04589,0.01322
1561.08166,0.01338
1560.11744,0.01353
1559.15321,0.01363
1558.18898,0.01364
1557.22476,0.01354
1556.26053,0.01336
1555.29631,0.01317
1554.33208,0.01303
1553.36785,0.01299
1552.40363,0.01300
1551.43940,0.01298
1550.47518,0.01289
1549.51095,0.01278
1548.54672,0.01275
1547.58250,0.01286
1546.61827,0.01309
1545.65405,0.01335
1544.68982,0.01353
1543.72560,0.01358
1542.76137,0.01348
1541.79714,0.01330
1540.83292,0.01313
1539.86869,0.01300
1538.90447,0.01286
1537.94024,0.01270
1536.97601,0.01254
1536.01179,0.01248
1535.04756,0.01257
1534.08334,0.01274
1533.11911,0.01287
1532.15489,0.01287
1531.19066,0.01272
1530.22643,0.01248
1529.26221,0.01224
1528.29798,0.01212
1527.33376,0.01212
1526.36953,0.01217
1525.40530,0.01212
1524.44108,0.01194
1523.47685,0.01176
1522.51263,0.01180
1521.54840,0.01206
1520.58418,0.01236
1519.61995,0.01248
1518.65572,0.01240
1517.69150,0.01232
1516.72727,0.01236
1515.76305,0.01248
1514.79882,0.01255
1513.83459,0.01253
1512.87037,0.01255
1511.90614,0.01271
1510.94192,0.01300
1509.97769,0.01329
1509.01346,0.01345
1508.04924,0.01341
1507.08501,0.01314
1506.12079,0.01269
1505.15656,0.01225
1504.19234,0.01204
1503.22811,0.01211
1502.26388,0.01226
1501.29966,0.01219
1500.33543,0.01177
1499.37121,0.01114
1498.40698,0.01062
1497.44275,0.01044
1496.47853,0.01062
1495.51430,0.01102
1494.55008,0.01146
1493.58585,0.01174
1492.62163,0.01177
1491.65740,0.01155
1490.69317,0.01128
1489.72895,0.01113
1488.76472,0.01117
1487.80050,0.01123
1486.83627,0.01111
1485.87204,0.01071
1484.90782,0.01010
1483.94359,0.00943
1482.97937,0.00887
1482.01514,0.00862
1481.05092,0.00884
1480.08669,0.00948
1479.12246,0.01021
1478.15824,0.01070
1477.19401,0.01081
1476.22979,0.01069
1475.26556,0.01048
1474.30133,0.01012
1473.33711,0.00950
1472.37288,0.00873
1471.40866,0.00821
1470.44443,0.00820
1469.48020,0.00856
1468.51598,0.00887
1467.55175,0.00888
1466.58753,0.00876
1465.62330,0.00875
1464.65908,0.00881
1463.69485,0.00868
1462.73062,0.00823
1461.76640,0.00769
1460.80217,0.00733
1459.83795,0.00718
1458.87372,0.00700
1457.90949,0.00668
1456.94527,0.00646
1455.98104,0.00660
1455.01682,0.00699
1454.05259,0.00717
1453.08837,0.00690
1452.12414,0.00644
1451.15991,0.00628
1450.19569,0.00658
1449.23146,0.00704
1448.26724,0.00731
1447.30301,0.00736
1446.33878,0.00745
1445.37456,0.00773
1444.41033,0.00813
1443.44611,0.00846
1442.48188,0.00862
1441.51765,0.00861
1440.55343,0.00840
1439.58920,0.00798
1438.62498,0.00752
1437.66075,0.00729
1436.69653,0.00749
1435.73230,0.00801
1434.76807,0.00856
1433.80385,0.00897
1432.83962,0.00922
1431.87540,0.00937
1430.91117,0.00935
1429.94694,0.00915
1428.98272,0.00894
1428.01849,0.00902
1427.05427,0.00951
1426.09004,0.01017
1425.12582,0.01059
1424.16159,0.01063
1423.19736,0.01053
1422.23314,0.01064
1421.26891,0.01091
1420.30469,0.01101
1419.34046,0.01062
1418.37623,0.00986
1417.41201,0.00915
1416.44778,0.00878
1415.48356,0.00864
1414.51933,0.00845
1413.55511,0.00813
1412.59088,0.00788
1411.62665,0.00795
1410.66243,0.00839
1409.69820,0.00902
1408.73398,0.00965
1407.76975,0.01014
1406.80552,0.01038
1405.84130,0.01030
1404.87707,0.00987
1403.91285,0.00925
1402.94862,0.00871
1401.98439,0.00839
1401.02017,0.00823
1400.05594,0.00810
1399.09172,0.00797
1398.12749,0.00793
1397.16327,0.00809
1396.19904,0.00844
1395.23481,0.00891
1394.27059,0.00939
1393.30636,0.00977
1392.34214,0.01000
1391.37791,0.01003
1390.41368,0.00993
1389.44946,0.00979
1388.48523,0.00962
1387.52101,0.00931
1386.55678,0.00876
1385.59256,0.00805
1384.62833,0.00742
1383.66410,0.00710
1382.69988,0.00710
1381.73565,0.00730
1380.77143,0.00755
1379.80720,0.00778
1378.84297,0.00794
1377.87875,0.00799
1376.91452,0.00794
1375.95030,0.00795
1374.98607,0.00817
1374.02184,0.00867
1373.05762,0.00926
1372.09339,0.00968
1371.12917,0.00971
1370.16494,0.00940
1369.20072,0.00901
1368.23649,0.00881
1367.27226,0.00890
1366.30804,0.00912
1365.34381,0.00923
1364.37959,0.00911
1363.41536,0.00885
1362.45113,0.00863
1361.48691,0.00851
1360.52268,0.00837
1359.55846,0.00814
1358.59423,0.00789
1357.63001,0.00780
1356.66578,0.00792
1355.70155,0.00810
1354.73733,0.00816
1353.77310,0.00805
1352.80888,0.00788
1351.84465,0.00769
1350.88042,0.00751
1349.91620,0.00734
1348.95197,0.00730
1347.98775,0.00752
1347.02352,0.00799
1346.05930,0.00854
1345.09507,0.00899
1344.13084,0.00923
1343.16662,0.00924
1342.20239,0.00896
1341.23817,0.00841
1340.27394,0.00777
1339.30971,0.00734
1338.34549,0.00734
1337.38126,0.00768
1336.41704,0.00813
1335.45281,0.00848
1334.48858,0.00873
1333.52436,0.00896
1332.56013,0.00920
1331.59591,0.00940
1330.63168,0.00944
1329.66746,0.00925
1328.70323,0.00883
1327.73900,0.00830
1326.77478,0.00785
1325.81055,0.00776
1324.84633,0.00816
1323.88210,0.00894
1322.91787,0.00975
1321.95365,0.01015
1320.98942,0.00988
1320.02520,0.00894
1319.06097,0.00771
1318.09675,0.00676
1317.13252,0.00654
1316.16829,0.00704
1315.20407,0.00785
1314.23984,0.00850
1313.27562,0.00872
1312.31139,0.00853
1311.34716,0.00802
1310.38294,0.00739
1309.41871,0.00691
1308.45449,0.00697
1307.49026,0.00764
1306.52604,0.00856
1305.56181,0.00911
1304.59758,0.00901
1303.63336,0.00854
1302.66913,0.00819
1301.70491,0.00817
1300.74068,0.00825
1299.77645,0.00816
1298.81223,0.00786
1297.84800,0.00747
1296.88378,0.00704
1295.91955,0.00649
1294.95532,0.00591
1293.99110,0.00557
1293.02687,0.00575
1292.06265,0.00647
1291.09842,0.00756
1290.13420,0.00872
1289.16997,0.00969
1288.20574,0.01023
1287.24152,0.01019
1286.27729,0.00966
1285.31307,0.00897
1284.34884,0.00840
1283.38461,0.00806
1282.42039,0.00788
1281.45616,0.00782
1280.49194,0.00790
1279.52771,0.00804
1278.56349,0.00800
1277.59926,0.00764
1276.63503,0.00713
1275.67081,0.00688
1274.70658,0.00719
1273.74236,0.00792
1272.77813,0.00869
1271.81390,0.00920
1270.84968,0.00942
1269.88545,0.00953
1268.92123,0.00967
1267.95700,0.00981
1266.99277,0.00981
1266.02855,0.00951
1265.06432,0.00886
1264.10010,0.00808
1263.13587,0.00746
1262.17165,0.00720
1261.20742,0.00717
1260.24319,0.00720
1259.27897,0.00725
1258.31474,0.00752
1257.35052,0.00804
1256.38629,0.00854
1255.42206,0.00863
1254.45784,0.00828
1253.49361,0.00783
1252.52939,0.00762
1251.56516,0.00757
1250.60094,0.00730
1249.63671,0.00665
1248.67248,0.00586
1247.70826,0.00534
1246.74403,0.00525
1245.77981,0.00547
1244.81558,0.00585
1243.85135,0.00638
1242.88713,0.00704
1241.92290,0.00765
1240.95868,0.00796
1239.99445,0.00789
1239.03023,0.00754
1238.06600,0.00704
1237.10177,0.00646
1236.13755,0.00588
1235.17332,0.00555
1234.20910,0.00565
1233.24487,0.00610
1232.28064,0.00658
1231.31642,0.00680
1230.35219,0.00676
1229.38797,0.00667
1228.42374,0.00669
1227.45951,0.00673
1226.49529,0.00666
1225.53106,0.00638
1224.56684,0.00594
1223.60261,0.00554
1222.63839,0.00543
1221.67416,0.00582
1220.70993,0.00670
1219.74571,0.00779
1218.78148,0.00870
1217.81726,0.00920
1216.85303,0.00925
1215.88880,0.00889
1214.92458,0.00810
1213.96035,0.00700
1212.99613,0.00593
1212.03190,0.00536
1211.06768,0.00542
1210.10345,0.00581
1209.13922,0.00616
1208.17500,0.00638
1207.21077,0.00657
1206.24655,0.00676
1205.28232,0.00672
1204.31809,0.00634
1203.35387,0.00584
1202.38964,0.00552
1201.42542,0.00535
1200.46119,0.00504
1199.49697,0.00450
1198.53274,0.00414
1197.56851,0.00443
1196.60429,0.00527
1195.64006,0.00598
1194.67584,0.00601
1193.71161,0.00548
1192.74738,0.00501
1191.78316,0.00500
1190.81893,0.00532
1189.85471,0.00573
1188.89048,0.00622
1187.92625,0.00699
1186.96203,0.00795
1185.99780,0.00865
1185.03358,0.00868
1184.06935,0.00807
1183.10513,0.00719
1182.14090,0.00640
1181.17667,0.00583
1180.21245,0.00545
1179.24822,0.00536
1178.28400,0.00571
1177.31977,0.00647
1176.35554,0.00735
1175.39132,0.00788
1174.42709,0.00776
1173.46287,0.00702
1172.49864,0.00608
1171.53442,0.00541
1170.57019,0.00518
1169.60596,0.00521
1168.64174,0.00524
1167.67751,0.00522
1166.71329,0.00523
1165.74906,0.00522
1164.78483,0.00491
1163.82061,0.00417
1162.85638,0.00331
1161.89216,0.00298
1160.92793,0.00352
1159.96370,0.00463
1158.99948,0.00562
1158.03525,0.00598
1157.07103,0.00563
1156.10680,0.00486
1155.14258,0.00401
1154.17835,0.00337
1153.21412,0.00301
1152.24990,0.00290
1151.28567,0.00308
1150.32145,0.00374
1149.35722,0.00512
1148.39299,0.00690
1147.42877,0.00804
1146.46454,0.00743
1145.50032,0.00500
1144.53609,0.00198
1143.57187,-0.00018
1142.60764,-0.00115
1141.64341,-0.00171
1140.67919,-0.00242
1139.71496,-0.00275
1138.75074,-0.00167
1137.78651,0.00092
1136.82228,0.00392
1135.85806,0.00597
1134.89383,0.00671
1133.92961,0.00675
1132.96538,0.00687
1132.00116,0.00744
1131.03693,0.00843
1130.07270,0.00950
1129.10848,0.00991
1128.14425,0.00881
1127.18003,0.00607
1126.21580,0.00267
1125.25157,0.00013
1124.28735,-0.00079
1123.32312,-0.00053
1122.35890,-0.00005
1121.39467,0.00013
1120.43044,0.00010
1119.46622,0.00010
1118.50199,0.00027
1117.53777,0.00077
1116.57354,0.00175
1115.60932,0.00281
1114.64509,0.00299
1113.68086,0.00166
1112.71664,-0.00048
1111.75241,-0.00166
1110.78819,-0.00055
1109.82396,0.00258
1108.85973,0.00616
1107.89551,0.00871
1106.93128,0.00963
1105.96706,0.00900
1105.00283,0.00717
1104.03861,0.00476
1103.07438,0.00264
1102.11015,0.00151
1101.14593,0.00125
1100.18170,0.00105
1099.21748,0.00027
1098.25325,-0.00090
1097.28902,-0.00172
1096.32480,-0.00165
1095.36057,-0.00087
1094.39635,-0.00008
1093.43212,0.00014
1092.46790,-0.00039
1091.50367,-0.00127
1090.53944,-0.00177
1089.57522,-0.00128
1088.61099,0.00022
1087.64677,0.00206
1086.68254,0.00352
1085.71831,0.00429
1084.75409,0.00460
1083.78986,0.00475
1082.82564,0.00483
1081.86141,0.00488
1080.89718,0.00503
1079.93296,0.00526
1078.96873,0.00525
1078.00451,0.00474
1077.04028,0.00409
1076.07606,0.00416
1075.11183,0.00535
1074.14760,0.00700
1073.18338,0.00803
1072.21915,0.00819
1071.25493,0.00816
1070.29070,0.00851
1069.32647,0.00880
1068.36225,0.00813
1067.39802,0.00650
1066.43380,0.00520
1065.46957,0.00551
1064.50535,0.00733
1063.54112,0.00926
1062.57689,0.00997
1061.61267,0.00928
1060.64844,0.00790
1059.68422,0.00655
1058.71999,0.00551
1057.75576,0.00485
1056.79154,0.00465
1055.82731,0.00481
1054.86309,0.00501
1053.89886,0.00503
1052.93463,0.00513
1051.97041,0.00584
1051.00618,0.00727
1050.04196,0.00885
1049.07773,0.00975
1048.11351,0.00961
1047.14928,0.00879
1046.18505,0.00797
1045.22083,0.00768
1044.25660,0.00802
1043.29238,0.00869
1042.32815,0.00920
1041.36392,0.00916
1040.39970,0.00862
1039.43547,0.00806
1038.47125,0.00800
1037.50702,0.00834
1036.54280,0.00841
1035.57857,0.00767
1034.61434,0.00639
1033.65012,0.00546
1032.68589,0.00557
1031.72167,0.00654
1030.75744,0.00755
1029.79321,0.00799
1028.82899,0.00792
1027.86476,0.00779
1026.90054,0.00788
1025.93631,0.00820
1024.97209,0.00867
1024.00786,0.00931
1023.04363,0.01013
1022.07941,0.01081
1021.11518,0.01088
1020.15096,0.01006
1019.18673,0.00851
1018.22250,0.00672
1017.25828,0.00514
1016.29405,0.00397
1015.32983,0.00327
1014.36560,0.00309
1013.40137,0.00341
1012.43715,0.00408
1011.47292,0.00477
1010.50870,0.00519
1009.54447,0.00529
1008.58025,0.00514
1007.61602,0.00464
1006.65179,0.00351
1005.68757,0.00163
1004.72334,-0.00052
1003.75912,-0.00193
1002.79489,-0.00175
1001.83066,-0.00002
1000.86644,0.00224
999.90221,0.00382
998.93799,0.00414
997.97376,0.00350
997.00954,0.00274
996.04531,0.00254
995.08108,0.00313
994.11686,0.00428
993.15263,0.00538
992.18841,0.00572
991.22418,0.00488
990.25995,0.00307
989.29573,0.00115
988.33150,0.00002
987.36728,-0.00006
986.40305,0.00029
985.43882,0.00025
984.47460,-0.00047
983.51037,-0.00127
982.54615,-0.00125
981.58192,0.00007
980.61770,0.00239
979.65347,0.00494
978.68924,0.00704
977.72502,0.00836
976.76079,0.00866
975.79657,0.00761
974.83234,0.00524
973.86811,0.00241
972.90389,0.00065
971.93966,0.00101
970.97544,0.00295
970.01121,0.00465
969.04699,0.00458
968.08276,0.00279
967.11853,0.00071
966.15431,-0.00025
965.19008,0.00031
964.22586,0.00193
963.26163,0.00393
962.29740,0.00569
961.33318,0.00640
960.36895,0.00549
959.40473,0.00335
958.44050,0.00138
957.47628,0.00064
956.51205,0.00063
955.54782,-0.00018
954.58360,-0.00245
953.61937,-0.00489
952.65515,-0.00554
951.69092,-0.00377
950.72669,-0.00086
949.76247,0.00156
948.79824,0.00300
947.83402,0.00381
946.86979,0.00398
945.90556,0.00277
944.94134,-0.00005
943.97711,-0.00321
943.01289,-0.00463
942.04866,-0.00320
941.08444,0.00030
940.12021,0.00386
939.15598,0.00560
938.19176,0.00455
937.22753,0.00084
936.26331,-0.00434
935.29908,-0.00891
934.33485,-0.01077
933.37063,-0.00901
932.40640,-0.00470
931.44218,-0.00013
930.47795,0.00263
929.51373,0.00289
928.54950,0.00132
927.58527,-0.00075
926.62105,-0.00216
925.65682,-0.00243
924.69260,-0.00192
923.72837,-0.00147
922.76414,-0.00188
921.79992,-0.00346
920.83569,-0.00585
919.87147,-0.00826
918.90724,-0.00969
917.94302,-0.00924
916.97879,-0.00663
916.01456,-0.00258
915.05034,0.00126
914.08611,0.00325
913.12189,0.00277
912.15766,0.00034
911.19343,-0.00292
910.22921,-0.00589
909.26498,-0.00756
908.30076,-0.00694
907.33653,-0.00365
906.37230,0.00131
905.40808,0.00572
904.44385,0.00762
903.47963,0.00689
902.51540,0.00509
901.55118,0.00388
900.58695,0.00363
899.62272,0.00349
898.65850,0.00277
897.69427,0.00181
896.73005,0.00175
895.76582,0.00333
894.80159,0.00608
893.83737,0.00862
892.87314,0.00988
891.90892,0.00978
890.94469,0.00903
889.98047,0.00802
889.01624,0.00618
888.05201,0.00269
887.08779,-0.00234
886.12356,-0.00753
885.15934,-0.01126
884.19511,-0.01296
883.23088,-0.01293
882.26666,-0.01141
881.30243,-0.00821
880.33821,-0.00363
879.37398,0.00095
878.40975,0.00380
877.44553,0.00435
876.48130,0.00338
875.51708,0.00193
874.55285,0.00027
873.58863,-0.00150
872.62440,-0.00259
871.66017,-0.00197
870.69595,0.00016
869.73172,0.00212
868.76750,0.00248
867.80327,0.00167
866.83904,0.00131
865.87482,0.00191
864.91059,0.00195
863.94637,-0.00037
862.98214,-0.00488
862.01792,-0.00933
861.05369,-0.01149
860.08946,-0.01103
859.12524,-0.00918
858.16101,-0.00722
857.19679,-0.00566
856.23256,-0.00455
855.26833,-0.00368
854.30411,-0.00253
853.33988,-0.00046
852.37566,0.00243
851.41143,0.00485
850.44721,0.00524
849.48298,0.00337
848.51875,0.00087
847.55453,-0.00001
846.59030,0.00170
845.62608,0.00487
844.66185,0.00748
843.69762,0.00850
842.73340,0.00854
841.76917,0.00879
840.80495,0.00946
839.84072,0.00932
838.87649,0.00703
837.91227,0.00269
836.94804,-0.00184
835.98382,-0.00459
835.01959,-0.00511
834.05537,-0.00430
833.09114,-0.00296
832.12691,-0.00117
831.16269,0.00076
830.19846,0.00143
829.23424,-0.00042
828.27001,-0.00370
827.30578,-0.00509
826.34156,-0.00229
825.37733,0.00298
824.41311,0.00622
823.44888,0.00454
822.48466,-0.00044
821.52043,-0.00453
820.55620,-0.00526
819.59198,-0.00361
818.62775,-0.00189
817.66353,-0.00110
816.69930,-0.00048
815.73507,0.00094
814.77085,0.00334
813.80662,0.00613
812.84240,0.00859
811.87817,0.01019
810.91395,0.01072
809.94972,0.01033
808.98549,0.00918
808.02127,0.00701
807.05704,0.00339
806.09282,-0.00102
805.12859,-0.00406
804.16436,-0.00362
803.20014,-0.00003
802.23591,0.00376
801.27169,0.00490
800.30746,0.00334
799.34323,0.00119
798.37901,-0.00003
797.41478,-0.00071
796.45056,-0.00171
795.48633,-0.00247
794.52211,-0.00147
793.55788,0.00155
792.59365,0.00484
791.62943,0.00643
790.66520,0.00593
789.70098,0.00433
788.73675,0.00249
787.77252,0.00071
786.80830,-0.00053
785.84407,-0.00038
784.87985,0.00120
783.91562,0.00273
782.95140,0.00259
781.98717,0.00086
781.02294,-0.00067
780.05872,-0.00083
779.09449,-0.00037
778.13027,-0.00074
777.16604,-0.00194
776.20181,-0.00241
775.23759,-0.00104
774.27336,0.00128
773.30914,0.00249
772.34491,0.00139
771.38068,-0.00137
770.41646,-0.00406
769.45223,-0.00534
768.48801,-0.00506
767.52378,-0.00415
766.55956,-0.00379
765.59533,-0.00453
764.63110,-0.00576
763.66688,-0.00623
762.70265,-0.00531
761.73843,-0.00377
760.77420,-0.00317
759.80997,-0.00425
758.84575,-0.00629
757.88152,-0.00779
756.91730,-0.00755
755.95307,-0.00528
754.98885,-0.00158
754.02462,0.00222
753.06039,0.00455
752.09617,0.00458
751.13194,0.00295
750.16772,0.00126
749.20349,0.00055
748.23926,0.00055
747.27504,0.00042
746.31081,0.00008
745.34659,0.00014
744.38236,0.00070
743.41814,0.00081
742.45391,-0.00039
741.48968,-0.00250
740.52546,-0.00426
739.56123,-0.00508
738.59701,-0.00546
737.63278,-0.00594
736.66855,-0.00623
735.70433,-0.00585
734.74010,-0.00507
733.77588,-0.00457
732.81165,-0.00430
731.84742,-0.00350
730.88320,-0.00201
729.91897,-0.00087
728.95475,-0.00104
727.99052,-0.00196
727.02630,-0.00232
726.06207,-0.00212
725.09784,-0.00302
724.13362,-0.00593
723.16939,-0.00906
722.20517,-0.00932
721.24094,-0.00586
720.27671,-0.00124
719.31249,0.00120
718.34826,0.00072
717.38404,-0.00078
716.41981,-0.00131
715.45559,-0.00047
714.49136,0.00129
713.52713,0.00389
712.56291,0.00730
711.59868,0.01065
710.63446,0.01252
709.67023,0.01244
708.70600,0.01146
707.74178,0.01100
706.77755,0.01131
705.81333,0.01148
704.84910,0.01063
703.88487,0.00894
702.92065,0.00723
701.95642,0.00612
700.99220,0.00566
700.02797,0.00555
699.06375,0.00553
698.09952,0.00548
697.13529,0.00542
696.17107,0.00552
695.20684,0.00571
694.24262,0.00541
693.27839,0.00377
692.31416,0.00056
691.34994,-0.00333
690.38571,-0.00647
689.42149,-0.00802
688.45726,-0.00817
687.49304,-0.00744
686.52881,-0.00581
685.56458,-0.00292
684.60036,0.00108
683.63613,0.00522
682.67191,0.00821
681.70768,0.00925
680.74345,0.00841
679.77923,0.00642
678.81500,0.00432
677.85078,0.00307
676.88655,0.00315
675.92233,0.00395
674.95810,0.00415
673.99387,0.00288
673.02965,0.00066
672.06542,-0.00091
671.10120,-0.00041
670.13697,0.00224
669.17274,0.00581
668.20852,0.00824
667.24429,0.00767
666.28007,0.00376
665.31584,-0.00168
664.35161,-0.00582
663.38739,-0.00624
662.42316,-0.00231
661.45894,0.00419
660.49471,0.01015
659.53049,0.01321
658.56626,0.01285
657.60203,0.00988
656.63781,0.00544
655.67358,0.00068
654.70936,-0.00330
653.74513,-0.00550
652.78090,-0.00582
651.81668,-0.00524
650.85245,-0.00495
649.88823,-0.00487
648.92400,-0.00376
647.95978,-0.00087
646.99555,0.00270
646.03132,0.00469
645.06710,0.00406
644.10287,0.00200
643.13865,0.00052
642.17442,0.00006
641.21019,-0.00072
640.24597,-0.00282
639.28174,-0.00502
638.31752,-0.00499
637.35329,-0.00193
636.38907,0.00249
635.42484,0.00605
634.46061,0.00824
633.49639,0.01022
632.53216,0.01239
631.56794,0.01302
630.60371,0.01014
629.63948,0.00421
628.67526,-0.00180
627.71103,-0.00501
626.74681,-0.00465
625.78258,-0.00184
624.81835,0.00168
623.85413,0.00400
622.88990,0.00304
621.92568,-0.00217
620.96145,-0.00999
619.99723,-0.01655
619.03300,-0.01844
618.06877,-0.01503
617.10455,-0.00803
616.14032,0.00062
615.17610,0.00926
614.21187,0.01550
613.24764,0.01664
612.28342,0.01232
611.31919,0.00587
610.35497,0.00190
609.39074,0.00169
608.42652,0.00224
607.46229,0.00069
606.49806,-0.00173
605.53384,-0.00148
604.56961,0.00271
603.60539,0.00872
602.64116,0.01394
601.67693,0.01769
600.71271,0.01993
599.74848,0.01909
598.78426,0.01345
597.82003,0.00441
596.85580,-0.00395
595.89158,-0.00902
594.92735,-0.01276
593.96313,-0.01824
592.99890,-0.02409
592.03468,-0.02499
591.07045,-0.01816
590.10622,-0.00784
589.14200,-0.00057
588.17777,0.00251
587.21355,0.00604
586.24932,0.01359
585.28509,0.02236
584.32087,0.02587
583.35664,0.02154
582.39242,0.01352
581.42819,0.00813
580.46397,0.00828
579.49974,0.01197
578.53551,0.01521
577.57129,0.01485
576.60706,0.00983
575.64284,0.00181
574.67861,-0.00452
573.71438,-0.00378
572.75016,0.00568
571.78593,0.02088
570.82171,0.03601
569.85748,0.04592
568.89326,0.04773
567.92903,0.04021
566.96480,0.02439
566.00058,0.00645
565.03635,-0.00390
564.07213,0.00002
563.10790,0.01358
562.14367,0.02313
561.17945,0.01919
560.21522,0.00577
559.25100,-0.00468
558.28677,-0.00411
557.32254,0.00546
556.35832,0.01492
555.39409,0.01652
554.42987,0.01105
553.46564,0.00559
552.50142,0.00794
551.53719,0.02018
550.57296,0.03628
549.60874,0.04940
548.64451,0.05545
547.68029,0.05545
546.71606,0.05081
545.75183,0.03942
544.78761,0.02051
543.82338,0.00179
542.85916,0.00074
541.89493,0.02469
540.93071,0.05027
539.96648,0.05478
539.00225,0.03774
538.03803,0.03010
537.07380,0.06181
536.10958,0.12615
535.14535,0.19263
534.18112,0.23957
533.21690,0.25853
532.25267,0.25295
531.28845,0.27717
530.32422,0.30676
529.36000,0.30507
528.39577,0.23935
527.43154,0.12198
526.46732,0.01433
525.50309,-0.01100
524.53887,0.07384
523.57464,0.25816
522.61041,0.34694
521.64619,0.35908
520.68196,0.37221
519.71774,0.37823
518.75351,0.31508
517.78928,0.19601
516.82506,0.10786
515.86083,0.13978
514.89661,0.30034
513.93238,0.46469
512.96816,0.49278
512.00393,0.42579
511.03970,0.38710
510.07548,0.42420
509.11125,0.52785
508.14703,0.62281
507.18280,0.59785
506.21857,0.45858
505.25435,0.31571
504.29012,0.21056
503.32590,0.14439
502.36167,0.12502
501.39745,0.14696
500.43322,0.17010
499.46899,0.14172
498.50477,0.06688
497.54054,0.00019
496.57632,-0.02451
495.61209,-0.01091
494.64786,-0.00665
493.68364,-0.04183
492.71941,-0.06522
491.75519,0.01222
490.79096,0.17494
489.82673,0.31493
488.86251,0.30527
487.89828,0.16979
486.93406,0.02916
485.96983,-0.05019
485.00561,-0.03215
484.04138,0.03352
483.07715,0.09629
482.11293,0.12641
481.14870,0.14037
480.18448,0.19837
479.22025,0.30952
478.25602,0.44131
477.29180,0.55238
476.32757,0.57712
475.36335,0.47030
474.39912,0.26132
473.43490,0.03277
472.47067,-0.13087
471.50644,-0.18850
470.54222,-0.14393
469.57799,-0.03897
468.61377,0.07205
467.64954,0.13236
466.68531,0.15668
465.72109,0.20235
464.75686,0.29665
463.79264,0.46883
462.82841,0.72488
461.86419,0.89977
460.89996,0.71275
459.93573,0.39839
458.97151,0.14904
458.00728,0.00673
457.04306,-0.02865
456.07883,-0.02176
455.11460,-0.03132
454.15038,-0.07526
453.18615,-0.11917
452.22193,-0.08336
451.25770,0.10061
450.29347,0.33564
449.32925,0.46099
448.36502,0.46927
447.40080,0.43976
446.43657,0.42916
445.47235,0.39936
444.50812,0.30944
443.54389,0.23313
442.57967,0.17720
441.61544,0.10835
440.65122,0.01175
439.68699,-0.09615
438.72276,-0.16213
437.75854,-0.13771
436.79431,-0.05739
435.83009,0.03181
434.86586,0.12782
433.90164,0.22464
432.93741,0.30754
431.97318,0.36207
431.00896,0.41026
430.04473,0.50394
429.08051,0.43439
428.11628,-0.04174
427.15205,-0.38469
426.18783,-0.34076
425.22360,-0.16263
424.25938,-0.03365
423.29515,-0.00906
422.33092,-0.01473
421.36670,0.01266
420.40247,0.10875
419.43825,0.28822
418.47402,0.46453
417.50980,0.49786
416.54557,0.34100
415.58134,0.17057
414.61712,0.09892
413.65289,0.07073
412.68867,0.03383
411.72444,0.00767
410.76021,-0.05038
409.79599,-0.12917
408.83176,-0.16197
407.86754,-0.13032
406.90331,0.00395
405.93909,0.29377
404.97486,0.78069
404.01063,1.33063
403.04641,0.82024
402.08218,0.39516
401.11796,0.12374
400.15373,-0.02385
399.18950,-0.03630
398.22528,0.04508
397.26105,0.13241
396.29683,0.18548
395.33260,0.19038
394.36838,0.20390
393.40415,0.27239
392.43992,0.34770
391.47570,0.33636
390.51147,0.22410
389.54725,0.08034
388.58302,-0.04641
387.61879,-0.14294
386.65457,-0.20739
385.69034,-0.20902
384.72612,-0.03269
383.76189,0.35985
382.79766,0.59127
381.83344,0.45962
380.86921,0.33407
379.90499,0.28112
378.94076,0.26775
377.97654,0.25526
377.01231,0.25232
376.04808,0.30301
375.08386,0.40037
374.11963,0.47792
373.15541,0.45255
372.19118,0.33103
371.22695,0.32923
370.26273,0.52145
369.29850,0.80846
368.33428,1.12826
367.37005,1.55456
366.40583,1.59348
365.44160,0.89315
364.47737,0.18461
363.51315,-0.21933
362.54892,-0.31389
361.58470,-0.35390
360.62047,-0.25112
359.65624,-0.14541
358.69202,-0.11879
357.72779,-0.10091
356.76357,-0.04344
355.79934,0.05277
354.83512,0.17051
353.87089,0.33431
352.90666,0.53460
351.94244,0.61444
350.97821,0.51998
350.01399,0.41520
349.04976,0.35932
