3946.57643,0.00212
3945.61220,0.00126
3944.64798,0.00042
3943.68375,0.00014
3942.71953,0.00028
3941.75530,0.00036
3940.79107,0.00025
3939.82685,0.00033
3938.86262,0.00093
3937.89840,0.00181
3936.93417,0.00229
3935.96994,0.00203
3935.00572,0.00132
3934.04149,0.00080
3933.07727,0.00077
3932.11304,0.00093
3931.14882,0.00078
3930.18459,0.00010
3929.22036,-0.00085
3928.25614,-0.00148
3927.29191,-0.00144
3926.32769,-0.00086
3925.36346,-0.00025
3924.39923,-0.00012
3923.43501,-0.00058
3922.47078,-0.00134
3921.50656,-0.00200
3920.54233,-0.00238
3919.57811,-0.00253
3918.61388,-0.00258
3917.64965,-0.00257
3916.68543,-0.00254
3915.72120,-0.00255
3914.75698,-0.00265
3913.79275,-0.00278
3912.82852,-0.00277
3911.86430,-0.00247
3910.90007,-0.00181
3909.93585,-0.00091
3908.97162,0.00003
3908.00739,0.00074
3907.04317,0.00102
3906.07894,0.00088
3905.11472,0.00063
3904.15049,0.00063
3903.18627,0.00093
3902.22204,0.00111
3901.25781,0.00069
3900.29359,-0.00033
3899.32936,-0.00132
3898.36514,-0.00154
3897.40091,-0.00080
3896.43668,0.00036
3895.47246,0.00112
3894.50823,0.00108
3893.54401,0.00038
3892.57978,-0.00058
3891.61556,-0.00157
3890.65133,-0.00260
3889.68710,-0.00364
3888.72288,-0.00441
3887.75865,-0.00458
3886.79443,-0.00404
3885.83020,-0.00305
3884.86597,-0.00205
3883.90175,-0.00129
3882.93752,-0.00073
3881.97330,-0.00021
3881.00907,0.00032
3880.04485,0.00073
3879.08062,0.00083
3878.11639,0.00059
3877.15217,0.00016
3876.18794,-0.00022
3875.22372,-0.00039
3874.25949,-0.00025
3873.29526,0.00010
3872.33104,0.00041
3871.36681,0.00045
3870.40259,0.00015
3869.43836,-0.00029
3868.47413,-0.00056
3867.50991,-0.00054
3866.54568,-0.00033
3865.58146,-0.00006
3864.61723,0.00027
3863.65301,0.00074
3862.68878,0.00119
3861.72455,0.00126
3860.76033,0.00068
3859.79610,-0.00042
3858.83188,-0.00143
3857.86765,-0.00183
3856.90342,-0.00154
3855.93920,-0.00096
3854.97497,-0.00053
3854.01075,-0.00041
3853.04652,-0.00044
3852.08230,-0.00048
3851.11807,-0.00057
3850.15384,-0.00089
3849.18962,-0.00144
3848.22539,-0.00197
3847.26117,-0.00212
3846.29694,-0.00167
3845.33271,-0.00076
3844.36849,0.00015
3843.40426,0.00058
3842.44004,0.00034
3841.47581,-0.00033
3840.51159,-0.00095
3839.54736,-0.00120
3838.58313,-0.00113
3837.61891,-0.00105
3836.65468,-0.00117
3835.69046,-0.00144
3834.72623,-0.00161
3833.76200,-0.00149
3832.79778,-0.00106
3831.83355,-0.00045
3830.86933,0.00012
3829.90510,0.00040
3828.94087,0.00020
3827.97665,-0.00050
3827.01242,-0.00145
3826.04820,-0.00224
3825.08397,-0.00248
3824.11975,-0.00205
3823.15552,-0.00113
3822.19129,-0.00008
3821.22707,0.00066
3820.26284,0.00073
3819.29862,0.00006
3818.33439,-0.00108
3817.37016,-0.00217
3816.40594,-0.00268
3815.44171,-0.00239
3814.47749,-0.00147
3813.51326,-0.00041
3812.54904,0.00029
3811.58481,0.00031
3810.62058,-0.00031
3809.65636,-0.00117
3808.69213,-0.00175
3807.72791,-0.00170
3806.76368,-0.00112
3805.79945,-0.00039
3804.83523,0.00012
3803.87100,0.00038
3802.90678,0.00053
3801.94255,0.00067
3800.97832,0.00073
3800.01410,0.00057
3799.04987,0.00022
3798.08565,-0.00012
3797.12142,-0.00028
3796.15720,-0.00021
3795.19297,0.00006
3794.22874,0.00045
3793.26452,0.00085
3792.30029,0.00117
3791.33607,0.00135
3790.37184,0.00139
3789.40761,0.00131
3788.44339,0.00109
3787.47916,0.00061
3786.51494,-0.00013
3785.55071,-0.00094
3784.58649,-0.00147
3783.62226,-0.00154
3782.65803,-0.00121
3781.69381,-0.00070
3780.72958,-0.00020
3779.76536,0.00019
3778.80113,0.00038
3777.83690,0.00023
3776.87268,-0.00025
3775.90845,-0.00078
3774.94423,-0.00097
3773.98000,-0.00067
3773.01578,-0.00015
3772.05155,0.00007
3771.08732,-0.00034
3770.12310,-0.00118
3769.15887,-0.00198
3768.19465,-0.00231
3767.23042,-0.00210
3766.26619,-0.00157
3765.30197,-0.00096
3764.33774,-0.00041
3763.37352,0.00002
3762.40929,0.00027
3761.44506,0.00027
3760.48084,0.00004
3759.51661,-0.00034
3758.55239,-0.00072
3757.58816,-0.00102
3756.62394,-0.00117
3755.65971,-0.00113
3754.69548,-0.00088
3753.73126,-0.00044
3752.76703,0.00003
3751.80281,0.00035
3750.83858,0.00043
3749.87435,0.00036
3748.91013,0.00025
3747.94590,0.00017
3746.98168,0.00005
3746.01745,-0.00022
3745.05323,-0.00066
3744.08900,-0.00113
3743.12477,-0.00147
3742.16055,-0.00157
3741.19632,-0.00144
3740.23210,-0.00122
3739.26787,-0.00109
3738.30364,-0.00119
3737.33942,-0.00144
3736.37519,-0.00160
3735.41097,-0.00140
3734.44674,-0.00082
3733.48251,-0.00010
3732.51829,0.00037
3731.55406,0.00037
3730.58984,0.00001
3729.62561,-0.00047
3728.66139,-0.00083
3727.69716,-0.00096
3726.73293,-0.00081
3725.76871,-0.00036
3724.80448,0.00031
3723.84026,0.00099
3722.87603,0.00137
3721.91180,0.00130
3720.94758,0.00083
3719.98335,0.00022
3719.01913,-0.00033
3718.05490,-0.00072
3717.09068,-0.00096
3716.12645,-0.00103
3715.16222,-0.00088
3714.19800,-0.00051
3713.23377,-0.00001
3712.26955,0.00041
3711.30532,0.00061
3710.34109,0.00058
3709.37687,0.00043
3708.41264,0.00026
3707.44842,0.00007
3706.48419,-0.00016
3705.51997,-0.00037
3704.55574,-0.00042
3703.59151,-0.00022
3702.62729,0.00020
3701.66306,0.00060
3700.69884,0.00077
3699.73461,0.00064
3698.77038,0.00034
3697.80616,0.00005
3696.84193,-0.00009
3695.87771,-0.00009
3694.91348,0.00000
3693.94925,0.00008
3692.98503,0.00002
3692.02080,-0.00020
3691.05658,-0.00047
3690.09235,-0.00045
3689.12813,0.00012
3688.16390,0.00117
3687.19967,0.00224
3686.23545,0.00285
3685.27122,0.00286
3684.30700,0.00256
3683.34277,0.00230
3682.37854,0.00223
3681.41432,0.00229
3680.45009,0.00243
3679.48587,0.00268
3678.52164,0.00303
3677.55742,0.00333
3676.59319,0.00336
3675.62896,0.00311
3674.66474,0.00287
3673.70051,0.00291
3672.73629,0.00320
3671.77206,0.00347
3670.80783,0.00354
3669.84361,0.00345
3668.87938,0.00338
3667.91516,0.00338
3666.95093,0.00338
3665.98671,0.00334
3665.02248,0.00334
3664.05825,0.00351
3663.09403,0.00380
3662.12980,0.00407
3661.16558,0.00426
3660.20135,0.00449
3659.23712,0.00494
3658.27290,0.00566
3657.30867,0.00646
3656.34445,0.00712
3655.38022,0.00753
3654.41599,0.00767
3653.45177,0.00754
3652.48754,0.00712
3651.52332,0.00649
3650.55909,0.00583
3649.59487,0.00538
3648.63064,0.00522
3647.66641,0.00522
3646.70219,0.00526
3645.73796,0.00534
3644.77374,0.00567
3643.80951,0.00640
3642.84528,0.00738
3641.88106,0.00817
3640.91683,0.00834
3639.95261,0.00782
3638.98838,0.00700
3638.02416,0.00644
3637.05993,0.00645
3636.09570,0.00689
3635.13148,0.00737
3634.16725,0.00760
3633.20303,0.00761
3632.23880,0.00759
3631.27457,0.00771
3630.31035,0.00795
3629.34612,0.00819
3628.38190,0.00837
3627.41767,0.00854
3626.45344,0.00875
3625.48922,0.00904
3624.52499,0.00940
3623.56077,0.00982
3622.59654,0.01028
3621.63232,0.01072
3620.66809,0.01102
3619.70386,0.01108
3618.73964,0.01089
3617.77541,0.01054
3616.81119,0.01018
3615.84696,0.00994
3614.88273,0.00991
3613.91851,0.01006
3612.95428,0.01032
3611.99006,0.01053
3611.02583,0.01061
3610.06161,0.01057
3609.09738,0.01046
3608.13315,0.01028
3607.16893,0.00997
3606.20470,0.00953
3605.24048,0.00911
3604.27625,0.00894
3603.31202,0.00915
3602.34780,0.00959
3601.38357,0.01003
3600.41935,0.01030
3599.45512,0.01044
3598.49090,0.01052
3597.52667,0.01049
3596.56244,0.01027
3595.59822,0.00994
3594.63399,0.00982
3593.66977,0.01016
3592.70554,0.01088
3591.74131,0.01156
3590.77709,0.01179
3589.81286,0.01149
3588.84864,0.01094
3587.88441,0.01043
3586.92018,0.01013
3585.95596,0.01007
3584.99173,0.01025
3584.02751,0.01062
3583.06328,0.01109
3582.09906,0.01154
3581.13483,0.01193
3580.17060,0.01230
3579.20638,0.01267
3578.24215,0.01286
3577.27793,0.01267
3576.31370,0.01209
3575.34947,0.01141
3574.38525,0.01099
3573.42102,0.01094
3572.45680,0.01109
3571.49257,0.01116
3570.52835,0.01102
3569.56412,0.01077
3568.59989,0.01060
3567.63567,0.01064
3566.67144,0.01091
3565.70722,0.01135
3564.74299,0.01186
3563.77876,0.01238
3562.81454,0.01282
3561.85031,0.01315
3560.88609,0.01335
3559.92186,0.01341
3558.95764,0.01338
3557.99341,0.01333
3557.02918,0.01325
3556.06496,0.01311
3555.10073,0.01288
3554.13651,0.01259
3553.17228,0.01236
3552.20805,0.01225
3551.24383,0.01222
3550.27960,0.01219
3549.31538,0.01215
3548.35115,0.01216
3547.38692,0.01223
3546.42270,0.01225
3545.45847,0.01214
3544.49425,0.01193
3543.53002,0.01184
3542.56580,0.01210
3541.60157,0.01273
3540.63734,0.01359
3539.67312,0.01441
3538.70889,0.01499
3537.74467,0.01526
3536.78044,0.01530
3535.81621,0.01529
3534.85199,0.01541
3533.88776,0.01564
3532.92354,0.01571
3531.95931,0.01540
3530.99509,0.01477
3530.03086,0.01421
3529.06663,0.01406
3528.10241,0.01430
3527.13818,0.01459
3526.17396,0.01462
3525.20973,0.01444
3524.24550,0.01427
3523.28128,0.01422
3522.31705,0.01412
3521.35283,0.01381
3520.38860,0.01342
3519.42437,0.01323
3518.46015,0.01331
3517.49592,0.01341
3516.53170,0.01323
3515.56747,0.01273
3514.60325,0.01224
3513.63902,0.01210
3512.67479,0.01242
3511.71057,0.01304
3510.74634,0.01377
3509.78212,0.01446
3508.81789,0.01489
3507.85366,0.01481
3506.88944,0.01412
3505.92521,0.01315
3504.96099,0.01241
3503.99676,0.01224
3503.03254,0.01254
3502.06831,0.01294
3501.10408,0.01323
3500.13986,0.01348
3499.17563,0.01394
3498.21141,0.01467
3497.24718,0.01541
3496.28295,0.01577
3495.31873,0.01551
3494.35450,0.01477
3493.39028,0.01396
3492.42605,0.01361
3491.46183,0.01394
3490.49760,0.01478
3489.53337,0.01565
3488.56915,0.01605
3487.60492,0.01583
3486.64070,0.01514
3485.67647,0.01433
3484.71224,0.01366
3483.74802,0.01332
3482.78379,0.01335
3481.81957,0.01376
3480.85534,0.01442
3479.89111,0.01514
3478.92689,0.01573
3477.96266,0.01606
3476.99844,0.01612
3476.03421,0.01602
3475.06999,0.01593
3474.10576,0.01600
3473.14153,0.01621
3472.17731,0.01642
3471.21308,0.01653
3470.24886,0.01662
3469.28463,0.01685
3468.32040,0.01726
3467.35618,0.01762
3466.39195,0.01767
3465.42773,0.01734
3464.46350,0.01682
3463.49928,0.01637
3462.53505,0.01610
3461.57082,0.01608
3460.60660,0.01639
3459.64237,0.01707
3458.67815,0.01791
3457.71392,0.01854
3456.74969,0.01873
3455.78547,0.01860
3454.82124,0.01845
3453.85702,0.01837
3452.89279,0.01813
3451.92856,0.01758
3450.96434,0.01692
3450.00011,0.01660
3449.03589,0.01683
3448.07166,0.01726
3447.10744,0.01734
3446.14321,0.01678
3445.17898,0.01582
3444.21476,0.01498
3443.25053,0.01464
3442.28631,0.01482
3441.32208,0.01522
3440.35785,0.01550
3439.39363,0.01555
3438.42940,0.01549
3437.46518,0.01561
3436.50095,0.01602
3435.53673,0.01659
3434.57250,0.01710
3433.60827,0.01751
3432.64405,0.01801
3431.67982,0.01871
3430.71560,0.01938
3429.75137,0.01958
3428.78714,0.01909
3427.82292,0.01819
3426.85869,0.01743
3425.89447,0.01721
3424.93024,0.01741
3423.96602,0.01762
3423.00179,0.01750
3422.03756,0.01711
3421.07334,0.01680
3420.10911,0.01691
3419.14489,0.01747
3418.18066,0.01814
3417.21643,0.01848
3416.25221,0.01828
3415.28798,0.01774
3414.32376,0.01720
3413.35953,0.01682
3412.39530,0.01650
3411.43108,0.01609
3410.46685,0.01568
3409.50263,0.01558
3408.53840,0.01602
3407.57418,0.01696
3406.60995,0.01812
3405.64572,0.01914
3404.68150,0.01977
3403.71727,0.01983
3402.75305,0.01936
3401.78882,0.01861
3400.82459,0.01789
3399.86037,0.01748
3398.89614,0.01738
3397.93192,0.01747
3396.96769,0.01765
3396.00347,0.01787
3395.03924,0.01815
3394.07501,0.01842
3393.11079,0.01860
3392.14656,0.01866
3391.18234,0.01862
3390.21811,0.01847
3389.25388,0.01820
3388.28966,0.01786
3387.32543,0.01761
3386.36121,0.01758
3385.39698,0.01772
3384.43276,0.01780
3383.46853,0.01766
3382.50430,0.01735
3381.54008,0.01712
3380.57585,0.01715
3379.61163,0.01744
3378.64740,0.01781
3377.68317,0.01798
3376.71895,0.01790
3375.75472,0.01772
3374.79050,0.01773
3373.82627,0.01809
3372.86204,0.01861
3371.89782,0.01890
3370.93359,0.01873
3369.96937,0.01820
3369.00514,0.01767
3368.04092,0.01741
3367.07669,0.01741
3366.11246,0.01755
3365.14824,0.01781
3364.18401,0.01818
3363.21979,0.01860
3362.25556,0.01892
3361.29133,0.01906
3360.32711,0.01909
3359.36288,0.01910
3358.39866,0.01894
3357.43443,0.01837
3356.47021,0.01742
3355.50598,0.01647
3354.54175,0.01605
3353.57753,0.01636
3352.61330,0.01707
3351.64908,0.01764
3350.68485,0.01777
3349.72062,0.01747
3348.75640,0.01699
3347.79217,0.01657
3346.82795,0.01635
3345.86372,0.01639
3344.89949,0.01662
3343.93527,0.01688
3342.97104,0.01707
3342.00682,0.01727
3341.04259,0.01766
3340.07837,0.01826
3339.11414,0.01880
3338.14991,0.01894
3337.18569,0.01860
3336.22146,0.01807
3335.25724,0.01778
3334.29301,0.01788
3333.32878,0.01821
3332.36456,0.01848
3331.40033,0.01862
3330.43611,0.01877
3329.47188,0.01906
3328.50766,0.01942
3327.54343,0.01965
3326.57920,0.01960
3325.61498,0.01938
3324.65075,0.01916
3323.68653,0.01905
3322.72230,0.01898
3321.75807,0.01887
3320.79385,0.01870
3319.82962,0.01853
3318.86540,0.01837
3317.90117,0.01820
3316.93695,0.01809
3315.97272,0.01822
3315.00849,0.01873
3314.04427,0.01952
3313.08004,0.02019
3312.11582,0.02037
3311.15159,0.02002
3310.18736,0.01946
3309.22314,0.01903
3308.25891,0.01881
3307.29469,0.01869
3306.33046,0.01856
3305.36623,0.01850
3304.40201,0.01864
3303.43778,0.01898
3302.47356,0.01931
3301.50933,0.01939
3300.54511,0.01911
3299.58088,0.01847
3298.61665,0.01758
3297.65243,0.01665
3296.68820,0.01601
3295.72398,0.01588
3294.75975,0.01626
3293.79552,0.01679
3292.83130,0.01708
3291.86707,0.01697
3290.90285,0.01666
3289.93862,0.01648
3288.97440,0.01659
3288.01017,0.01689
3287.04594,0.01716
3286.08172,0.01724
3285.11749,0.01715
3284.15327,0.01702
3283.18904,0.01697
3282.22481,0.01707
3281.26059,0.01723
3280.29636,0.01740
3279.33214,0.01753
3278.36791,0.01756
3277.40369,0.01744
3276.43946,0.01711
3275.47523,0.01667
3274.51101,0.01633
3273.54678,0.01630
3272.58256,0.01653
3271.61833,0.01674
3270.65410,0.01670
3269.68988,0.01647
3268.72565,0.01640
3267.76143,0.01675
3266.79720,0.01741
3265.83297,0.01805
3264.86875,0.01840
3263.90452,0.01840
3262.94030,0.01820
3261.97607,0.01793
3261.01185,0.01771
3260.04762,0.01761
3259.08339,0.01762
3258.11917,0.01761
3257.15494,0.01747
3256.19072,0.01725
3255.22649,0.01714
3254.26226,0.01726
3253.29804,0.01749
3252.33381,0.01754
3251.36959,0.01728
3250.40536,0.01685
3249.44114,0.01644
3248.47691,0.01614
3247.51268,0.01588
3246.54846,0.01564
3245.58423,0.01549
3244.62001,0.01548
3243.65578,0.01553
3242.69155,0.01552
3241.72733,0.01543
3240.76310,0.01532
3239.79888,0.01520
3238.83465,0.01510
3237.87042,0.01507
3236.90620,0.01525
3235.94197,0.01569
3234.97775,0.01619
3234.01352,0.01640
3233.04930,0.01609
3232.08507,0.01546
3231.12084,0.01489
3230.15662,0.01469
3229.19239,0.01488
3228.22817,0.01523
3227.26394,0.01551
3226.29971,0.01562
3225.33549,0.01562
3224.37126,0.01566
3223.40704,0.01581
3222.44281,0.01597
3221.47859,0.01600
3220.51436,0.01586
3219.55013,0.01574
3218.58591,0.01588
3217.62168,0.01628
3216.65746,0.01667
3215.69323,0.01676
3214.72900,0.01654
3213.76478,0.01621
3212.80055,0.01594
3211.83633,0.01578
3210.87210,0.01574
3209.90788,0.01590
3208.94365,0.01629
3207.97942,0.01671
3207.01520,0.01681
3206.05097,0.01647
3205.08675,0.01591
3204.12252,0.01546
3203.15829,0.01526
3202.19407,0.01512
3201.22984,0.01485
3200.26562,0.01442
3199.30139,0.01402
3198.33716,0.01384
3197.37294,0.01398
3196.40871,0.01438
3195.44449,0.01487
3194.48026,0.01517
3193.51604,0.01508
3192.55181,0.01469
3191.58758,0.01440
3190.62336,0.01456
3189.65913,0.01513
3188.69491,0.01576
3187.73068,0.01613
3186.76645,0.01618
3185.80223,0.01603
3184.83800,0.01572
3183.87378,0.01520
3182.90955,0.01457
3181.94533,0.01406
3180.98110,0.01390
3180.01687,0.01399
3179.05265,0.01401
3178.08842,0.01373
3177.12420,0.01322
3176.15997,0.01278
3175.19574,0.01266
3174.23152,0.01289
3173.26729,0.01331
3172.30307,0.01374
3171.33884,0.01408
3170.37461,0.01430
3169.41039,0.01437
3168.44616,0.01424
3167.48194,0.01388
3166.51771,0.01336
3165.55349,0.01289
3164.58926,0.01266
3163.62503,0.01273
3162.66081,0.01293
3161.69658,0.01315
3160.73236,0.01339
3159.76813,0.01370
3158.80390,0.01397
3157.83968,0.01392
3156.87545,0.01343
3155.91123,0.01276
3154.94700,0.01237
3153.98278,0.01252
3153.01855,0.01303
3152.05432,0.01352
3151.09010,0.01377
3150.12587,0.01380
3149.16165,0.01366
3148.19742,0.01334
3147.23319,0.01286
3146.26897,0.01233
3145.30474,0.01194
3144.34052,0.01165
3143.37629,0.01132
3142.41207,0.01090
3141.44784,0.01058
3140.48361,0.01061
3139.51939,0.01100
3138.55516,0.01149
3137.59094,0.01178
3136.62671,0.01177
3135.66248,0.01157
3134.69826,0.01139
3133.73403,0.01140
3132.76981,0.01167
3131.80558,0.01216
3130.84135,0.01266
3129.87713,0.01285
3128.91290,0.01257
3127.94868,0.01190
3126.98445,0.01115
3126.02023,0.01062
3125.05600,0.01045
3124.09177,0.01062
3123.12755,0.01097
3122.16332,0.01131
3121.19910,0.01148
3120.23487,0.01151
3119.27064,0.01153
3118.30642,0.01158
3117.34219,0.01152
3116.37797,0.01120
3115.41374,0.01066
3114.44952,0.01019
3113.48529,0.01001
3112.52106,0.01001
3111.55684,0.00988
3110.59261,0.00949
3109.62839,0.00901
3108.66416,0.00873
3107.69993,0.00868
3106.73571,0.00866
3105.77148,0.00856
3104.80726,0.00850
3103.84303,0.00869
3102.87881,0.00910
3101.91458,0.00948
3100.95035,0.00959
3099.98613,0.00945
3099.02190,0.00928
3098.05768,0.00924
3097.09345,0.00931
3096.12922,0.00939
3095.16500,0.00940
3094.20077,0.00935
3093.23655,0.00932
3092.27232,0.00938
3091.30809,0.00956
3090.34387,0.00979
3089.37964,0.00993
3088.41542,0.00987
3087.45119,0.00961
3086.48697,0.00930
3085.52274,0.00911
3084.55851,0.00910
3083.59429,0.00918
3082.63006,0.00926
3081.66584,0.00923
3080.70161,0.00907
3079.73738,0.00879
3078.77316,0.00844
3077.80893,0.00812
3076.84471,0.00790
3075.88048,0.00779
3074.91626,0.00772
3073.95203,0.00766
3072.98780,0.00762
3072.02358,0.00762
3071.05935,0.00763
3070.09513,0.00763
3069.13090,0.00761
3068.16667,0.00761
3067.20245,0.00767
3066.23822,0.00783
3065.27400,0.00808
3064.30977,0.00835
3063.34554,0.00851
3062.38132,0.00854
3061.41709,0.00849
3060.45287,0.00857
3059.48864,0.00890
3058.52442,0.00941
3057.56019,0.00981
3056.59596,0.00983
3055.63174,0.00942
3054.66751,0.00876
3053.70329,0.00814
3052.73906,0.00772
3051.77483,0.00753
3050.81061,0.00760
3049.84638,0.00791
3048.88216,0.00836
3047.91793,0.00872
3046.95371,0.00873
3045.98948,0.00834
3045.02525,0.00774
3044.06103,0.00722
3043.09680,0.00699
3042.13258,0.00698
3041.16835,0.00702
3040.20412,0.00694
3039.23990,0.00676
3038.27567,0.00659
3037.31145,0.00657
3036.34722,0.00674
3035.38300,0.00703
3034.41877,0.00722
3033.45454,0.00715
3032.49032,0.00682
3031.52609,0.00645
3030.56187,0.00631
3029.59764,0.00647
3028.63341,0.00672
3027.66919,0.00678
3026.70496,0.00665
3025.74074,0.00656
3024.77651,0.00677
3023.81228,0.00721
3022.84806,0.00751
3021.88383,0.00734
3020.91961,0.00675
3019.95538,0.00608
3018.99116,0.00569
3018.02693,0.00566
3017.06270,0.00577
3016.09848,0.00577
3015.13425,0.00554
3014.17003,0.00512
3013.20580,0.00466
3012.24157,0.00432
3011.27735,0.00422
3010.31312,0.00439
3009.34890,0.00475
3008.38467,0.00518
3007.42045,0.00557
3006.45622,0.00590
3005.49199,0.00614
3004.52777,0.00628
3003.56354,0.00630
3002.59932,0.00624
3001.63509,0.00615
3000.67086,0.00604
2999.70664,0.00587
2998.74241,0.00560
2997.77819,0.00527
2996.81396,0.00497
2995.84974,0.00474
2994.88551,0.00453
2993.92128,0.00429
2992.95706,0.00408
2991.99283,0.00403
2991.02861,0.00422
2990.06438,0.00463
2989.10015,0.00513
2988.13593,0.00559
2987.17170,0.00593
2986.20748,0.00613
2985.24325,0.00614
2984.27902,0.00594
2983.31480,0.00553
2982.35057,0.00500
2981.38635,0.00448
2980.42212,0.00415
2979.45790,0.00411
2978.49367,0.00432
2977.52944,0.00462
2976.56522,0.00482
2975.60099,0.00489
2974.63677,0.00498
2973.67254,0.00528
2972.70831,0.00576
2971.74409,0.00618
2970.77986,0.00625
2969.81564,0.00591
2968.85141,0.00534
2967.88719,0.00483
2966.92296,0.00457
2965.95873,0.00460
2964.99451,0.00483
2964.03028,0.00516
2963.06606,0.00549
2962.10183,0.00572
2961.13760,0.00580
2960.17338,0.00572
2959.20915,0.00556
2958.24493,0.00539
2957.28070,0.00524
2956.31647,0.00507
2955.35225,0.00487
2954.38802,0.00464
2953.42380,0.00450
2952.45957,0.00456
2951.49535,0.00482
2950.53112,0.00512
2949.56689,0.00519
2948.60267,0.00493
2947.63844,0.00443
2946.67422,0.00401
2945.70999,0.00389
2944.74576,0.00411
2943.78154,0.00451
2942.81731,0.00489
2941.85309,0.00514
2940.88886,0.00526
2939.92464,0.00529
2938.96041,0.00525
2937.99618,0.00512
2937.03196,0.00492
2936.06773,0.00468
2935.10351,0.00443
2934.13928,0.00422
2933.17505,0.00410
2932.21083,0.00406
2931.24660,0.00405
2930.28238,0.00395
2929.31815,0.00371
2928.35393,0.00342
2927.38970,0.00322
2926.42547,0.00322
2925.46125,0.00336
2924.49702,0.00351
2923.53280,0.00358
2922.56857,0.00357
2921.60434,0.00358
2920.64012,0.00363
2919.67589,0.00371
2918.71167,0.00379
2917.74744,0.00389
2916.78321,0.00406
2915.81899,0.00431
2914.85476,0.00453
2913.89054,0.00458
2912.92631,0.00437
2911.96209,0.00402
2910.99786,0.00374
2910.03363,0.00370
2909.06941,0.00389
2908.10518,0.00413
2907.14096,0.00422
2906.17673,0.00408
2905.21250,0.00384
2904.24828,0.00369
2903.28405,0.00369
2902.31983,0.00375
2901.35560,0.00369
2900.39138,0.00344
2899.42715,0.00312
2898.46292,0.00293
2897.49870,0.00294
2896.53447,0.00311
2895.57025,0.00329
2894.60602,0.00344
2893.64179,0.00357
2892.67757,0.00374
2891.71334,0.00392
2890.74912,0.00406
2889.78489,0.00409
2888.82066,0.00402
2887.85644,0.00390
2886.89221,0.00379
2885.92799,0.00377
2884.96376,0.00382
2883.99954,0.00387
2883.03531,0.00383
2882.07108,0.00364
2881.10686,0.00337
2880.14263,0.00316
2879.17841,0.00310
2878.21418,0.00320
2877.24995,0.00339
2876.28573,0.00364
2875.32150,0.00396
2874.35728,0.00425
2873.39305,0.00435
2872.42883,0.00410
2871.46460,0.00358
2870.50037,0.00309
2869.53615,0.00292
2868.57192,0.00309
2867.60770,0.00337
2866.64347,0.00352
2865.67924,0.00349
2864.71502,0.00341
2863.75079,0.00342
2862.78657,0.00351
2861.82234,0.00360
2860.85812,0.00360
2859.89389,0.00349
2858.92966,0.00331
2857.96544,0.00312
2857.00121,0.00301
2856.03699,0.00303
2855.07276,0.00311
2854.10853,0.00312
2853.14431,0.00299
2852.18008,0.00278
2851.21586,0.00264
2850.25163,0.00264
2849.28740,0.00273
2848.32318,0.00287
2847.35895,0.00304
2846.39473,0.00326
2845.43050,0.00345
2844.46628,0.00345
2843.50205,0.00319
2842.53782,0.00282
2841.57360,0.00262
2840.60937,0.00272
2839.64515,0.00299
2838.68092,0.00319
2837.71669,0.00317
2836.75247,0.00300
2835.78824,0.00278
2834.82402,0.00260
2833.85979,0.00245
2832.89557,0.00230
2831.93134,0.00218
2830.96711,0.00211
2830.00289,0.00206
2829.03866,0.00198
2828.07444,0.00192
2827.11021,0.00197
2826.14598,0.00223
2825.18176,0.00266
2824.21753,0.00309
2823.25331,0.00330
2822.28908,0.00318
2821.32486,0.00281
2820.36063,0.00239
2819.39640,0.00215
2818.43218,0.00221
2817.46795,0.00253
2816.50373,0.00291
2815.53950,0.00314
2814.57527,0.00309
2813.61105,0.00283
2812.64682,0.00254
2811.68260,0.00238
2810.71837,0.00239
2809.75414,0.00244
2808.78992,0.00239
2807.82569,0.00222
2806.86147,0.00203
2805.89724,0.00198
2804.93302,0.00214
2803.96879,0.00242
2803.00456,0.00262
2802.04034,0.00257
2801.07611,0.00229
2800.11189,0.00198
2799.14766,0.00189
2798.18343,0.00209
2797.21921,0.00242
2796.25498,0.00261
2795.29076,0.00253
2794.32653,0.00230
2793.36231,0.00209
2792.39808,0.00198
2791.43385,0.00192
2790.46963,0.00185
2789.50540,0.00185
2788.54118,0.00202
2787.57695,0.00234
2786.61272,0.00265
2785.64850,0.00273
2784.68427,0.00256
2783.72005,0.00231
2782.75582,0.00218
2781.79159,0.00226
2780.82737,0.00245
2779.86314,0.00257
2778.89892,0.00248
2777.93469,0.00218
2776.97047,0.00182
2776.00624,0.00157
2775.04201,0.00155
2774.07779,0.00175
2773.11356,0.00211
2772.14934,0.00251
2771.18511,0.00285
2770.22088,0.00303
2769.25666,0.00298
2768.29243,0.00277
2767.32821,0.00256
2766.36398,0.00258
2765.39976,0.00284
2764.43553,0.00313
2763.47130,0.00318
2762.50708,0.00290
2761.54285,0.00247
2760.57863,0.00219
2759.61440,0.00224
2758.65017,0.00254
2757.68595,0.00286
2756.72172,0.00301
2755.75750,0.00295
2754.79327,0.00271
2753.82905,0.00236
2752.86482,0.00198
2751.90059,0.00167
2750.93637,0.00160
2749.97214,0.00185
2749.00792,0.00232
2748.04369,0.00272
2747.07946,0.00278
2746.11524,0.00247
2745.15101,0.00205
2744.18679,0.00182
2743.22256,0.00186
2742.25833,0.00205
2741.29411,0.00221
2740.32988,0.00233
2739.36566,0.00247
2738.40143,0.00261
2737.43721,0.00263
2736.47298,0.00245
2735.50875,0.00221
2734.54453,0.00211
2733.58030,0.00223
2732.61608,0.00249
2731.65185,0.00274
2730.68762,0.00289
2729.72340,0.00290
2728.75917,0.00274
2727.79495,0.00241
2726.83072,0.00211
2725.86650,0.00209
2724.90227,0.00242
2723.93804,0.00286
2722.97382,0.00305
2722.00959,0.00285
2721.04537,0.00244
2720.08114,0.00209
2719.11691,0.00191
2718.15269,0.00182
2717.18846,0.00177
2716.22424,0.00176
2715.26001,0.00179
2714.29579,0.00177
2713.33156,0.00166
2712.36733,0.00152
2711.40311,0.00148
2710.43888,0.00156
2709.47466,0.00165
2708.51043,0.00165
2707.54620,0.00163
2706.58198,0.00167
2705.61775,0.00181
2704.65353,0.00193
2703.68930,0.00199
2702.72507,0.00209
2701.76085,0.00228
2700.79662,0.00249
2699.83240,0.00257
2698.86817,0.00246
2697.90395,0.00226
2696.93972,0.00210
2695.97549,0.00196
2695.01127,0.00174
2694.04704,0.00142
2693.08282,0.00117
2692.11859,0.00117
2691.15436,0.00142
2690.19014,0.00174
2689.22591,0.00194
2688.26169,0.00199
2687.29746,0.00196
2686.33324,0.00192
2685.36901,0.00188
2684.40478,0.00188
2683.44056,0.00197
2682.47633,0.00220
2681.51211,0.00251
2680.54788,0.00278
2679.58365,0.00291
2678.61943,0.00292
2677.65520,0.00292
2676.69098,0.00300
2675.72675,0.00308
2674.76252,0.00297
2673.79830,0.00256
2672.83407,0.00193
2671.86985,0.00138
2670.90562,0.00119
2669.94140,0.00140
2668.97717,0.00177
2668.01294,0.00198
2667.04872,0.00190
2666.08449,0.00158
2665.12027,0.00118
2664.15604,0.00089
2663.19181,0.00085
2662.22759,0.00111
2661.26336,0.00162
2660.29914,0.00213
2659.33491,0.00238
2658.37069,0.00227
2657.40646,0.00193
2656.44223,0.00162
2655.47801,0.00148
2654.51378,0.00147
2653.54956,0.00149
2652.58533,0.00151
2651.62110,0.00153
2650.65688,0.00155
2649.69265,0.00151
2648.72843,0.00143
2647.76420,0.00143
2646.79998,0.00158
2645.83575,0.00185
2644.87152,0.00211
2643.90730,0.00222
2642.94307,0.00218
2641.97885,0.00202
2641.01462,0.00181
2640.05039,0.00157
2639.08617,0.00141
2638.12194,0.00144
2637.15772,0.00172
2636.19349,0.00212
2635.22926,0.00244
2634.26504,0.00251
2633.30081,0.00233
2632.33659,0.00201
2631.37236,0.00168
2630.40814,0.00144
2629.44391,0.00138
2628.47968,0.00150
2627.51546,0.00173
2626.55123,0.00195
2625.58701,0.00214
2624.62278,0.00234
2623.65855,0.00261
2622.69433,0.00290
2621.73010,0.00305
2620.76588,0.00295
2619.80165,0.00266
2618.83743,0.00234
2617.87320,0.00214
2616.90897,0.00210
2615.94475,0.00217
2614.98052,0.00225
2614.01630,0.00225
2613.05207,0.00214
2612.08784,0.00197
2611.12362,0.00186
2610.15939,0.00189
2609.19517,0.00202
2608.23094,0.00217
2607.26672,0.00232
2606.30249,0.00250
2605.33826,0.00269
2604.37404,0.00276
2603.40981,0.00260
2602.44559,0.00223
2601.48136,0.00189
2600.51713,0.00180
2599.55291,0.00192
2598.58868,0.00205
2597.62446,0.00200
2596.66023,0.00181
2595.69600,0.00161
2594.73178,0.00150
2593.76755,0.00144
2592.80333,0.00141
2591.83910,0.00144
2590.87488,0.00154
2589.91065,0.00171
2588.94642,0.00190
2587.98220,0.00211
2587.01797,0.00236
2586.05375,0.00260
2585.08952,0.00272
2584.12529,0.00267
2583.16107,0.00248
2582.19684,0.00226
2581.23262,0.00207
2580.26839,0.00193
2579.30417,0.00184
2578.33994,0.00177
2577.37571,0.00170
2576.41149,0.00156
2575.44726,0.00139
2574.48304,0.00134
2573.51881,0.00154
2572.55458,0.00199
2571.59036,0.00248
2570.62613,0.00284
2569.66191,0.00296
2568.69768,0.00288
2567.73345,0.00262
2566.76923,0.00224
2565.80500,0.00190
2564.84078,0.00181
2563.87655,0.00204
2562.91233,0.00239
2561.94810,0.00257
2560.98387,0.00245
2560.01965,0.00221
2559.05542,0.00209
2558.09120,0.00214
2557.12697,0.00220
2556.16274,0.00214
2555.19852,0.00198
2554.23429,0.00184
2553.27007,0.00178
2552.30584,0.00174
2551.34162,0.00167
2550.37739,0.00156
2549.41316,0.00148
2548.44894,0.00149
2547.48471,0.00164
2546.52049,0.00190
2545.55626,0.00217
2544.59203,0.00229
2543.62781,0.00225
2542.66358,0.00214
2541.69936,0.00208
2540.73513,0.00205
2539.77091,0.00194
2538.80668,0.00171
2537.84245,0.00153
2536.87823,0.00161
2535.91400,0.00199
2534.94978,0.00240
2533.98555,0.00256
2533.02132,0.00236
2532.05710,0.00196
2531.09287,0.00155
2530.12865,0.00128
2529.16442,0.00123
2528.20019,0.00143
2527.23597,0.00182
2526.27174,0.00218
2525.30752,0.00234
2524.34329,0.00227
2523.37907,0.00218
2522.41484,0.00223
2521.45061,0.00238
2520.48639,0.00242
2519.52216,0.00226
2518.55794,0.00197
2517.59371,0.00177
2516.62948,0.00176
2515.66526,0.00193
2514.70103,0.00217
2513.73681,0.00236
2512.77258,0.00240
2511.80836,0.00225
2510.84413,0.00195
2509.87990,0.00164
2508.91568,0.00149
2507.95145,0.00155
2506.98723,0.00175
2506.02300,0.00197
2505.05877,0.00208
2504.09455,0.00205
2503.13032,0.00195
2502.16610,0.00189
2501.20187,0.00195
2500.23764,0.00211
2499.27342,0.00232
2498.30919,0.00247
2497.34497,0.00254
2496.38074,0.00253
2495.41652,0.00244
2494.45229,0.00227
2493.48806,0.00202
2492.52384,0.00178
2491.55961,0.00168
2490.59539,0.00176
2489.63116,0.00201
2488.66693,0.00239
2487.70271,0.00280
2486.73848,0.00316
2485.77426,0.00332
2484.81003,0.00319
2483.84581,0.00284
2482.88158,0.00240
2481.91735,0.00202
2480.95313,0.00174
2479.98890,0.00161
2479.02468,0.00168
2478.06045,0.00197
2477.09622,0.00233
2476.13200,0.00250
2475.16777,0.00233
2474.20355,0.00196
2473.23932,0.00170
2472.27510,0.00178
2471.31087,0.00210
2470.34664,0.00241
2469.38242,0.00255
2468.41819,0.00255
2467.45397,0.00252
2466.48974,0.00249
2465.52551,0.00241
2464.56129,0.00227
2463.59706,0.00211
2462.63284,0.00201
2461.66861,0.00197
2460.70438,0.00194
2459.74016,0.00192
2458.77593,0.00195
2457.81171,0.00209
2456.84748,0.00234
2455.88326,0.00258
2454.91903,0.00272
2453.95480,0.00272
2452.99058,0.00262
2452.02635,0.00247
2451.06213,0.00233
2450.09790,0.00225
2449.13367,0.00220
2448.16945,0.00218
2447.20522,0.00218
2446.24100,0.00220
2445.27677,0.00226
2444.31255,0.00238
2443.34832,0.00250
2442.38409,0.00258
2441.41987,0.00258
2440.45564,0.00251
2439.49142,0.00243
2438.52719,0.00241
2437.56296,0.00246
2436.59874,0.00256
2435.63451,0.00266
2434.67029,0.00271
2433.70606,0.00265
2432.74184,0.00246
2431.77761,0.00219
2430.81338,0.00199
2429.84916,0.00199
2428.88493,0.00217
2427.92071,0.00235
2426.95648,0.00238
2425.99225,0.00218
2425.02803,0.00189
2424.06380,0.00164
2423.09958,0.00154
2422.13535,0.00163
2421.17112,0.00187
2420.20690,0.00221
2419.24267,0.00253
2418.27845,0.00269
2417.31422,0.00265
2416.35000,0.00249
2415.38577,0.00237
2414.42154,0.00238
2413.45732,0.00247
2412.49309,0.00257
2411.52887,0.00268
2410.56464,0.00283
2409.60041,0.00298
2408.63619,0.00304
2407.67196,0.00296
2406.70774,0.00283
2405.74351,0.00279
2404.77929,0.00289
2403.81506,0.00303
2402.85083,0.00308
2401.88661,0.00300
2400.92238,0.00285
2399.95816,0.00276
2398.99393,0.00279
2398.02970,0.00293
2397.06548,0.00307
2396.10125,0.00307
2395.13703,0.00283
2394.17280,0.00240
2393.20857,0.00197
2392.24435,0.00172
2391.28012,0.00174
2390.31590,0.00198
2389.35167,0.00235
2388.38745,0.00276
2387.42322,0.00310
2386.45899,0.00325
2385.49477,0.00315
2384.53054,0.00288
2383.56632,0.00265
2382.60209,0.00257
2381.63786,0.00259
2380.67364,0.00255
2379.70941,0.00240
2378.74519,0.00228
2377.78096,0.00235
2376.81674,0.00263
2375.85251,0.00298
2374.88828,0.00323
2373.92406,0.00327
2372.95983,0.00310
2371.99561,0.00280
2371.03138,0.00253
2370.06715,0.00245
2369.10293,0.00266
2368.13870,0.00303
2367.17448,0.00333
2366.21025,0.00340
2365.24603,0.00328
2364.28180,0.00318
2363.31757,0.00321
2362.35335,0.00334
2361.38912,0.00341
2360.42490,0.00335
2359.46067,0.00317
2358.49644,0.00296
2357.53222,0.00279
2356.56799,0.00268
2355.60377,0.00261
2354.63954,0.00254
2353.67531,0.00245
2352.71109,0.00238
2351.74686,0.00241
2350.78264,0.00252
2349.81841,0.00266
2348.85419,0.00277
2347.88996,0.00288
2346.92573,0.00306
2345.96151,0.00327
2344.99728,0.00338
2344.03306,0.00330
2343.06883,0.00313
2342.10460,0.00306
2341.14038,0.00314
2340.17615,0.00319
2339.21193,0.00305
2338.24770,0.00274
2337.28348,0.00248
2336.31925,0.00239
2335.35502,0.00236
2334.39080,0.00221
2333.42657,0.00194
2332.46235,0.00178
2331.49812,0.00195
2330.53389,0.00244
2329.56967,0.00298
2328.60544,0.00326
2327.64122,0.00322
2326.67699,0.00297
2325.71277,0.00276
2324.74854,0.00280
2323.78431,0.00314
2322.82009,0.00366
2321.85586,0.00412
2320.89164,0.00435
2319.92741,0.00432
2318.96318,0.00410
2317.99896,0.00380
2317.03473,0.00345
2316.07051,0.00308
2315.10628,0.00280
2314.14205,0.00271
2313.17783,0.00283
2312.21360,0.00306
2311.24938,0.00325
2310.28515,0.00334
2309.32093,0.00335
2308.35670,0.00331
2307.39247,0.00323
2306.42825,0.00316
2305.46402,0.00316
2304.49980,0.00324
2303.53557,0.00332
2302.57134,0.00332
2301.60712,0.00323
2300.64289,0.00318
2299.67867,0.00324
2298.71444,0.00343
2297.75022,0.00360
2296.78599,0.00363
2295.82176,0.00346
2294.85754,0.00316
2293.89331,0.00280
2292.92909,0.00252
2291.96486,0.00242
2291.00063,0.00253
2290.03641,0.00276
2289.07218,0.00293
2288.10796,0.00290
2287.14373,0.00264
2286.17950,0.00231
2285.21528,0.00206
2284.25105,0.00196
2283.28683,0.00198
2282.32260,0.00205
2281.35838,0.00213
2280.39415,0.00228
2279.42992,0.00253
2278.46570,0.00283
2277.50147,0.00306
2276.53725,0.00311
2275.57302,0.00299
2274.60879,0.00285
2273.64457,0.00285
2272.68034,0.00304
2271.71612,0.00333
2270.75189,0.00357
2269.78767,0.00370
2268.82344,0.00373
2267.85921,0.00365
2266.89499,0.00345
2265.93076,0.00315
2264.96654,0.00287
2264.00231,0.00277
2263.03808,0.00289
2262.07386,0.00313
2261.10963,0.00331
2260.14541,0.00335
2259.18118,0.00328
2258.21696,0.00314
2257.25273,0.00297
2256.28850,0.00278
2255.32428,0.00265
2254.36005,0.00270
2253.39583,0.00296
2252.43160,0.00336
2251.46737,0.00377
2250.50315,0.00411
2249.53892,0.00434
2248.57470,0.00441
2247.61047,0.00424
2246.64624,0.00379
2245.68202,0.00316
2244.71779,0.00255
2243.75357,0.00215
2242.78934,0.00203
2241.82512,0.00216
2240.86089,0.00249
2239.89666,0.00295
2238.93244,0.00337
2237.96821,0.00354
2237.00399,0.00334
2236.03976,0.00289
2235.07553,0.00250
2234.11131,0.00242
2233.14708,0.00263
2232.18286,0.00291
2231.21863,0.00306
2230.25441,0.00310
2229.29018,0.00317
2228.32595,0.00333
2227.36173,0.00347
2226.39750,0.00343
2225.43328,0.00320
2224.46905,0.00292
2223.50482,0.00275
2222.54060,0.00272
2221.57637,0.00275
2220.61215,0.00279
2219.64792,0.00286
2218.68369,0.00305
2217.71947,0.00333
2216.75524,0.00354
2215.79102,0.00354
2214.82679,0.00333
2213.86257,0.00314
2212.89834,0.00314
2211.93411,0.00333
2210.96989,0.00352
2210.00566,0.00355
2209.04144,0.00342
2208.07721,0.00325
2207.11298,0.00312
2206.14876,0.00300
2205.18453,0.00284
2204.22031,0.00275
2203.25608,0.00285
2202.29186,0.00318
2201.32763,0.00352
2200.36340,0.00362
2199.39918,0.00342
2198.43495,0.00310
2197.47073,0.00291
2196.50650,0.00294
2195.54227,0.00312
2194.57805,0.00334
2193.61382,0.00356
2192.64960,0.00379
2191.68537,0.00397
2190.72115,0.00405
2189.75692,0.00399
2188.79269,0.00382
2187.82847,0.00362
2186.86424,0.00341
2185.90002,0.00325
2184.93579,0.00321
2183.97156,0.00332
2183.00734,0.00350
2182.04311,0.00361
2181.07889,0.00357
2180.11466,0.00341
2179.15043,0.00330
2178.18621,0.00334
2177.22198,0.00352
2176.25776,0.00373
2175.29353,0.00390
2174.32931,0.00397
2173.36508,0.00397
2172.40085,0.00395
2171.43663,0.00396
2170.47240,0.00403
2169.50818,0.00406
2168.54395,0.00399
2167.57972,0.00382
2166.61550,0.00366
2165.65127,0.00364
2164.68705,0.00378
2163.72282,0.00399
2162.75860,0.00418
2161.79437,0.00430
2160.83014,0.00434
2159.86592,0.00426
2158.90169,0.00401
2157.93747,0.00363
2156.97324,0.00325
2156.00901,0.00297
2155.04479,0.00280
2154.08056,0.00270
2153.11634,0.00273
2152.15211,0.00298
2151.18789,0.00344
2150.22366,0.00391
2149.25943,0.00414
2148.29521,0.00402
2147.33098,0.00368
2146.36676,0.00336
2145.40253,0.00326
2144.43830,0.00340
2143.47408,0.00373
2142.50985,0.00415
2141.54563,0.00450
2140.58140,0.00467
2139.61717,0.00464
2138.65295,0.00455
2137.68872,0.00458
2136.72450,0.00479
2135.76027,0.00509
2134.79605,0.00539
2133.83182,0.00568
2132.86759,0.00603
2131.90337,0.00649
2130.93914,0.00699
2129.97492,0.00745
2129.01069,0.00782
2128.04646,0.00812
2127.08224,0.00835
2126.11801,0.00848
2125.15379,0.00853
2124.18956,0.00854
2123.22534,0.00859
2122.26111,0.00867
2121.29688,0.00871
2120.33266,0.00862
2119.36843,0.00843
2118.40421,0.00821
2117.43998,0.00808
2116.47575,0.00808
2115.51153,0.00815
2114.54730,0.00822
2113.58308,0.00819
2112.61885,0.00803
2111.65462,0.00776
2110.69040,0.00745
2109.72617,0.00719
2108.76195,0.00703
2107.79772,0.00694
2106.83350,0.00681
2105.86927,0.00655
2104.90504,0.00613
2103.94082,0.00564
2102.97659,0.00520
2102.01237,0.00493
2101.04814,0.00485
2100.08391,0.00491
2099.11969,0.00503
2098.15546,0.00507
2097.19124,0.00493
2096.22701,0.00463
2095.26279,0.00433
2094.29856,0.00422
2093.33433,0.00434
2092.37011,0.00452
2091.40588,0.00456
2090.44166,0.00441
2089.47743,0.00422
2088.51320,0.00413
2087.54898,0.00415
2086.58475,0.00412
2085.62053,0.00396
2084.65630,0.00372
2083.69208,0.00351
2082.72785,0.00340
2081.76362,0.00334
2080.79940,0.00330
2079.83517,0.00329
2078.87095,0.00331
2077.90672,0.00330
2076.94249,0.00319
2075.97827,0.00304
2075.01404,0.00296
2074.04982,0.00301
2073.08559,0.00311
2072.12136,0.00312
2071.15714,0.00301
2070.19291,0.00284
2069.22869,0.00271
2068.26446,0.00266
2067.30024,0.00270
2066.33601,0.00285
2065.37178,0.00311
2064.40756,0.00338
2063.44333,0.00352
2062.47911,0.00347
2061.51488,0.00332
2060.55065,0.00322
2059.58643,0.00329
2058.62220,0.00346
2057.65798,0.00358
2056.69375,0.00354
2055.72953,0.00339
2054.76530,0.00323
2053.80107,0.00321
2052.83685,0.00336
2051.87262,0.00360
2050.90840,0.00380
2049.94417,0.00392
2048.97994,0.00395
2048.01572,0.00394
2047.05149,0.00383
2046.08727,0.00359
2045.12304,0.00326
2044.15882,0.00301
2043.19459,0.00300
2042.23036,0.00318
2041.26614,0.00336
2040.30191,0.00338
2039.33769,0.00324
2038.37346,0.00307
2037.40923,0.00292
2036.44501,0.00279
2035.48078,0.00266
2034.51656,0.00260
2033.55233,0.00271
2032.58810,0.00294
2031.62388,0.00316
2030.65965,0.00324
2029.69543,0.00318
2028.73120,0.00306
2027.76698,0.00292
2026.80275,0.00278
2025.83852,0.00265
2024.87430,0.00258
2023.91007,0.00260
2022.94585,0.00271
2021.98162,0.00288
2021.01739,0.00307
2020.05317,0.00327
2019.08894,0.00339
2018.12472,0.00335
2017.16049,0.00314
2016.19627,0.00287
2015.23204,0.00266
2014.26781,0.00256
2013.30359,0.00253
2012.33936,0.00252
2011.37514,0.00252
2010.41091,0.00249
2009.44668,0.00242
2008.48246,0.00235
2007.51823,0.00234
2006.55401,0.00246
2005.58978,0.00270
2004.62555,0.00298
2003.66133,0.00319
2002.69710,0.00335
2001.73288,0.00348
2000.76865,0.00359
1999.80443,0.00361
1998.84020,0.00353
1997.87597,0.00338
1996.91175,0.00325
1995.94752,0.00318
1994.98330,0.00314
1994.01907,0.00304
1993.05484,0.00284
1992.09062,0.00256
1991.12639,0.00229
1990.16217,0.00217
1989.19794,0.00224
1988.23372,0.00240
1987.26949,0.00249
1986.30526,0.00246
1985.34104,0.00244
1984.37681,0.00262
1983.41259,0.00299
1982.44836,0.00336
1981.48413,0.00353
1980.51991,0.00350
1979.55568,0.00343
1978.59146,0.00344
1977.62723,0.00350
1976.66301,0.00352
1975.69878,0.00349
1974.73455,0.00343
1973.77033,0.00332
1972.80610,0.00303
1971.84188,0.00257
1970.87765,0.00211
1969.91342,0.00190
1968.94920,0.00202
1967.98497,0.00230
1967.02075,0.00244
1966.05652,0.00236
1965.09229,0.00221
1964.12807,0.00223
1963.16384,0.00251
1962.19962,0.00294
1961.23539,0.00332
1960.27117,0.00352
1959.30694,0.00355
1958.34271,0.00346
1957.37849,0.00329
1956.41426,0.00305
1955.45004,0.00281
1954.48581,0.00264
1953.52158,0.00262
1952.55736,0.00273
1951.59313,0.00285
1950.62891,0.00291
1949.66468,0.00291
1948.70046,0.00296
1947.73623,0.00308
1946.77200,0.00317
1945.80778,0.00310
1944.84355,0.00283
1943.87933,0.00247
1942.91510,0.00221
1941.95087,0.00216
1940.98665,0.00230
1940.02242,0.00251
1939.05820,0.00266
1938.09397,0.00267
1937.12974,0.00260
1936.16552,0.00258
1935.20129,0.00271
1934.23707,0.00296
1933.27284,0.00317
1932.30862,0.00319
1931.34439,0.00305
1930.38016,0.00291
1929.41594,0.00289
1928.45171,0.00300
1927.48749,0.00307
1926.52326,0.00295
1925.55903,0.00260
1924.59481,0.00210
1923.63058,0.00163
1922.66636,0.00140
1921.70213,0.00148
1920.73791,0.00182
1919.77368,0.00223
1918.80945,0.00254
1917.84523,0.00272
1916.88100,0.00282
1915.91678,0.00286
1914.95255,0.00279
1913.98832,0.00259
1913.02410,0.00230
1912.05987,0.00207
1911.09565,0.00200
1910.13142,0.00214
1909.16720,0.00242
1908.20297,0.00274
1907.23874,0.00298
1906.27452,0.00299
1905.31029,0.00275
1904.34607,0.00240
1903.38184,0.00220
1902.41761,0.00224
1901.45339,0.00242
1900.48916,0.00254
1899.52494,0.00253
1898.56071,0.00244
1897.59648,0.00234
1896.63226,0.00222
1895.66803,0.00208
1894.70381,0.00199
1893.73958,0.00209
1892.77536,0.00241
1891.81113,0.00275
1890.84690,0.00288
1889.88268,0.00275
1888.91845,0.00251
1887.95423,0.00241
1886.99000,0.00252
1886.02577,0.00274
1885.06155,0.00288
1884.09732,0.00282
1883.13310,0.00260
1882.16887,0.00236
1881.20465,0.00226
1880.24042,0.00231
1879.27619,0.00240
1878.31197,0.00238
1877.34774,0.00223
1876.38352,0.00207
1875.41929,0.00200
1874.45506,0.00203
1873.49084,0.00213
1872.52661,0.00228
1871.56239,0.00247
1870.59816,0.00266
1869.63394,0.00273
1868.66971,0.00257
1867.70548,0.00226
1866.74126,0.00199
1865.77703,0.00190
1864.81281,0.00197
1863.84858,0.00208
1862.88435,0.00220
1861.92013,0.00234
1860.95590,0.00251
1859.99168,0.00267
1859.02745,0.00275
1858.06322,0.00274
1857.09900,0.00268
1856.13477,0.00255
1855.17055,0.00235
1854.20632,0.00209
1853.24210,0.00187
1852.27787,0.00173
1851.31364,0.00169
1850.34942,0.00173
1849.38519,0.00190
1848.42097,0.00223
1847.45674,0.00265
1846.49251,0.00296
1845.52829,0.00303
1844.56406,0.00291
1843.59984,0.00277
1842.63561,0.00275
1841.67139,0.00282
1840.70716,0.00287
1839.74293,0.00282
1838.77871,0.00268
1837.81448,0.00253
1836.85026,0.00242
1835.88603,0.00237
1834.92180,0.00243
1833.95758,0.00261
1832.99335,0.00281
1832.02913,0.00295
1831.06490,0.00298
1830.10067,0.00292
1829.13645,0.00287
1828.17222,0.00289
1827.20800,0.00302
1826.24377,0.00324
1825.27955,0.00346
1824.31532,0.00354
1823.35109,0.00340
1822.38687,0.00311
1821.42264,0.00284
1820.45842,0.00275
1819.49419,0.00283
1818.52996,0.00291
1817.56574,0.00290
1816.60151,0.00286
1815.63729,0.00291
1814.67306,0.00309
1813.70884,0.00329
1812.74461,0.00336
1811.78038,0.00326
1810.81616,0.00309
1809.85193,0.00298
1808.88771,0.00295
1807.92348,0.00294
1806.95925,0.00288
1805.99503,0.00276
1805.03080,0.00264
1804.06658,0.00261
1803.10235,0.00271
1802.13813,0.00290
1801.17390,0.00312
1800.20967,0.00330
1799.24545,0.00342
1798.28122,0.00351
1797.31700,0.00357
1796.35277,0.00359
1795.38854,0.00359
1794.42432,0.00359
1793.46009,0.00364
1792.49587,0.00373
1791.53164,0.00376
1790.56741,0.00363
1789.60319,0.00335
1788.63896,0.00308
1787.67474,0.00301
1786.71051,0.00319
1785.74629,0.00353
1784.78206,0.00380
1783.81783,0.00381
1782.85361,0.00355
1781.88938,0.00318
1780.92516,0.00289
1779.96093,0.00280
1778.99670,0.00290
1778.03248,0.00307
1777.06825,0.00322
1776.10403,0.00330
1775.13980,0.00333
1774.17558,0.00336
1773.21135,0.00343
1772.24712,0.00354
1771.28290,0.00371
1770.31867,0.00394
1769.35445,0.00418
1768.39022,0.00438
1767.42599,0.00446
1766.46177,0.00433
1765.49754,0.00404
1764.53332,0.00372
1763.56909,0.00353
1762.60487,0.00354
1761.64064,0.00369
1760.67641,0.00387
1759.71219,0.00399
1758.74796,0.00406
1757.78374,0.00410
1756.81951,0.00416
1755.85528,0.00426
1754.89106,0.00438
1753.92683,0.00453
1752.96261,0.00465
1751.99838,0.00471
1751.03415,0.00468
1750.06993,0.00460
1749.10570,0.00456
1748.14148,0.00457
1747.17725,0.00463
1746.21303,0.00473
1745.24880,0.00487
1744.28457,0.00505
1743.32035,0.00520
1742.35612,0.00518
1741.39190,0.00492
1740.42767,0.00452
1739.46344,0.00419
1738.49922,0.00415
1737.53499,0.00443
1736.57077,0.00491
1735.60654,0.00544
1734.64232,0.00586
1733.67809,0.00610
1732.71386,0.00613
1731.74964,0.00601
1730.78541,0.00584
1729.82119,0.00572
1728.85696,0.00571
1727.89273,0.00576
1726.92851,0.00579
1725.96428,0.00573
1725.00006,0.00557
1724.03583,0.00539
1723.07160,0.00528
1722.10738,0.00533
1721.14315,0.00553
1720.17893,0.00586
1719.21470,0.00625
1718.25048,0.00662
1717.28625,0.00686
1716.32202,0.00689
1715.35780,0.00676
1714.39357,0.00663
1713.42935,0.00668
1712.46512,0.00694
1711.50089,0.00722
1710.53667,0.00732
1709.57244,0.00720
1708.60822,0.00700
1707.64399,0.00696
1706.67977,0.00715
1705.71554,0.00747
1704.75131,0.00778
1703.78709,0.00799
1702.82286,0.00810
1701.85864,0.00813
1700.89441,0.00807
1699.93018,0.00798
1698.96596,0.00801
1698.00173,0.00830
1697.03751,0.00879
1696.07328,0.00926
1695.10906,0.00944
1694.14483,0.00930
1693.18060,0.00903
1692.21638,0.00891
1691.25215,0.00906
1690.28793,0.00940
1689.32370,0.00976
1688.35947,0.01003
1687.39525,0.01016
1686.43102,0.01020
1685.46680,0.01015
1684.50257,0.01007
1683.53834,0.00999
1682.57412,0.00999
1681.60989,0.01006
1680.64567,0.01020
1679.68144,0.01036
1678.71722,0.01052
1677.75299,0.01064
1676.78876,0.01066
1675.82454,0.01055
1674.86031,0.01035
1673.89609,0.01019
1672.93186,0.01018
1671.96763,0.01036
1671.00341,0.01069
1670.03918,0.01111
1669.07496,0.01153
1668.11073,0.01188
1667.14651,0.01203
1666.18228,0.01192
1665.21805,0.01162
1664.25383,0.01133
1663.28960,0.01124
1662.32538,0.01135
1661.36115,0.01150
1660.39692,0.01155
1659.43270,0.01144
1658.46847,0.01128
1657.50425,0.01117
1656.54002,0.01118
1655.57579,0.01131
1654.61157,0.01150
1653.64734,0.01167
1652.68312,0.01174
1651.71889,0.01172
1650.75467,0.01168
1649.79044,0.01173
1648.82621,0.01191
1647.86199,0.01214
1646.89776,0.01231
1645.93354,0.01234
1644.96931,0.01224
1644.00508,0.01210
1643.04086,0.01199
1642.07663,0.01195
1641.11241,0.01191
1640.14818,0.01179
1639.18396,0.01156
1638.21973,0.01130
1637.25550,0.01117
1636.29128,0.01121
1635.32705,0.01128
1634.36283,0.01118
1633.39860,0.01086
1632.43437,0.01052
1631.47015,0.01040
1630.50592,0.01055
1629.54170,0.01076
1628.57747,0.01080
1627.61325,0.01063
1626.64902,0.01040
1625.68479,0.01028
1624.72057,0.01027
1623.75634,0.01027
1622.79212,0.01018
1621.82789,0.00995
1620.86366,0.00961
1619.89944,0.00923
1618.93521,0.00892
1617.97099,0.00876
1617.00676,0.00877
1616.04253,0.00884
1615.07831,0.00884
1614.11408,0.00874
1613.14986,0.00853
1612.18563,0.00825
1611.22141,0.00793
1610.25718,0.00763
1609.29295,0.00744
1608.32873,0.00740
1607.36450,0.00741
1606.40028,0.00735
1605.43605,0.00719
1604.47182,0.00706
1603.50760,0.00710
1602.54337,0.00729
1601.57915,0.00753
1600.61492,0.00769
1599.65070,0.00778
1598.68647,0.00781
1597.72224,0.00777
1596.75802,0.00761
1595.79379,0.00737
1594.82957,0.00715
1593.86534,0.00703
1592.90111,0.00701
1591.93689,0.00701
1590.97266,0.00690
1590.00844,0.00665
1589.04421,0.00625
1588.07999,0.00581
1587.11576,0.00546
1586.15153,0.00537
1585.18731,0.00556
1584.22308,0.00592
1583.25886,0.00628
1582.29463,0.00653
1581.33040,0.00665
1580.36618,0.00666
1579.40195,0.00655
1578.43773,0.00633
1577.47350,0.00606
1576.50927,0.00581
1575.54505,0.00564
1574.58082,0.00556
1573.61660,0.00558
1572.65237,0.00571
1571.68815,0.00589
1570.72392,0.00602
1569.75969,0.00600
1568.79547,0.00583
1567.83124,0.00561
1566.86702,0.00540
1565.90279,0.00521
1564.93856,0.00502
1563.97434,0.00485
1563.01011,0.00474
1562.04589,0.00472
1561.08166,0.00482
1560.11744,0.00502
1559.15321,0.00528
1558.18898,0.00547
1557.22476,0.00540
1556.26053,0.00507
1555.29631,0.00469
1554.33208,0.00457
1553.36785,0.00483
1552.40363,0.00526
1551.43940,0.00554
1550.47518,0.00549
1549.51095,0.00525
1548.54672,0.00511
1547.58250,0.00522
1546.61827,0.00553
1545.65405,0.00583
1544.68982,0.00593
1543.72560,0.00573
1542.76137,0.00534
1541.79714,0.00495
1540.83292,0.00476
1539.86869,0.00478
1538.90447,0.00485
1537.94024,0.00478
1536.97601,0.00458
1536.01179,0.00444
1535.04756,0.00453
1534.08334,0.00481
1533.11911,0.00507
1532.15489,0.00511
1531.19066,0.00494
1530.22643,0.00470
1529.26221,0.00456
1528.29798,0.00452
1527.33376,0.00452
1526.36953,0.00449
1525.40530,0.00444
1524.44108,0.00446
1523.47685,0.00465
1522.51263,0.00498
1521.54840,0.00528
1520.58418,0.00534
1519.61995,0.00509
1518.65572,0.00474
1517.69150,0.00454
1516.72727,0.00462
1515.76305,0.00487
1514.79882,0.00510
1513.83459,0.00521
1512.87037,0.00525
1511.90614,0.00531
1510.94192,0.00541
1509.97769,0.00552
1509.01346,0.00560
1508.04924,0.00563
1507.08501,0.00554
1506.12079,0.00527
1505.15656,0.00485
1504.19234,0.00446
1503.22811,0.00428
1502.26388,0.00437
1501.29966,0.00457
1500.33543,0.00472
1499.37121,0.00471
1498.40698,0.00459
1497.44275,0.00447
1496.47853,0.00442
1495.51430,0.00445
1494.55008,0.00450
1493.58585,0.00449
1492.62163,0.00440
1491.65740,0.00427
1490.69317,0.00426
1489.72895,0.00449
1488.76472,0.00489
1487.80050,0.00523
1486.83627,0.00527
1485.87204,0.00498
1484.90782,0.00456
1483.94359,0.00423
1482.97937,0.00409
1482.01514,0.00408
1481.05092,0.00412
1480.08669,0.00415
1479.12246,0.00412
1478.15824,0.00397
1477.19401,0.00377
1476.22979,0.00369
1475.26556,0.00395
1474.30133,0.00448
1473.33711,0.00492
1472.37288,0.00484
1471.40866,0.00416
1470.44443,0.00322
1469.48020,0.00256
1468.51598,0.00242
1467.55175,0.00271
1466.58753,0.00313
1465.62330,0.00341
1464.65908,0.00348
1463.69485,0.00344
1462.73062,0.00346
1461.76640,0.00369
1460.80217,0.00418
1459.83795,0.00475
1458.87372,0.00516
1457.90949,0.00517
1456.94527,0.00473
1455.98104,0.00399
1455.01682,0.00324
1454.05259,0.00283
1453.08837,0.00296
1452.12414,0.00352
1451.15991,0.00405
1450.19569,0.00402
1449.23146,0.00335
1448.26724,0.00247
1447.30301,0.00203
1446.33878,0.00225
1445.37456,0.00284
1444.41033,0.00336
1443.44611,0.00366
1442.48188,0.00387
1441.51765,0.00406
1440.55343,0.00409
1439.58920,0.00381
1438.62498,0.00334
1437.66075,0.00300
1436.69653,0.00301
1435.73230,0.00339
1434.76807,0.00405
1433.80385,0.00500
1432.83962,0.00614
1431.87540,0.00712
1430.91117,0.00742
1429.94694,0.00677
1428.98272,0.00553
1428.01849,0.00442
1427.05427,0.00403
1426.09004,0.00438
1425.12582,0.00504
1424.16159,0.00558
1423.19736,0.00589
1422.23314,0.00610
1421.26891,0.00629
1420.30469,0.00632
1419.34046,0.00596
1418.37623,0.00519
1417.41201,0.00424
1416.44778,0.00343
1415.48356,0.00294
1414.51933,0.00275
1413.55511,0.00279
1412.59088,0.00300
1411.62665,0.00338
1410.66243,0.00389
1409.69820,0.00441
1408.73398,0.00487
1407.76975,0.00520
1406.80552,0.00534
1405.84130,0.00521
1404.87707,0.00479
1403.91285,0.00422
1402.94862,0.00381
1401.98439,0.00376
1401.02017,0.00411
1400.05594,0.00470
1399.09172,0.00529
1398.12749,0.00567
1397.16327,0.00568
1396.19904,0.00528
1395.23481,0.00461
1394.27059,0.00391
1393.30636,0.00343
1392.34214,0.00325
1391.37791,0.00333
1390.41368,0.00359
1389.44946,0.00398
1388.48523,0.00437
1387.52101,0.00458
1386.55678,0.00446
1385.59256,0.00405
1384.62833,0.00356
1383.66410,0.00317
1382.69988,0.00295
1381.73565,0.00289
1380.77143,0.00298
1379.80720,0.00325
1378.84297,0.00367
1377.87875,0.00410
1376.91452,0.00441
1375.95030,0.00456
1374.98607,0.00458
1374.02184,0.00461
1373.05762,0.00483
1372.09339,0.00535
1371.12917,0.00605
1370.16494,0.00661
1369.20072,0.00673
1368.23649,0.00640
1367.27226,0.00586
1366.30804,0.00532
1365.34381,0.00477
1364.37959,0.00419
1363.41536,0.00380
1362.45113,0.00389
1361.48691,0.00444
1360.52268,0.00495
1359.55846,0.00493
1358.59423,0.00442
1357.63001,0.00393
1356.66578,0.00381
1355.70155,0.00389
1354.73733,0.00371
1353.77310,0.00321
1352.80888,0.00277
1351.84465,0.00278
1350.88042,0.00321
1349.91620,0.00367
1348.95197,0.00391
1347.98775,0.00396
1347.02352,0.00400
1346.05930,0.00413
1345.09507,0.00441
1344.13084,0.00487
1343.16662,0.00542
1342.20239,0.00574
1341.23817,0.00549
1340.27394,0.00472
1339.30971,0.00390
1338.34549,0.00350
1337.38126,0.00354
1336.41704,0.00364
1335.45281,0.00349
1334.48858,0.00323
1333.52436,0.00320
1332.56013,0.00358
1331.59591,0.00427
1330.63168,0.00507
1329.66746,0.00579
1328.70323,0.00621
1327.73900,0.00609
1326.77478,0.00536
1325.81055,0.00437
1324.84633,0.00369
1323.88210,0.00361
1322.91787,0.00394
1321.95365,0.00419
1320.98942,0.00406
1320.02520,0.00354
1319.06097,0.00282
1318.09675,0.00217
1317.13252,0.00185
1316.16829,0.00212
1315.20407,0.00297
1314.23984,0.00410
1313.27562,0.00503
1312.31139,0.00540
1311.34716,0.00518
1310.38294,0.00455
1309.41871,0.00379
1308.45449,0.00317
1307.49026,0.00289
1306.52604,0.00295
1305.56181,0.00315
1304.59758,0.00324
1303.63336,0.00312
1302.66913,0.00297
1301.70491,0.00295
1300.74068,0.00308
1299.77645,0.00327
1298.81223,0.00343
1297.84800,0.00355
1296.88378,0.00358
1295.91955,0.00348
1294.95532,0.00336
1293.99110,0.00349
1293.02687,0.00403
1292.06265,0.00485
1291.09842,0.00553
1290.13420,0.00580
1289.16997,0.00574
1288.20574,0.00565
1287.24152,0.00574
1286.27729,0.00599
1285.31307,0.00626
1284.34884,0.00645
1283.38461,0.00642
1282.42039,0.00609
1281.45616,0.00549
1280.49194,0.00482
1279.52771,0.00436
1278.56349,0.00421
1277.59926,0.00424
1276.63503,0.00425
1275.67081,0.00424
1274.70658,0.00426
1273.74236,0.00430
1272.77813,0.00423
1271.81390,0.00393
1270.84968,0.00355
1269.88545,0.00341
1268.92123,0.00375
1267.95700,0.00448
1266.99277,0.00518
1266.02855,0.00540
1265.06432,0.00495
1264.10010,0.00404
1263.13587,0.00315
1262.17165,0.00271
1261.20742,0.00278
1260.24319,0.00310
1259.27897,0.00333
1258.31474,0.00341
1257.35052,0.00348
1256.38629,0.00370
1255.42206,0.00396
1254.45784,0.00402
1253.49361,0.00374
1252.52939,0.00327
1251.56516,0.00287
1250.60094,0.00272
1249.63671,0.00279
1248.67248,0.00293
1247.70826,0.00304
1246.74403,0.00306
1245.77981,0.00304
1244.81558,0.00300
1243.85135,0.00300
1242.88713,0.00311
1241.92290,0.00336
1240.95868,0.00373
1239.99445,0.00410
1239.03023,0.00427
1238.06600,0.00406
1237.10177,0.00342
1236.13755,0.00251
1235.17332,0.00169
1234.20910,0.00135
1233.24487,0.00168
1232.28064,0.00260
1231.31642,0.00378
1230.35219,0.00480
1229.38797,0.00527
1228.42374,0.00508
1227.45951,0.00444
1226.49529,0.00377
1225.53106,0.00337
1224.56684,0.00324
1223.60261,0.00317
1222.63839,0.00305
1221.67416,0.00312
1220.70993,0.00375
1219.74571,0.00501
1218.78148,0.00650
1217.81726,0.00760
1216.85303,0.00781
1215.88880,0.00706
1214.92458,0.00566
1213.96035,0.00415
1212.99613,0.00306
1212.03190,0.00266
1211.06768,0.00274
1210.10345,0.00280
1209.13922,0.00246
1208.17500,0.00183
1207.21077,0.00136
1206.24655,0.00142
1205.28232,0.00192
1204.31809,0.00260
1203.35387,0.00333
1202.38964,0.00415
1201.42542,0.00495
1200.46119,0.00538
1199.49697,0.00523
1198.53274,0.00474
1197.56851,0.00445
1196.60429,0.00458
1195.64006,0.00477
1194.67584,0.00455
1193.71161,0.00390
1192.74738,0.00323
1191.78316,0.00286
1190.81893,0.00263
1189.85471,0.00225
1188.89048,0.00183
1187.92625,0.00183
1186.96203,0.00244
1185.99780,0.00323
1185.03358,0.00353
1184.06935,0.00313
1183.10513,0.00239
1182.14090,0.00186
1181.17667,0.00172
1180.21245,0.00183
1179.24822,0.00209
1178.28400,0.00251
1177.31977,0.00297
1176.35554,0.00315
1175.39132,0.00273
1174.42709,0.00176
1173.46287,0.00071
1172.49864,0.00009
1171.53442,0.00008
1170.57019,0.00043
1169.60596,0.00072
1168.64174,0.00067
1167.67751,0.00040
1166.71329,0.00037
1165.74906,0.00106
1164.78483,0.00254
1163.82061,0.00425
1162.85638,0.00537
1161.89216,0.00536
1160.92793,0.00439
1159.96370,0.00310
1158.99948,0.00204
1158.03525,0.00136
1157.07103,0.00099
1156.10680,0.00090
1155.14258,0.00112
1154.17835,0.00158
1153.21412,0.00206
1152.24990,0.00246
1151.28567,0.00295
1150.32145,0.00379
1149.35722,0.00485
1148.39299,0.00549
1147.42877,0.00510
1146.46454,0.00362
1145.50032,0.00177
1144.53609,0.00036
1143.57187,-0.00035
1142.60764,-0.00080
1141.64341,-0.00148
1140.67919,-0.00224
1139.71496,-0.00232
1138.75074,-0.00116
1137.78651,0.00090
1136.82228,0.00280
1135.85806,0.00363
1134.89383,0.00334
1133.92961,0.00277
1132.96538,0.00279
1132.00116,0.00364
1131.03693,0.00479
1130.07270,0.00549
1129.10848,0.00523
1128.14425,0.00393
1127.18003,0.00181
1126.21580,-0.00066
1125.25157,-0.00278
1124.28735,-0.00389
1123.32312,-0.00383
1122.35890,-0.00323
1121.39467,-0.00306
1120.43044,-0.00371
1119.46622,-0.00442
1118.50199,-0.00388
1117.53777,-0.00159
1116.57354,0.00141
1115.60932,0.00331
1114.64509,0.00314
1113.68086,0.00144
1112.71664,-0.00044
1111.75241,-0.00155
1110.78819,-0.00185
1109.82396,-0.00162
1108.85973,-0.00087
1107.89551,0.00042
1106.93128,0.00186
1105.96706,0.00265
1105.00283,0.00237
1104.03861,0.00140
1103.07438,0.00057
1102.11015,0.00029
1101.14593,0.00027
1100.18170,0.00001
1099.21748,-0.00066
1098.25325,-0.00145
1097.28902,-0.00202
1096.32480,-0.00208
1095.36057,-0.00145
1094.39635,-0.00019
1093.43212,0.00128
1092.46790,0.00218
1091.50367,0.00190
1090.53944,0.00062
1089.57522,-0.00081
1088.61099,-0.00156
1087.64677,-0.00133
1086.68254,-0.00048
1085.71831,0.00046
1084.75409,0.00115
1083.78986,0.00157
1082.82564,0.00189
1081.86141,0.00218
1080.89718,0.00234
1079.93296,0.00212
1078.96873,0.00144
1078.00451,0.00068
1077.04028,0.00056
1076.07606,0.00152
1075.11183,0.00311
1074.14760,0.00427
1073.18338,0.00426
1072.21915,0.00326
1071.25493,0.00212
1070.29070,0.00135
1069.32647,0.00071
1068.36225,-0.00036
1067.39802,-0.00184
1066.43380,-0.00288
1065.46957,-0.00245
1064.50535,-0.00031
1063.54112,0.00278
1062.57689,0.00556
1061.61267,0.00705
1060.64844,0.00702
1059.68422,0.00578
1058.71999,0.00386
1057.75576,0.00186
1056.79154,0.00039
1055.82731,-0.00007
1054.86309,0.00062
1053.89886,0.00208
1052.93463,0.00352
1051.97041,0.00419
1051.00618,0.00380
1050.04196,0.00266
1049.07773,0.00136
1048.11351,0.00049
1047.14928,0.00041
1046.18505,0.00120
1045.22083,0.00274
1044.25660,0.00462
1043.29238,0.00624
1042.32815,0.00708
1041.36392,0.00690
1040.39970,0.00593
1039.43547,0.00463
1038.47125,0.00346
1037.50702,0.00262
1036.54280,0.00200
1035.57857,0.00133
1034.61434,0.00061
1033.65012,0.00021
1032.68589,0.00063
1031.72167,0.00198
1030.75744,0.00374
1029.79321,0.00510
1028.82899,0.00555
1027.86476,0.00524
1026.90054,0.00472
1025.93631,0.00436
1024.97209,0.00428
1024.00786,0.00442
1023.04363,0.00474
1022.07941,0.00504
1021.11518,0.00494
1020.15096,0.00418
1019.18673,0.00302
1018.22250,0.00205
1017.25828,0.00155
1016.29405,0.00112
1015.32983,0.00022
1014.36560,-0.00102
1013.40137,-0.00171
1012.43715,-0.00116
1011.47292,0.00017
1010.50870,0.00106
1009.54447,0.00078
1008.58025,-0.00019
1007.61602,-0.00073
1006.65179,-0.00038
1005.68757,0.00027
1004.72334,0.00043
1003.75912,0.00007
1002.79489,-0.00011
1001.83066,0.00042
1000.86644,0.00133
999.90221,0.00177
998.93799,0.00124
997.97376,0.00002
997.00954,-0.00110
996.04531,-0.00141
995.08108,-0.00069
994.11686,0.00079
993.15263,0.00235
992.18841,0.00311
991.22418,0.00244
990.25995,0.00037
989.29573,-0.00220
988.33150,-0.00407
987.36728,-0.00439
986.40305,-0.00314
985.43882,-0.00100
984.47460,0.00110
983.51037,0.00223
982.54615,0.00162
981.58192,-0.00093
980.61770,-0.00458
979.65347,-0.00758
978.68924,-0.00828
977.72502,-0.00635
976.76079,-0.00320
975.79657,-0.00095
974.83234,-0.00062
973.86811,-0.00131
972.90389,-0.00118
971.93966,0.00062
970.97544,0.00315
970.01121,0.00479
969.04699,0.00486
968.08276,0.00406
967.11853,0.00328
966.15431,0.00264
965.19008,0.00168
964.22586,0.00042
963.26163,-0.00039
962.29740,-0.00018
961.33318,0.00054
960.36895,0.00078
959.40473,0.00030
958.44050,-0.00011
957.47628,0.00017
956.51205,0.00048
955.54782,-0.00050
954.58360,-0.00289
953.61937,-0.00509
952.65515,-0.00533
951.69092,-0.00351
950.72669,-0.00120
949.76247,0.00029
948.79824,0.00118
947.83402,0.00244
946.86979,0.00420
945.90556,0.00556
944.94134,0.00582
943.97711,0.00541
943.01289,0.00513
942.04866,0.00501
941.08444,0.00430
940.12021,0.00259
939.15598,0.00032
938.19176,-0.00191
937.22753,-0.00412
936.26331,-0.00647
935.29908,-0.00822
934.33485,-0.00793
933.37063,-0.00500
932.40640,-0.00084
931.44218,0.00214
930.47795,0.00258
929.51373,0.00104
928.54950,-0.00092
927.58527,-0.00217
926.62105,-0.00235
925.65682,-0.00137
924.69260,0.00060
923.72837,0.00274
922.76414,0.00356
921.79992,0.00203
920.83569,-0.00132
919.87147,-0.00455
918.90724,-0.00566
917.94302,-0.00391
916.97879,-0.00005
916.01456,0.00414
915.05034,0.00677
914.08611,0.00679
913.12189,0.00463
912.15766,0.00185
911.19343,0.00001
910.22921,-0.00049
909.26498,-0.00023
908.30076,0.00035
907.33653,0.00136
906.37230,0.00265
905.40808,0.00320
904.44385,0.00206
903.47963,-0.00003
902.51540,-0.00066
901.55118,0.00196
900.58695,0.00685
899.62272,0.01078
898.65850,0.01122
897.69427,0.00875
896.73005,0.00602
895.76582,0.00481
894.80159,0.00453
893.83737,0.00360
892.87314,0.00165
891.90892,-0.00003
890.94469,-0.00007
889.98047,0.00128
889.01624,0.00226
888.05201,0.00115
887.08779,-0.00232
886.12356,-0.00687
885.15934,-0.01071
884.19511,-0.01274
883.23088,-0.01273
882.26666,-0.01092
881.30243,-0.00785
880.33821,-0.00443
879.37398,-0.00186
878.40975,-0.00096
877.44553,-0.00154
876.48130,-0.00263
875.51708,-0.00327
874.55285,-0.00301
873.58863,-0.00174
872.62440,0.00060
871.66017,0.00356
870.69595,0.00571
869.73172,0.00546
868.76750,0.00268
867.80327,-0.00082
866.83904,-0.00306
865.87482,-0.00412
864.91059,-0.00606
863.94637,-0.01032
862.98214,-0.01561
862.01792,-0.01892
861.05369,-0.01854
860.08946,-0.01554
859.12524,-0.01216
858.16101,-0.00945
857.19679,-0.00703
856.23256,-0.00469
855.26833,-0.00310
854.30411,-0.00262
853.33988,-0.00233
852.37566,-0.00094
851.41143,0.00135
850.44721,0.00262
849.48298,0.00128
848.51875,-0.00205
847.55453,-0.00511
846.59030,-0.00620
845.62608,-0.00545
844.66185,-0.00396
843.69762,-0.00224
842.73340,0.00006
841.76917,0.00310
840.80495,0.00608
839.84072,0.00758
838.87649,0.00662
837.91227,0.00329
836.94804,-0.00138
835.98382,-0.00591
835.01959,-0.00907
834.05537,-0.01033
833.09114,-0.00996
832.12691,-0.00873
831.16269,-0.00747
830.19846,-0.00660
829.23424,-0.00570
828.27001,-0.00379
827.30578,-0.00020
826.34156,0.00429
825.37733,0.00738
824.41311,0.00684
823.44888,0.00264
822.48466,-0.00260
821.52043,-0.00545
820.55620,-0.00436
819.59198,-0.00084
818.62775,0.00210
817.66353,0.00237
816.69930,0.00003
815.73507,-0.00296
814.77085,-0.00413
813.80662,-0.00190
812.84240,0.00329
811.87817,0.00897
810.91395,0.01207
809.94972,0.01085
808.98549,0.00606
808.02127,0.00013
807.05704,-0.00490
806.09282,-0.00839
805.12859,-0.01042
804.16436,-0.01065
803.20014,-0.00847
802.23591,-0.00409
801.27169,0.00094
800.30746,0.00443
799.34323,0.00480
798.37901,0.00197
797.41478,-0.00248
796.45056,-0.00596
795.48633,-0.00635
794.52211,-0.00351
793.55788,0.00042
792.59365,0.00269
791.62943,0.00237
790.66520,0.00075
789.70098,-0.00040
788.73675,-0.00074
787.77252,-0.00128
786.80830,-0.00255
785.84407,-0.00372
784.87985,-0.00380
783.91562,-0.00310
782.95140,-0.00296
781.98717,-0.00403
781.02294,-0.00544
780.05872,-0.00596
779.09449,-0.00537
778.13027,-0.00441
777.16604,-0.00346
776.20181,-0.00204
775.23759,0.00035
774.27336,0.00328
773.30914,0.00569
772.34491,0.00686
771.38068,0.00682
770.41646,0.00598
769.45223,0.00458
768.48801,0.00279
767.52378,0.00072
766.55956,-0.00153
765.59533,-0.00382
764.63110,-0.00554
763.66688,-0.00550
762.70265,-0.00285
761.73843,0.00165
760.77420,0.00559
759.80997,0.00650
758.84575,0.00375
757.88152,-0.00103
756.91730,-0.00521
755.95307,-0.00694
754.98885,-0.00597
754.02462,-0.00344
753.06039,-0.00100
752.09617,0.00027
751.13194,0.00063
750.16772,0.00127
749.20349,0.00312
748.23926,0.00575
747.27504,0.00760
746.31081,0.00748
745.34659,0.00572
744.38236,0.00372
743.41814,0.00258
742.45391,0.00230
741.48968,0.00223
740.52546,0.00193
739.56123,0.00145
738.59701,0.00107
737.63278,0.00076
736.66855,0.00017
735.70433,-0.00115
734.74010,-0.00325
733.77588,-0.00542
732.81165,-0.00638
731.84742,-0.00535
730.88320,-0.00290
729.91897,-0.00051
728.95475,0.00090
727.99052,0.00171
727.02630,0.00266
726.06207,0.00335
725.09784,0.00236
724.13362,-0.00085
723.16939,-0.00459
722.20517,-0.00608
721.24094,-0.00431
720.27671,-0.00104
719.31249,0.00111
718.34826,0.00124
717.38404,0.00061
716.41981,0.00078
715.45559,0.00208
714.49136,0.00372
713.52713,0.00491
712.56291,0.00541
711.59868,0.00521
710.63446,0.00433
709.67023,0.00306
708.70600,0.00206
707.74178,0.00186
706.77755,0.00230
705.81333,0.00263
704.84910,0.00219
703.88487,0.00098
702.92065,-0.00041
701.95642,-0.00130
700.99220,-0.00132
700.02797,-0.00048
699.06375,0.00091
698.09952,0.00246
697.13529,0.00381
696.17107,0.00473
695.20684,0.00501
694.24262,0.00442
693.27839,0.00292
692.31416,0.00081
691.34994,-0.00144
690.38571,-0.00350
689.42149,-0.00528
688.45726,-0.00653
687.49304,-0.00660
686.52881,-0.00493
685.56458,-0.00185
684.60036,0.00124
683.63613,0.00288
682.67191,0.00262
681.70768,0.00123
680.74345,-0.00014
679.77923,-0.00088
678.81500,-0.00097
677.85078,-0.00055
676.88655,0.00031
675.92233,0.00132
674.95810,0.00208
673.99387,0.00237
673.02965,0.00253
672.06542,0.00311
671.10120,0.00428
670.13697,0.00562
669.17274,0.00637
668.20852,0.00577
667.24429,0.00330
666.28007,-0.00102
665.31584,-0.00627
664.35161,-0.01076
663.38739,-0.01241
662.42316,-0.00983
661.45894,-0.00352
660.49471,0.00404
659.53049,0.00988
658.56626,0.01245
657.60203,0.01228
656.63781,0.01104
655.67358,0.00996
654.70936,0.00889
653.74513,0.00701
652.78090,0.00413
651.81668,0.00120
650.85245,-0.00053
649.88823,-0.00073
648.92400,-0.00019
647.95978,0.00012
646.99555,-0.00014
646.03132,-0.00065
645.06710,-0.00116
644.10287,-0.00183
643.13865,-0.00283
642.17442,-0.00391
641.21019,-0.00430
640.24597,-0.00339
639.28174,-0.00136
638.31752,0.00057
637.35329,0.00081
636.38907,-0.00140
635.42484,-0.00502
634.46061,-0.00735
633.49639,-0.00578
632.53216,-0.00026
631.56794,0.00615
630.60371,0.00968
629.63948,0.00873
628.67526,0.00470
627.71103,0.00036
626.74681,-0.00203
625.78258,-0.00125
624.81835,0.00263
623.85413,0.00758
622.88990,0.00967
621.92568,0.00551
620.96145,-0.00434
619.99723,-0.01465
619.03300,-0.01919
618.06877,-0.01562
617.10455,-0.00683
616.14032,0.00211
615.17610,0.00796
614.21187,0.01044
613.24764,0.01042
612.28342,0.00833
611.31919,0.00457
610.35497,0.00064
609.39074,-0.00131
608.42652,-0.00006
607.46229,0.00376
606.49806,0.00802
605.53384,0.00960
604.56961,0.00581
603.60539,-0.00334
602.64116,-0.01399
601.67693,-0.02049
600.71271,-0.02009
599.74848,-0.01541
598.78426,-0.01152
597.82003,-0.01072
596.85580,-0.01138
595.89158,-0.01165
594.92735,-0.01336
593.96313,-0.01988
592.99890,-0.03058
592.03468,-0.03948
591.07045,-0.04085
590.10622,-0.03546
589.14200,-0.02970
588.17777,-0.02824
587.21355,-0.02938
586.24932,-0.02765
585.28509,-0.02028
584.32087,-0.01021
583.35664,-0.00324
582.39242,-0.00233
581.42819,-0.00518
580.46397,-0.00704
579.49974,-0.00609
578.53551,-0.00462
577.57129,-0.00592
576.60706,-0.01027
575.64284,-0.01534
574.67861,-0.01905
573.71438,-0.02198
572.75016,-0.02575
571.78593,-0.02955
570.82171,-0.02916
569.85748,-0.02052
568.89326,-0.00584
567.92903,0.00602
566.96480,0.00569
566.00058,-0.00736
565.03635,-0.02277
564.07213,-0.02880
563.10790,-0.02254
562.14367,-0.01014
561.17945,-0.00069
560.21522,0.00074
559.25100,-0.00558
558.28677,-0.01630
557.32254,-0.02731
556.35832,-0.03646
555.39409,-0.04362
554.42987,-0.04803
553.46564,-0.04729
552.50142,-0.03798
551.53719,-0.02136
550.57296,-0.00796
549.60874,-0.00783
548.64451,-0.02099
547.68029,-0.03655
546.71606,-0.04530
545.75183,-0.04731
544.78761,-0.04718
543.82338,-0.04324
542.85916,-0.02253
541.89493,0.01916
540.93071,0.05720
539.96648,0.06652
539.00225,0.03977
538.03803,0.01100
537.07380,0.01492
536.10958,0.05107
535.14535,0.10225
534.18112,0.17245
533.21690,0.27257
532.25267,0.40375
531.28845,0.52487
530.32422,0.54568
529.36000,0.43311
528.39577,0.25439
527.43154,0.08094
526.46732,-0.05001
525.50309,-0.11213
524.53887,-0.07954
523.57464,0.05362
522.61041,0.25641
521.64619,0.42608
520.68196,0.47935
519.71774,0.43397
518.75351,0.34266
517.78928,0.24797
516.82506,0.20147
515.86083,0.22944
514.89661,0.28219
513.93238,0.32799
512.96816,0.37833
512.00393,0.43270
511.03970,0.40335
510.07548,0.25533
509.11125,0.09335
508.14703,0.01937
507.18280,0.03072
506.21857,0.12251
505.25435,0.26805
504.29012,0.45334
503.32590,0.51855
502.36167,0.33674
501.39745,0.11153
500.43322,0.00357
499.46899,-0.02399
498.50477,-0.00769
497.54054,0.02643
496.57632,0.08172
495.61209,0.14021
494.64786,0.16969
493.68364,0.14009
492.71941,0.10911
491.75519,0.11781
490.79096,0.17182
489.82673,0.22198
488.86251,0.22796
487.89828,0.17687
486.93406,0.10649
485.96983,0.07038
485.00561,0.10620
484.04138,0.19857
483.07715,0.28363
482.11293,0.29592
481.14870,0.28830
480.18448,0.32127
479.22025,0.44110
478.25602,0.60469
477.29180,0.72415
476.32757,0.68208
475.36335,0.52498
474.39912,0.35329
473.43490,0.21429
472.47067,0.16885
471.50644,0.32755
470.54222,0.67980
469.57799,0.61823
468.61377,0.31067
467.64954,0.17771
466.68531,0.18684
465.72109,0.27372
464.75686,0.37248
463.79264,0.43131
462.82841,0.43455
461.86419,0.40419
460.89996,0.37285
459.93573,0.34536
458.97151,0.28623
458.00728,0.18202
457.04306,0.12072
456.07883,0.13511
455.11460,0.20256
454.15038,0.27919
453.18615,0.26800
452.22193,0.11634
451.25770,0.01121
450.29347,0.03476
449.32925,0.10726
448.36502,0.14512
447.40080,0.11217
446.43657,0.02074
445.47235,-0.03069
444.50812,0.09026
443.54389,0.36538
442.57967,0.62823
441.61544,0.86971
440.65122,1.23403
439.68699,1.27997
438.72276,0.59687
437.75854,0.18889
436.79431,0.06723
435.83009,0.11277
434.86586,0.26762
433.90164,0.45766
432.93741,0.59203
431.97318,0.60945
431.00896,0.49870
430.04473,0.27947
429.08051,-0.02069
428.11628,-0.33963
427.15205,-0.47326
426.18783,-0.21628
425.22360,0.16535
424.25938,0.42541
423.29515,0.44896
422.33092,0.35750
421.36670,0.30535
420.40247,0.34265
419.43825,0.53947
418.47402,0.73402
417.50980,0.70283
416.54557,0.52372
415.58134,0.42922
414.61712,0.42430
413.65289,0.36725
412.68867,0.18925
411.72444,-0.03384
410.76021,-0.22240
409.79599,-0.25631
408.83176,-0.04175
407.86754,0.27208
406.90331,0.26302
405.93909,0.05667
404.97486,-0.06375
404.01063,-0.11588
403.04641,-0.15940
402.08218,-0.22357
401.11796,-0.28735
400.15373,-0.28812
399.18950,-0.11763
398.22528,0.20221
397.26105,0.46486
396.29683,0.51444
395.33260,0.36832
394.36838,0.23888
393.40415,0.19581
392.43992,0.19261
391.47570,0.21318
390.51147,0.24627
389.54725,0.28844
388.58302,0.33963
387.61879,0.31201
386.65457,0.18772
385.69034,0.07875
384.72612,0.12729
383.76189,0.34940
382.79766,0.30068
381.83344,0.09330
380.86921,-0.03728
379.90499,-0.07258
378.94076,-0.01277
377.97654,0.11326
377.01231,0.24244
376.04808,0.33112
375.08386,0.38637
374.11963,0.43067
373.15541,0.44068
372.19118,0.37052
371.22695,0.25838
370.26273,0.21207
369.29850,0.21757
368.33428,0.23401
367.37005,0.23704
366.40583,0.20525
365.44160,0.14290
364.47737,-0.11698
363.51315,-0.38860
362.54892,-0.48438
361.58470,-0.60290
360.62047,-0.57327
359.65624,-0.41062
358.69202,-0.20754
357.72779,-0.04041
356.76357,0.05267
355.79934,0.08448
354.83512,0.11736
353.87089,0.23893
352.90666,0.26111
351.94244,0.23528
350.97821,0.25742
350.01399,0.46533
349.04976,0.73411
