3946.57643,0.00225
3945.61220,0.00252
3944.64798,0.00224
3943.68375,0.00162
3942.71953,0.00108
3941.75530,0.00099
3940.79107,0.00148
3939.82685,0.00234
3938.86262,0.00317
3937.89840,0.00362
3936.93417,0.00363
3935.96994,0.00347
3935.00572,0.00351
3934.04149,0.00376
3933.07727,0.00388
3932.11304,0.00346
3931.14882,0.00256
3930.18459,0.00177
3929.22036,0.00163
3928.25614,0.00208
3927.29191,0.00250
3926.32769,0.00227
3925.36346,0.00140
3924.39923,0.00045
3923.43501,-0.00005
3922.47078,-0.00002
3921.50656,0.00016
3920.54233,0.00014
3919.57811,-0.00015
3918.61388,-0.00048
3917.64965,-0.00062
3916.68543,-0.00042
3915.72120,0.00002
3914.75698,0.00051
3913.79275,0.00083
3912.82852,0.00089
3911.86430,0.00084
3910.90007,0.00092
3909.93585,0.00129
3908.97162,0.00185
3908.00739,0.00233
3907.04317,0.00252
3906.07894,0.00244
3905.11472,0.00233
3904.15049,0.00243
3903.18627,0.00270
3902.22204,0.00283
3901.25781,0.00249
3900.29359,0.00171
3899.32936,0.00101
3898.36514,0.00096
3897.40091,0.00170
3896.43668,0.00277
3895.47246,0.00350
3894.50823,0.00363
3893.54401,0.00335
3892.57978,0.00294
3891.61556,0.00241
3890.65133,0.00157
3889.68710,0.00050
3888.72288,-0.00031
3887.75865,-0.00033
3886.79443,0.00048
3885.83020,0.00156
3884.86597,0.00223
3883.90175,0.00226
3882.93752,0.00195
3881.97330,0.00166
3881.00907,0.00148
3880.04485,0.00123
3879.08062,0.00086
3878.11639,0.00058
3877.15217,0.00062
3876.18794,0.00096
3875.22372,0.00126
3874.25949,0.00122
3873.29526,0.00087
3872.33104,0.00056
3871.36681,0.00063
3870.40259,0.00105
3869.43836,0.00145
3868.47413,0.00141
3867.50991,0.00088
3866.54568,0.00021
3865.58146,-0.00016
3864.61723,-0.00006
3863.65301,0.00029
3862.68878,0.00046
3861.72455,0.00025
3860.76033,-0.00021
3859.79610,-0.00058
3858.83188,-0.00067
3857.86765,-0.00053
3856.90342,-0.00035
3855.93920,-0.00024
3854.97497,-0.00012
3854.01075,0.00011
3853.04652,0.00047
3852.08230,0.00082
3851.11807,0.00101
3850.15384,0.00092
3849.18962,0.00047
3848.22539,-0.00033
3847.26117,-0.00126
3846.29694,-0.00191
3845.33271,-0.00193
3844.36849,-0.00127
3843.40426,-0.00027
3842.44004,0.00064
3841.47581,0.00122
3840.51159,0.00153
3839.54736,0.00173
3838.58313,0.00183
3837.61891,0.00174
3836.65468,0.00141
3835.69046,0.00092
3834.72623,0.00041
3833.76200,0.00005
3832.79778,-0.00006
3831.83355,0.00014
3830.86933,0.00058
3829.90510,0.00106
3828.94087,0.00131
3827.97665,0.00119
3827.01242,0.00077
3826.04820,0.00027
3825.08397,-0.00009
3824.11975,-0.00020
3823.15552,-0.00010
3822.19129,0.00007
3821.22707,0.00013
3820.26284,-0.00005
3819.29862,-0.00040
3818.33439,-0.00073
3817.37016,-0.00084
3816.40594,-0.00068
3815.44171,-0.00037
3814.47749,-0.00004
3813.51326,0.00023
3812.54904,0.00039
3811.58481,0.00034
3810.62058,0.00005
3809.65636,-0.00035
3808.69213,-0.00054
3807.72791,-0.00022
3806.76368,0.00055
3805.79945,0.00143
3804.83523,0.00201
3803.87100,0.00220
3802.90678,0.00211
3801.94255,0.00190
3800.97832,0.00160
3800.01410,0.00118
3799.04987,0.00067
3798.08565,0.00016
3797.12142,-0.00022
3796.15720,-0.00045
3795.19297,-0.00050
3794.22874,-0.00029
3793.26452,0.00024
3792.30029,0.00098
3791.33607,0.00161
3790.37184,0.00181
3789.40761,0.00147
3788.44339,0.00080
3787.47916,0.00015
3786.51494,-0.00024
3785.55071,-0.00035
3784.58649,-0.00026
3783.62226,-0.00006
3782.65803,0.00021
3781.69381,0.00051
3780.72958,0.00080
3779.76536,0.00106
3778.80113,0.00128
3777.83690,0.00140
3776.87268,0.00137
3775.90845,0.00125
3774.94423,0.00123
3773.98000,0.00146
3773.01578,0.00179
3772.05155,0.00183
3771.08732,0.00133
3770.12310,0.00043
3769.15887,-0.00037
3768.19465,-0.00069
3767.23042,-0.00052
3766.26619,-0.00008
3765.30197,0.00047
3764.33774,0.00113
3763.37352,0.00182
3762.40929,0.00226
3761.44506,0.00216
3760.48084,0.00155
3759.51661,0.00078
3758.55239,0.00022
3757.58816,-0.00000
3756.62394,-0.00004
3755.65971,-0.00004
3754.69548,-0.00001
3753.73126,0.00015
3752.76703,0.00049
3751.80281,0.00094
3750.83858,0.00138
3749.87435,0.00165
3748.91013,0.00160
3747.94590,0.00124
3746.98168,0.00074
3746.01745,0.00035
3745.05323,0.00021
3744.08900,0.00027
3743.12477,0.00036
3742.16055,0.00044
3741.19632,0.00061
3740.23210,0.00094
3739.26787,0.00134
3738.30364,0.00162
3737.33942,0.00169
3736.37519,0.00158
3735.41097,0.00144
3734.44674,0.00135
3733.48251,0.00130
3732.51829,0.00122
3731.55406,0.00103
3730.58984,0.00070
3729.62561,0.00035
3728.66139,0.00014
3727.69716,0.00020
3726.73293,0.00048
3725.76871,0.00087
3724.80448,0.00128
3723.84026,0.00171
3722.87603,0.00210
3721.91180,0.00229
3720.94758,0.00208
3719.98335,0.00149
3719.01913,0.00076
3718.05490,0.00016
3717.09068,-0.00016
3716.12645,-0.00020
3715.16222,0.00006
3714.19800,0.00063
3713.23377,0.00140
3712.26955,0.00213
3711.30532,0.00257
3710.34109,0.00270
3709.37687,0.00265
3708.41264,0.00245
3707.44842,0.00199
3706.48419,0.00127
3705.51997,0.00057
3704.55574,0.00030
3703.59151,0.00057
3702.62729,0.00110
3701.66306,0.00142
3700.69884,0.00135
3699.73461,0.00109
3698.77038,0.00093
3697.80616,0.00094
3696.84193,0.00104
3695.87771,0.00116
3694.91348,0.00138
3693.94925,0.00169
3692.98503,0.00193
3692.02080,0.00184
3691.05658,0.00136
3690.09235,0.00081
3689.12813,0.00059
3688.16390,0.00086
3687.19967,0.00137
3686.23545,0.00173
3685.27122,0.00178
3684.30700,0.00164
3683.34277,0.00152
3682.37854,0.00154
3681.41432,0.00166
3680.45009,0.00187
3679.48587,0.00222
3678.52164,0.00267
3677.55742,0.00303
3676.59319,0.00311
3675.62896,0.00301
3674.66474,0.00309
3673.70051,0.00362
3672.73629,0.00439
3671.77206,0.00488
3670.80783,0.00475
3669.84361,0.00419
3668.87938,0.00372
3667.91516,0.00358
3666.95093,0.00354
3665.98671,0.00325
3665.02248,0.00270
3664.05825,0.00225
3663.09403,0.00217
3662.12980,0.00238
3661.16558,0.00262
3660.20135,0.00280
3659.23712,0.00306
3658.27290,0.00353
3657.30867,0.00409
3656.34445,0.00445
3655.38022,0.00445
3654.41599,0.00418
3653.45177,0.00384
3652.48754,0.00362
3651.52332,0.00364
3650.55909,0.00397
3649.59487,0.00452
3648.63064,0.00495
3647.66641,0.00490
3646.70219,0.00432
3645.73796,0.00353
3644.77374,0.00304
3643.80951,0.00310
3642.84528,0.00359
3641.88106,0.00422
3640.91683,0.00477
3639.95261,0.00511
3638.98838,0.00520
3638.02416,0.00502
3637.05993,0.00466
3636.09570,0.00430
3635.13148,0.00404
3634.16725,0.00382
3633.20303,0.00353
3632.23880,0.00318
3631.27457,0.00305
3630.31035,0.00340
3629.34612,0.00425
3628.38190,0.00531
3627.41767,0.00612
3626.45344,0.00645
3625.48922,0.00636
3624.52499,0.00611
3623.56077,0.00598
3622.59654,0.00608
3621.63232,0.00629
3620.66809,0.00636
3619.70386,0.00613
3618.73964,0.00564
3617.77541,0.00508
3616.81119,0.00458
3615.84696,0.00418
3614.88273,0.00392
3613.91851,0.00390
3612.95428,0.00421
3611.99006,0.00477
3611.02583,0.00527
3610.06161,0.00543
3609.09738,0.00525
3608.13315,0.00494
3607.16893,0.00477
3606.20470,0.00485
3605.24048,0.00515
3604.27625,0.00557
3603.31202,0.00594
3602.34780,0.00606
3601.38357,0.00583
3600.41935,0.00543
3599.45512,0.00516
3598.49090,0.00518
3597.52667,0.00531
3596.56244,0.00526
3595.59822,0.00492
3594.63399,0.00454
3593.66977,0.00445
3592.70554,0.00477
3591.74131,0.00533
3590.77709,0.00592
3589.81286,0.00642
3588.84864,0.00673
3587.88441,0.00676
3586.92018,0.00649
3585.95596,0.00612
3584.99173,0.00595
3584.02751,0.00607
3583.06328,0.00629
3582.09906,0.00635
3581.13483,0.00620
3580.17060,0.00599
3579.20638,0.00591
3578.24215,0.00600
3577.27793,0.00621
3576.31370,0.00652
3575.34947,0.00687
3574.38525,0.00708
3573.42102,0.00697
3572.45680,0.00659
3571.49257,0.00624
3570.52835,0.00623
3569.56412,0.00653
3568.59989,0.00682
3567.63567,0.00677
3566.67144,0.00639
3565.70722,0.00597
3564.74299,0.00578
3563.77876,0.00589
3562.81454,0.00620
3561.85031,0.00657
3560.88609,0.00695
3559.92186,0.00722
3558.95764,0.00730
3557.99341,0.00718
3557.02918,0.00700
3556.06496,0.00691
3555.10073,0.00696
3554.13651,0.00704
3553.17228,0.00700
3552.20805,0.00681
3551.24383,0.00658
3550.27960,0.00647
3549.31538,0.00651
3548.35115,0.00663
3547.38692,0.00669
3546.42270,0.00658
3545.45847,0.00623
3544.49425,0.00568
3543.53002,0.00509
3542.56580,0.00473
3541.60157,0.00485
3540.63734,0.00546
3539.67312,0.00626
3538.70889,0.00688
3537.74467,0.00713
3536.78044,0.00726
3535.81621,0.00758
3534.85199,0.00818
3533.88776,0.00876
3532.92354,0.00889
3531.95931,0.00846
3530.99509,0.00770
3530.03086,0.00694
3529.06663,0.00638
3528.10241,0.00597
3527.13818,0.00566
3526.17396,0.00548
3525.20973,0.00552
3524.24550,0.00585
3523.28128,0.00641
3522.31705,0.00705
3521.35283,0.00760
3520.38860,0.00794
3519.42437,0.00803
3518.46015,0.00791
3517.49592,0.00760
3516.53170,0.00716
3515.56747,0.00667
3514.60325,0.00632
3513.63902,0.00633
3512.67479,0.00675
3511.71057,0.00742
3510.74634,0.00800
3509.78212,0.00822
3508.81789,0.00799
3507.85366,0.00747
3506.88944,0.00694
3505.92521,0.00671
3504.96099,0.00697
3503.99676,0.00764
3503.03254,0.00838
3502.06831,0.00876
3501.10408,0.00863
3500.13986,0.00816
3499.17563,0.00771
3498.21141,0.00754
3497.24718,0.00761
3496.28295,0.00765
3495.31873,0.00743
3494.35450,0.00688
3493.39028,0.00625
3492.42605,0.00598
3491.46183,0.00639
3490.49760,0.00741
3489.53337,0.00854
3488.56915,0.00923
3487.60492,0.00923
3486.64070,0.00867
3485.67647,0.00785
3484.71224,0.00702
3483.74802,0.00640
3482.78379,0.00623
3481.81957,0.00660
3480.85534,0.00731
3479.89111,0.00794
3478.92689,0.00817
3477.96266,0.00805
3476.99844,0.00783
3476.03421,0.00762
3475.06999,0.00735
3474.10576,0.00703
3473.14153,0.00686
3472.17731,0.00704
3471.21308,0.00757
3470.24886,0.00824
3469.28463,0.00898
3468.32040,0.00983
3467.35618,0.01070
3466.39195,0.01120
3465.42773,0.01095
3464.46350,0.01009
3463.49928,0.00924
3462.53505,0.00888
3461.57082,0.00894
3460.60660,0.00897
3459.64237,0.00878
3458.67815,0.00860
3457.71392,0.00875
3456.74969,0.00917
3455.78547,0.00947
3454.82124,0.00940
3453.85702,0.00903
3452.89279,0.00856
3451.92856,0.00821
3450.96434,0.00814
3450.00011,0.00852
3449.03589,0.00935
3448.07166,0.01023
3447.10744,0.01058
3446.14321,0.01004
3445.17898,0.00892
3444.21476,0.00787
3443.25053,0.00740
3442.28631,0.00748
3441.32208,0.00774
3440.35785,0.00782
3439.39363,0.00767
3438.42940,0.00742
3437.46518,0.00726
3436.50095,0.00725
3435.53673,0.00730
3434.57250,0.00729
3433.60827,0.00729
3432.64405,0.00754
3431.67982,0.00817
3430.71560,0.00899
3429.75137,0.00958
3428.78714,0.00966
3427.82292,0.00939
3426.85869,0.00914
3425.89447,0.00910
3424.93024,0.00912
3423.96602,0.00900
3423.00179,0.00880
3422.03756,0.00873
3421.07334,0.00888
3420.10911,0.00901
3419.14489,0.00889
3418.18066,0.00860
3417.21643,0.00839
3416.25221,0.00843
3415.28798,0.00861
3414.32376,0.00872
3413.35953,0.00863
3412.39530,0.00836
3411.43108,0.00795
3410.46685,0.00754
3409.50263,0.00740
3408.53840,0.00781
3407.57418,0.00877
3406.60995,0.00993
3405.64572,0.01083
3404.68150,0.01124
3403.71727,0.01124
3402.75305,0.01104
3401.78882,0.01076
3400.82459,0.01047
3399.86037,0.01025
3398.89614,0.01014
3397.93192,0.01010
3396.96769,0.01003
3396.00347,0.01001
3395.03924,0.01021
3394.07501,0.01067
3393.11079,0.01112
3392.14656,0.01122
3391.18234,0.01086
3390.21811,0.01033
3389.25388,0.01000
3388.28966,0.00994
3387.32543,0.00997
3386.36121,0.00988
3385.39698,0.00968
3384.43276,0.00945
3383.46853,0.00926
3382.50430,0.00902
3381.54008,0.00875
3380.57585,0.00854
3379.61163,0.00853
3378.64740,0.00875
3377.68317,0.00899
3376.71895,0.00899
3375.75472,0.00858
3374.79050,0.00786
3373.82627,0.00710
3372.86204,0.00663
3371.89782,0.00656
3370.93359,0.00676
3369.96937,0.00698
3369.00514,0.00707
3368.04092,0.00709
3367.07669,0.00710
3366.11246,0.00709
3365.14824,0.00698
3364.18401,0.00685
3363.21979,0.00687
3362.25556,0.00717
3361.29133,0.00768
3360.32711,0.00816
3359.36288,0.00839
3358.39866,0.00832
3357.43443,0.00801
3356.47021,0.00756
3355.50598,0.00712
3354.54175,0.00689
3353.57753,0.00703
3352.61330,0.00759
3351.64908,0.00838
3350.68485,0.00910
3349.72062,0.00943
3348.75640,0.00921
3347.79217,0.00850
3346.82795,0.00763
3345.86372,0.00702
3344.89949,0.00698
3343.93527,0.00749
3342.97104,0.00828
3342.00682,0.00899
3341.04259,0.00944
3340.07837,0.00959
3339.11414,0.00937
3338.14991,0.00877
3337.18569,0.00791
3336.22146,0.00712
3335.25724,0.00680
3334.29301,0.00709
3333.32878,0.00776
3332.36456,0.00845
3331.40033,0.00883
3330.43611,0.00880
3329.47188,0.00840
3328.50766,0.00778
3327.54343,0.00719
3326.57920,0.00690
3325.61498,0.00703
3324.65075,0.00749
3323.68653,0.00800
3322.72230,0.00836
3321.75807,0.00858
3320.79385,0.00877
3319.82962,0.00902
3318.86540,0.00929
3317.90117,0.00951
3316.93695,0.00963
3315.97272,0.00969
3315.00849,0.00972
3314.04427,0.00970
3313.08004,0.00958
3312.11582,0.00935
3311.15159,0.00908
3310.18736,0.00888
3309.22314,0.00883
3308.25891,0.00891
3307.29469,0.00910
3306.33046,0.00935
3305.36623,0.00965
3304.40201,0.01000
3303.43778,0.01032
3302.47356,0.01051
3301.50933,0.01041
3300.54511,0.00991
3299.58088,0.00897
3298.61665,0.00775
3297.65243,0.00663
3296.68820,0.00604
3295.72398,0.00621
3294.75975,0.00700
3293.79552,0.00791
3292.83130,0.00844
3291.86707,0.00837
3290.90285,0.00790
3289.93862,0.00741
3288.97440,0.00719
3288.01017,0.00730
3287.04594,0.00755
3286.08172,0.00772
3285.11749,0.00767
3284.15327,0.00746
3283.18904,0.00726
3282.22481,0.00720
3281.26059,0.00731
3280.29636,0.00752
3279.33214,0.00771
3278.36791,0.00779
3277.40369,0.00767
3276.43946,0.00733
3275.47523,0.00689
3274.51101,0.00656
3273.54678,0.00652
3272.58256,0.00672
3271.61833,0.00693
3270.65410,0.00698
3269.68988,0.00692
3268.72565,0.00698
3267.76143,0.00728
3266.79720,0.00773
3265.83297,0.00809
3264.86875,0.00822
3263.90452,0.00814
3262.94030,0.00795
3261.97607,0.00776
3261.01185,0.00768
3260.04762,0.00779
3259.08339,0.00806
3258.11917,0.00830
3257.15494,0.00836
3256.19072,0.00827
3255.22649,0.00825
3254.26226,0.00838
3253.29804,0.00853
3252.33381,0.00846
3251.36959,0.00814
3250.40536,0.00772
3249.44114,0.00732
3248.47691,0.00686
3247.51268,0.00626
3246.54846,0.00563
3245.58423,0.00530
3244.62001,0.00545
3243.65578,0.00595
3242.69155,0.00648
3241.72733,0.00688
3240.76310,0.00715
3239.79888,0.00736
3238.83465,0.00749
3237.87042,0.00757
3236.90620,0.00771
3235.94197,0.00803
3234.97775,0.00843
3234.01352,0.00859
3233.04930,0.00830
3232.08507,0.00769
3231.12084,0.00714
3230.15662,0.00694
3229.19239,0.00708
3228.22817,0.00729
3227.26394,0.00729
3226.29971,0.00701
3225.33549,0.00658
3224.37126,0.00630
3223.40704,0.00636
3222.44281,0.00675
3221.47859,0.00722
3220.51436,0.00748
3219.55013,0.00742
3218.58591,0.00715
3217.62168,0.00688
3216.65746,0.00674
3215.69323,0.00674
3214.72900,0.00685
3213.76478,0.00700
3212.80055,0.00704
3211.83633,0.00685
3210.87210,0.00646
3209.90788,0.00610
3208.94365,0.00605
3207.97942,0.00637
3207.01520,0.00683
3206.05097,0.00712
3205.08675,0.00711
3204.12252,0.00686
3203.15829,0.00659
3202.19407,0.00646
3201.22984,0.00654
3200.26562,0.00677
3199.30139,0.00698
3198.33716,0.00701
3197.37294,0.00687
3196.40871,0.00670
3195.44449,0.00665
3194.48026,0.00672
3193.51604,0.00680
3192.55181,0.00682
3191.58758,0.00683
3190.62336,0.00687
3189.65913,0.00690
3188.69491,0.00679
3187.73068,0.00658
3186.76645,0.00642
3185.80223,0.00638
3184.83800,0.00637
3183.87378,0.00620
3182.90955,0.00591
3181.94533,0.00570
3180.98110,0.00575
3180.01687,0.00598
3179.05265,0.00617
3178.08842,0.00621
3177.12420,0.00618
3176.15997,0.00622
3175.19574,0.00631
3174.23152,0.00633
3173.26729,0.00626
3172.30307,0.00622
3171.33884,0.00634
3170.37461,0.00658
3169.41039,0.00678
3168.44616,0.00678
3167.48194,0.00657
3166.51771,0.00632
3165.55349,0.00619
3164.58926,0.00623
3163.62503,0.00636
3162.66081,0.00643
3161.69658,0.00636
3160.73236,0.00621
3159.76813,0.00611
3158.80390,0.00615
3157.83968,0.00624
3156.87545,0.00628
3155.91123,0.00624
3154.94700,0.00620
3153.98278,0.00623
3153.01855,0.00634
3152.05432,0.00643
3151.09010,0.00640
3150.12587,0.00620
3149.16165,0.00583
3148.19742,0.00536
3147.23319,0.00493
3146.26897,0.00466
3145.30474,0.00459
3144.34052,0.00459
3143.37629,0.00449
3142.41207,0.00430
3141.44784,0.00417
3140.48361,0.00428
3139.51939,0.00467
3138.55516,0.00512
3137.59094,0.00540
3136.62671,0.00538
3135.66248,0.00516
3134.69826,0.00495
3133.73403,0.00499
3132.76981,0.00535
3131.80558,0.00587
3130.84135,0.00628
3129.87713,0.00634
3128.91290,0.00602
3127.94868,0.00543
3126.98445,0.00474
3126.02023,0.00410
3125.05600,0.00365
3124.09177,0.00349
3123.12755,0.00368
3122.16332,0.00410
3121.19910,0.00454
3120.23487,0.00483
3119.27064,0.00494
3118.30642,0.00493
3117.34219,0.00484
3116.37797,0.00471
3115.41374,0.00464
3114.44952,0.00471
3113.48529,0.00492
3112.52106,0.00512
3111.55684,0.00519
3110.59261,0.00514
3109.62839,0.00509
3108.66416,0.00509
3107.69993,0.00497
3106.73571,0.00458
3105.77148,0.00400
3104.80726,0.00352
3103.84303,0.00334
3102.87881,0.00343
3101.91458,0.00359
3100.95035,0.00374
3099.98613,0.00396
3099.02190,0.00432
3098.05768,0.00470
3097.09345,0.00488
3096.12922,0.00476
3095.16500,0.00448
3094.20077,0.00429
3093.23655,0.00432
3092.27232,0.00452
3091.30809,0.00478
3090.34387,0.00498
3089.37964,0.00507
3088.41542,0.00503
3087.45119,0.00491
3086.48697,0.00479
3085.52274,0.00475
3084.55851,0.00473
3083.59429,0.00459
3082.63006,0.00424
3081.66584,0.00374
3080.70161,0.00330
3079.73738,0.00303
3078.77316,0.00292
3077.80893,0.00280
3076.84471,0.00261
3075.88048,0.00244
3074.91626,0.00243
3073.95203,0.00263
3072.98780,0.00295
3072.02358,0.00326
3071.05935,0.00350
3070.09513,0.00370
3069.13090,0.00391
3068.16667,0.00409
3067.20245,0.00416
3066.23822,0.00403
3065.27400,0.00376
3064.30977,0.00347
3063.34554,0.00330
3062.38132,0.00331
3061.41709,0.00350
3060.45287,0.00380
3059.48864,0.00419
3058.52442,0.00458
3057.56019,0.00487
3056.59596,0.00493
3055.63174,0.00474
3054.66751,0.00434
3053.70329,0.00388
3052.73906,0.00349
3051.77483,0.00327
3050.81061,0.00332
3049.84638,0.00365
3048.88216,0.00418
3047.91793,0.00461
3046.95371,0.00465
3045.98948,0.00419
3045.02525,0.00351
3044.06103,0.00308
3043.09680,0.00320
3042.13258,0.00374
3041.16835,0.00423
3040.20412,0.00428
3039.23990,0.00387
3038.27567,0.00328
3037.31145,0.00286
3036.34722,0.00275
3035.38300,0.00289
3034.41877,0.00310
3033.45454,0.00324
3032.49032,0.00328
3031.52609,0.00322
3030.56187,0.00306
3029.59764,0.00284
3028.63341,0.00258
3027.66919,0.00235
3026.70496,0.00228
3025.74074,0.00240
3024.77651,0.00267
3023.81228,0.00296
3022.84806,0.00315
3021.88383,0.00323
3020.91961,0.00325
3019.95538,0.00324
3018.99116,0.00314
3018.02693,0.00290
3017.06270,0.00257
3016.09848,0.00230
3015.13425,0.00219
3014.17003,0.00221
3013.20580,0.00225
3012.24157,0.00232
3011.27735,0.00253
3010.31312,0.00292
3009.34890,0.00335
3008.38467,0.00356
3007.42045,0.00343
3006.45622,0.00308
3005.49199,0.00278
3004.52777,0.00269
3003.56354,0.00277
3002.59932,0.00286
3001.63509,0.00291
3000.67086,0.00298
2999.70664,0.00315
2998.74241,0.00335
2997.77819,0.00338
2996.81396,0.00314
2995.84974,0.00269
2994.88551,0.00226
2993.92128,0.00205
2992.95706,0.00214
2991.99283,0.00240
2991.02861,0.00266
2990.06438,0.00279
2989.10015,0.00281
2988.13593,0.00284
2987.17170,0.00294
2986.20748,0.00310
2985.24325,0.00322
2984.27902,0.00320
2983.31480,0.00302
2982.35057,0.00272
2981.38635,0.00249
2980.42212,0.00249
2979.45790,0.00276
2978.49367,0.00316
2977.52944,0.00345
2976.56522,0.00345
2975.60099,0.00324
2974.63677,0.00308
2973.67254,0.00317
2972.70831,0.00351
2971.74409,0.00384
2970.77986,0.00390
2969.81564,0.00365
2968.85141,0.00325
2967.88719,0.00292
2966.92296,0.00276
2965.95873,0.00273
2964.99451,0.00283
2964.03028,0.00305
2963.06606,0.00337
2962.10183,0.00365
2961.13760,0.00377
2960.17338,0.00370
2959.20915,0.00351
2958.24493,0.00333
2957.28070,0.00316
2956.31647,0.00293
2955.35225,0.00262
2954.38802,0.00229
2953.42380,0.00205
2952.45957,0.00197
2951.49535,0.00208
2950.53112,0.00239
2949.56689,0.00279
2948.60267,0.00310
2947.63844,0.00310
2946.67422,0.00274
2945.70999,0.00225
2944.74576,0.00190
2943.78154,0.00186
2942.81731,0.00202
2941.85309,0.00224
2940.88886,0.00248
2939.92464,0.00274
2938.96041,0.00302
2937.99618,0.00324
2937.03196,0.00335
2936.06773,0.00339
2935.10351,0.00344
2934.13928,0.00351
2933.17505,0.00355
2932.21083,0.00354
2931.24660,0.00351
2930.28238,0.00344
2929.31815,0.00319
2928.35393,0.00268
2927.38970,0.00206
2926.42547,0.00167
2925.46125,0.00176
2924.49702,0.00225
2923.53280,0.00283
2922.56857,0.00322
2921.60434,0.00337
2920.64012,0.00338
2919.67589,0.00330
2918.71167,0.00310
2917.74744,0.00281
2916.78321,0.00253
2915.81899,0.00236
2914.85476,0.00234
2913.89054,0.00239
2912.92631,0.00244
2911.96209,0.00253
2910.99786,0.00270
2910.03363,0.00300
2909.06941,0.00342
2908.10518,0.00386
2907.14096,0.00417
2906.17673,0.00424
2905.21250,0.00405
2904.24828,0.00375
2903.28405,0.00353
2902.31983,0.00350
2901.35560,0.00360
2900.39138,0.00370
2899.42715,0.00368
2898.46292,0.00354
2897.49870,0.00331
2896.53447,0.00313
2895.57025,0.00312
2894.60602,0.00336
2893.64179,0.00381
2892.67757,0.00423
2891.71334,0.00441
2890.74912,0.00426
2889.78489,0.00386
2888.82066,0.00337
2887.85644,0.00291
2886.89221,0.00257
2885.92799,0.00245
2884.96376,0.00263
2883.99954,0.00308
2883.03531,0.00365
2882.07108,0.00410
2881.10686,0.00427
2880.14263,0.00417
2879.17841,0.00389
2878.21418,0.00356
2877.24995,0.00330
2876.28573,0.00319
2875.32150,0.00323
2874.35728,0.00333
2873.39305,0.00331
2872.42883,0.00306
2871.46460,0.00259
2870.50037,0.00206
2869.53615,0.00162
2868.57192,0.00142
2867.60770,0.00146
2866.64347,0.00170
2865.67924,0.00202
2864.71502,0.00228
2863.75079,0.00244
2862.78657,0.00252
2861.82234,0.00257
2860.85812,0.00260
2859.89389,0.00255
2858.92966,0.00236
2857.96544,0.00211
2857.00121,0.00195
2856.03699,0.00202
2855.07276,0.00230
2854.10853,0.00263
2853.14431,0.00280
2852.18008,0.00271
2851.21586,0.00244
2850.25163,0.00213
2849.28740,0.00192
2848.32318,0.00187
2847.35895,0.00193
2846.39473,0.00207
2845.43050,0.00222
2844.46628,0.00233
2843.50205,0.00233
2842.53782,0.00225
2841.57360,0.00211
2840.60937,0.00199
2839.64515,0.00187
2838.68092,0.00173
2837.71669,0.00160
2836.75247,0.00153
2835.78824,0.00152
2834.82402,0.00149
2833.85979,0.00135
2832.89557,0.00109
2831.93134,0.00089
2830.96711,0.00091
2830.00289,0.00114
2829.03866,0.00141
2828.07444,0.00156
2827.11021,0.00160
2826.14598,0.00165
2825.18176,0.00181
2824.21753,0.00203
2823.25331,0.00223
2822.28908,0.00235
2821.32486,0.00236
2820.36063,0.00224
2819.39640,0.00197
2818.43218,0.00170
2817.46795,0.00161
2816.50373,0.00175
2815.53950,0.00196
2814.57527,0.00200
2813.61105,0.00178
2812.64682,0.00143
2811.68260,0.00118
2810.71837,0.00112
2809.75414,0.00120
2808.78992,0.00134
2807.82569,0.00156
2806.86147,0.00183
2805.89724,0.00204
2804.93302,0.00205
2803.96879,0.00182
2803.00456,0.00150
2802.04034,0.00120
2801.07611,0.00096
2800.11189,0.00079
2799.14766,0.00078
2798.18343,0.00104
2797.21921,0.00153
2796.25498,0.00196
2795.29076,0.00203
2794.32653,0.00170
2793.36231,0.00128
2792.39808,0.00112
2791.43385,0.00134
2790.46963,0.00181
2789.50540,0.00228
2788.54118,0.00259
2787.57695,0.00265
2786.61272,0.00242
2785.64850,0.00191
2784.68427,0.00128
2783.72005,0.00084
2782.75582,0.00080
2781.79159,0.00113
2780.82737,0.00159
2779.86314,0.00189
2778.89892,0.00190
2777.93469,0.00166
2776.97047,0.00132
2776.00624,0.00102
2775.04201,0.00089
2774.07779,0.00098
2773.11356,0.00124
2772.14934,0.00157
2771.18511,0.00187
2770.22088,0.00209
2769.25666,0.00222
2768.29243,0.00225
2767.32821,0.00221
2766.36398,0.00217
2765.39976,0.00220
2764.43553,0.00223
2763.47130,0.00214
2762.50708,0.00184
2761.54285,0.00150
2760.57863,0.00135
2759.61440,0.00151
2758.65017,0.00180
2757.68595,0.00191
2756.72172,0.00175
2755.75750,0.00154
2754.79327,0.00151
2753.82905,0.00168
2752.86482,0.00183
2751.90059,0.00180
2750.93637,0.00171
2749.97214,0.00178
2749.00792,0.00206
2748.04369,0.00232
2747.07946,0.00230
2746.11524,0.00199
2745.15101,0.00160
2744.18679,0.00135
2743.22256,0.00130
2742.25833,0.00138
2741.29411,0.00153
2740.32988,0.00174
2739.36566,0.00198
2738.40143,0.00215
2737.43721,0.00218
2736.47298,0.00209
2735.50875,0.00199
2734.54453,0.00197
2733.58030,0.00208
2732.61608,0.00230
2731.65185,0.00259
2730.68762,0.00288
2729.72340,0.00302
2728.75917,0.00292
2727.79495,0.00257
2726.83072,0.00209
2725.86650,0.00166
2724.90227,0.00139
2723.93804,0.00130
2722.97382,0.00132
2722.00959,0.00139
2721.04537,0.00147
2720.08114,0.00154
2719.11691,0.00156
2718.15269,0.00154
2717.18846,0.00147
2716.22424,0.00139
2715.26001,0.00137
2714.29579,0.00148
2713.33156,0.00172
2712.36733,0.00201
2711.40311,0.00224
2710.43888,0.00231
2709.47466,0.00220
2708.51043,0.00196
2707.54620,0.00169
2706.58198,0.00149
2705.61775,0.00143
2704.65353,0.00148
2703.68930,0.00157
2702.72507,0.00164
2701.76085,0.00167
2700.79662,0.00169
2699.83240,0.00168
2698.86817,0.00160
2697.90395,0.00141
2696.93972,0.00119
2695.97549,0.00108
2695.01127,0.00115
2694.04704,0.00136
2693.08282,0.00162
2692.11859,0.00189
2691.15436,0.00218
2690.19014,0.00247
2689.22591,0.00267
2688.26169,0.00271
2687.29746,0.00262
2686.33324,0.00245
2685.36901,0.00226
2684.40478,0.00207
2683.44056,0.00196
2682.47633,0.00206
2681.51211,0.00238
2680.54788,0.00277
2679.58365,0.00298
2678.61943,0.00292
2677.65520,0.00269
2676.69098,0.00246
2675.72675,0.00229
2674.76252,0.00213
2673.79830,0.00195
2672.83407,0.00182
2671.86985,0.00181
2670.90562,0.00187
2669.94140,0.00193
2668.97717,0.00200
2668.01294,0.00207
2667.04872,0.00207
2666.08449,0.00186
2665.12027,0.00141
2664.15604,0.00097
2663.19181,0.00088
2662.22759,0.00124
2661.26336,0.00177
2660.29914,0.00207
2659.33491,0.00199
2658.37069,0.00173
2657.40646,0.00156
2656.44223,0.00159
2655.47801,0.00169
2654.51378,0.00168
2653.54956,0.00150
2652.58533,0.00119
2651.62110,0.00087
2650.65688,0.00068
2649.69265,0.00072
2648.72843,0.00103
2647.76420,0.00150
2646.79998,0.00192
2645.83575,0.00215
2644.87152,0.00220
2643.90730,0.00216
2642.94307,0.00206
2641.97885,0.00186
2641.01462,0.00159
2640.05039,0.00138
2639.08617,0.00138
2638.12194,0.00161
2637.15772,0.00192
2636.19349,0.00211
2635.22926,0.00210
2634.26504,0.00197
2633.30081,0.00182
2632.33659,0.00168
2631.37236,0.00153
2630.40814,0.00141
2629.44391,0.00138
2628.47968,0.00151
2627.51546,0.00175
2626.55123,0.00198
2625.58701,0.00215
2624.62278,0.00227
2623.65855,0.00238
2622.69433,0.00250
2621.73010,0.00255
2620.76588,0.00249
2619.80165,0.00235
2618.83743,0.00220
2617.87320,0.00215
2616.90897,0.00223
2615.94475,0.00237
2614.98052,0.00247
2614.01630,0.00242
2613.05207,0.00220
2612.08784,0.00193
2611.12362,0.00179
2610.15939,0.00182
2609.19517,0.00192
2608.23094,0.00197
2607.26672,0.00199
2606.30249,0.00214
2605.33826,0.00251
2604.37404,0.00292
2603.40981,0.00307
2602.44559,0.00281
2601.48136,0.00234
2600.51713,0.00197
2599.55291,0.00188
2598.58868,0.00196
2597.62446,0.00206
2596.66023,0.00211
2595.69600,0.00214
2594.73178,0.00216
2593.76755,0.00213
2592.80333,0.00203
2591.83910,0.00190
2590.87488,0.00179
2589.91065,0.00171
2588.94642,0.00164
2587.98220,0.00167
2587.01797,0.00187
2586.05375,0.00222
2585.08952,0.00252
2584.12529,0.00255
2583.16107,0.00224
2582.19684,0.00172
2581.23262,0.00124
2580.26839,0.00097
2579.30417,0.00095
2578.33994,0.00113
2577.37571,0.00134
2576.41149,0.00142
2575.44726,0.00136
2574.48304,0.00128
2573.51881,0.00136
2572.55458,0.00167
2571.59036,0.00209
2570.62613,0.00241
2569.66191,0.00255
2568.69768,0.00249
2567.73345,0.00225
2566.76923,0.00184
2565.80500,0.00139
2564.84078,0.00109
2563.87655,0.00115
2562.91233,0.00153
2561.94810,0.00197
2560.98387,0.00220
2560.01965,0.00212
2559.05542,0.00190
2558.09120,0.00174
2557.12697,0.00179
2556.16274,0.00200
2555.19852,0.00222
2554.23429,0.00228
2553.27007,0.00211
2552.30584,0.00177
2551.34162,0.00141
2550.37739,0.00115
2549.41316,0.00102
2548.44894,0.00101
2547.48471,0.00114
2546.52049,0.00141
2545.55626,0.00174
2544.59203,0.00202
2543.62781,0.00218
2542.66358,0.00226
2541.69936,0.00233
2540.73513,0.00239
2539.77091,0.00233
2538.80668,0.00207
2537.84245,0.00173
2536.87823,0.00151
2535.91400,0.00150
2534.94978,0.00160
2533.98555,0.00166
2533.02132,0.00160
2532.05710,0.00146
2531.09287,0.00130
2530.12865,0.00116
2529.16442,0.00110
2528.20019,0.00122
2527.23597,0.00153
2526.27174,0.00192
2525.30752,0.00221
2524.34329,0.00226
2523.37907,0.00212
2522.41484,0.00190
2521.45061,0.00174
2520.48639,0.00168
2519.52216,0.00174
2518.55794,0.00189
2517.59371,0.00210
2516.62948,0.00227
2515.66526,0.00237
2514.70103,0.00237
2513.73681,0.00229
2512.77258,0.00215
2511.80836,0.00199
2510.84413,0.00186
2509.87990,0.00181
2508.91568,0.00180
2507.95145,0.00179
2506.98723,0.00175
2506.02300,0.00174
2505.05877,0.00179
2504.09455,0.00188
2503.13032,0.00194
2502.16610,0.00195
2501.20187,0.00194
2500.23764,0.00197
2499.27342,0.00200
2498.30919,0.00196
2497.34497,0.00185
2496.38074,0.00178
2495.41652,0.00181
2494.45229,0.00191
2493.48806,0.00198
2492.52384,0.00196
2491.55961,0.00193
2490.59539,0.00203
2489.63116,0.00229
2488.66693,0.00259
2487.70271,0.00276
2486.73848,0.00272
2485.77426,0.00252
2484.81003,0.00229
2483.84581,0.00210
2482.88158,0.00192
2481.91735,0.00171
2480.95313,0.00146
2479.98890,0.00125
2479.02468,0.00117
2478.06045,0.00121
2477.09622,0.00126
2476.13200,0.00124
2475.16777,0.00118
2474.20355,0.00119
2473.23932,0.00133
2472.27510,0.00154
2471.31087,0.00170
2470.34664,0.00174
2469.38242,0.00170
2468.41819,0.00164
2467.45397,0.00154
2466.48974,0.00139
2465.52551,0.00120
2464.56129,0.00106
2463.59706,0.00103
2462.63284,0.00108
2461.66861,0.00113
2460.70438,0.00112
2459.74016,0.00107
2458.77593,0.00109
2457.81171,0.00125
2456.84748,0.00155
2455.88326,0.00188
2454.91903,0.00211
2453.95480,0.00214
2452.99058,0.00203
2452.02635,0.00194
2451.06213,0.00196
2450.09790,0.00206
2449.13367,0.00208
2448.16945,0.00191
2447.20522,0.00164
2446.24100,0.00147
2445.27677,0.00154
2444.31255,0.00177
2443.34832,0.00193
2442.38409,0.00184
2441.41987,0.00153
2440.45564,0.00120
2439.49142,0.00103
2438.52719,0.00101
2437.56296,0.00102
2436.59874,0.00099
2435.63451,0.00095
2434.67029,0.00100
2433.70606,0.00116
2432.74184,0.00129
2431.77761,0.00128
2430.81338,0.00114
2429.84916,0.00102
2428.88493,0.00102
2427.92071,0.00108
2426.95648,0.00104
2425.99225,0.00083
2425.02803,0.00055
2424.06380,0.00035
2423.09958,0.00033
2422.13535,0.00049
2421.17112,0.00079
2420.20690,0.00114
2419.24267,0.00140
2418.27845,0.00148
2417.31422,0.00139
2416.35000,0.00132
2415.38577,0.00139
2414.42154,0.00157
2413.45732,0.00163
2412.49309,0.00148
2411.52887,0.00122
2410.56464,0.00110
2409.60041,0.00118
2408.63619,0.00133
2407.67196,0.00138
2406.70774,0.00133
2405.74351,0.00130
2404.77929,0.00135
2403.81506,0.00146
2402.85083,0.00155
2401.88661,0.00163
2400.92238,0.00176
2399.95816,0.00196
2398.99393,0.00219
2398.02970,0.00236
2397.06548,0.00244
2396.10125,0.00237
2395.13703,0.00211
2394.17280,0.00170
2393.20857,0.00132
2392.24435,0.00112
2391.28012,0.00116
2390.31590,0.00134
2389.35167,0.00155
2388.38745,0.00179
2387.42322,0.00208
2386.45899,0.00236
2385.49477,0.00250
2384.53054,0.00246
2383.56632,0.00233
2382.60209,0.00223
2381.63786,0.00218
2380.67364,0.00208
2379.70941,0.00195
2378.74519,0.00190
2377.78096,0.00199
2376.81674,0.00209
2375.85251,0.00199
2374.88828,0.00166
2373.92406,0.00128
2372.95983,0.00108
2371.99561,0.00108
2371.03138,0.00106
2370.06715,0.00088
2369.10293,0.00065
2368.13870,0.00060
2367.17448,0.00085
2366.21025,0.00130
2365.24603,0.00174
2364.28180,0.00202
2363.31757,0.00213
2362.35335,0.00213
2361.38912,0.00212
2360.42490,0.00215
2359.46067,0.00219
2358.49644,0.00218
2357.53222,0.00213
2356.56799,0.00217
2355.60377,0.00238
2354.63954,0.00270
2353.67531,0.00294
2352.71109,0.00296
2351.74686,0.00282
2350.78264,0.00271
2349.81841,0.00275
2348.85419,0.00289
2347.88996,0.00300
2346.92573,0.00302
2345.96151,0.00292
2344.99728,0.00267
2344.03306,0.00227
2343.06883,0.00183
2342.10460,0.00158
2341.14038,0.00167
2340.17615,0.00199
2339.21193,0.00225
2338.24770,0.00223
2337.28348,0.00202
2336.31925,0.00182
2335.35502,0.00173
2334.39080,0.00168
2333.42657,0.00161
2332.46235,0.00159
2331.49812,0.00171
2330.53389,0.00194
2329.56967,0.00214
2328.60544,0.00219
2327.64122,0.00210
2326.67699,0.00195
2325.71277,0.00181
2324.74854,0.00168
2323.78431,0.00165
2322.82009,0.00181
2321.85586,0.00216
2320.89164,0.00257
2319.92741,0.00285
2318.96318,0.00289
2317.99896,0.00270
2317.03473,0.00238
2316.07051,0.00203
2315.10628,0.00173
2314.14205,0.00156
2313.17783,0.00156
2312.21360,0.00166
2311.24938,0.00173
2310.28515,0.00166
2309.32093,0.00149
2308.35670,0.00134
2307.39247,0.00125
2306.42825,0.00120
2305.46402,0.00114
2304.49980,0.00109
2303.53557,0.00111
2302.57134,0.00123
2301.60712,0.00138
2300.64289,0.00151
2299.67867,0.00162
2298.71444,0.00175
2297.75022,0.00191
2296.78599,0.00202
2295.82176,0.00202
2294.85754,0.00192
2293.89331,0.00182
2292.92909,0.00181
2291.96486,0.00190
2291.00063,0.00197
2290.03641,0.00194
2289.07218,0.00181
2288.10796,0.00166
2287.14373,0.00155
2286.17950,0.00144
2285.21528,0.00130
2284.25105,0.00110
2283.28683,0.00090
2282.32260,0.00074
2281.35838,0.00066
2280.39415,0.00065
2279.42992,0.00073
2278.46570,0.00094
2277.50147,0.00124
2276.53725,0.00151
2275.57302,0.00165
2274.60879,0.00171
2273.64457,0.00184
2272.68034,0.00212
2271.71612,0.00240
2270.75189,0.00241
2269.78767,0.00202
2268.82344,0.00139
2267.85921,0.00084
2266.89499,0.00059
2265.93076,0.00066
2264.96654,0.00091
2264.00231,0.00121
2263.03808,0.00144
2262.07386,0.00156
2261.10963,0.00158
2260.14541,0.00157
2259.18118,0.00161
2258.21696,0.00166
2257.25273,0.00162
2256.28850,0.00141
2255.32428,0.00117
2254.36005,0.00113
2253.39583,0.00137
2252.43160,0.00172
2251.46737,0.00199
2250.50315,0.00217
2249.53892,0.00246
2248.57470,0.00292
2247.61047,0.00331
2246.64624,0.00330
2245.68202,0.00281
2244.71779,0.00212
2243.75357,0.00161
2242.78934,0.00143
2241.82512,0.00148
2240.86089,0.00160
2239.89666,0.00171
2238.93244,0.00180
2237.96821,0.00182
2237.00399,0.00169
2236.03976,0.00144
2235.07553,0.00119
2234.11131,0.00103
2233.14708,0.00096
2232.18286,0.00088
2231.21863,0.00078
2230.25441,0.00069
2229.29018,0.00069
2228.32595,0.00079
2227.36173,0.00096
2226.39750,0.00119
2225.43328,0.00141
2224.46905,0.00156
2223.50482,0.00155
2222.54060,0.00141
2221.57637,0.00125
2220.61215,0.00120
2219.64792,0.00127
2218.68369,0.00140
2217.71947,0.00147
2216.75524,0.00142
2215.79102,0.00124
2214.82679,0.00100
2213.86257,0.00087
2212.89834,0.00100
2211.93411,0.00136
2210.96989,0.00178
2210.00566,0.00200
2209.04144,0.00196
2208.07721,0.00180
2207.11298,0.00165
2206.14876,0.00155
2205.18453,0.00145
2204.22031,0.00136
2203.25608,0.00137
2202.29186,0.00155
2201.32763,0.00176
2200.36340,0.00183
2199.39918,0.00169
2198.43495,0.00144
2197.47073,0.00122
2196.50650,0.00111
2195.54227,0.00110
2194.57805,0.00120
2193.61382,0.00140
2192.64960,0.00163
2191.68537,0.00180
2190.72115,0.00183
2189.75692,0.00173
2188.79269,0.00159
2187.82847,0.00144
2186.86424,0.00129
2185.90002,0.00116
2184.93579,0.00107
2183.97156,0.00103
2183.00734,0.00101
2182.04311,0.00097
2181.07889,0.00096
2180.11466,0.00100
2179.15043,0.00106
2178.18621,0.00111
2177.22198,0.00113
2176.25776,0.00117
2175.29353,0.00126
2174.32931,0.00133
2173.36508,0.00134
2172.40085,0.00132
2171.43663,0.00134
2170.47240,0.00148
2169.50818,0.00169
2168.54395,0.00192
2167.57972,0.00215
2166.61550,0.00239
2165.65127,0.00257
2164.68705,0.00252
2163.72282,0.00224
2162.75860,0.00190
2161.79437,0.00171
2160.83014,0.00174
2159.86592,0.00183
2158.90169,0.00182
2157.93747,0.00172
2156.97324,0.00159
2156.00901,0.00144
2155.04479,0.00118
2154.08056,0.00086
2153.11634,0.00069
2152.15211,0.00081
2151.18789,0.00115
2150.22366,0.00140
2149.25943,0.00140
2148.29521,0.00125
2147.33098,0.00119
2146.36676,0.00136
2145.40253,0.00167
2144.43830,0.00193
2143.47408,0.00205
2142.50985,0.00207
2141.54563,0.00203
2140.58140,0.00199
2139.61717,0.00195
2138.65295,0.00192
2137.68872,0.00190
2136.72450,0.00186
2135.76027,0.00183
2134.79605,0.00183
2133.83182,0.00191
2132.86759,0.00205
2131.90337,0.00216
2130.93914,0.00225
2129.97492,0.00232
2129.01069,0.00241
2128.04646,0.00247
2127.08224,0.00244
2126.11801,0.00233
2125.15379,0.00222
2124.18956,0.00219
2123.22534,0.00224
2122.26111,0.00226
2121.29688,0.00216
2120.33266,0.00194
2119.36843,0.00169
2118.40421,0.00153
2117.43998,0.00149
2116.47575,0.00155
2115.51153,0.00166
2114.54730,0.00179
2113.58308,0.00198
2112.61885,0.00221
2111.65462,0.00241
2110.69040,0.00252
2109.72617,0.00255
2108.76195,0.00263
2107.79772,0.00290
2106.83350,0.00335
2105.86927,0.00380
2104.90504,0.00407
2103.94082,0.00414
2102.97659,0.00411
2102.01237,0.00411
2101.04814,0.00419
2100.08391,0.00437
2099.11969,0.00467
2098.15546,0.00510
2097.19124,0.00559
2096.22701,0.00602
2095.26279,0.00633
2094.29856,0.00655
2093.33433,0.00670
2092.37011,0.00677
2091.40588,0.00672
2090.44166,0.00657
2089.47743,0.00640
2088.51320,0.00627
2087.54898,0.00613
2086.58475,0.00593
2085.62053,0.00573
2084.65630,0.00562
2083.69208,0.00564
2082.72785,0.00566
2081.76362,0.00553
2080.79940,0.00526
2079.83517,0.00499
2078.87095,0.00481
2077.90672,0.00463
2076.94249,0.00434
2075.97827,0.00392
2075.01404,0.00352
2074.04982,0.00330
2073.08559,0.00325
2072.12136,0.00326
2071.15714,0.00324
2070.19291,0.00319
2069.22869,0.00315
2068.26446,0.00311
2067.30024,0.00298
2066.33601,0.00275
2065.37178,0.00246
2064.40756,0.00221
2063.44333,0.00206
2062.47911,0.00201
2061.51488,0.00199
2060.55065,0.00197
2059.58643,0.00193
2058.62220,0.00191
2057.65798,0.00193
2056.69375,0.00194
2055.72953,0.00190
2054.76530,0.00180
2053.80107,0.00171
2052.83685,0.00172
2051.87262,0.00186
2050.90840,0.00203
2049.94417,0.00215
2048.97994,0.00221
2048.01572,0.00223
2047.05149,0.00218
2046.08727,0.00203
2045.12304,0.00181
2044.15882,0.00161
2043.19459,0.00153
2042.23036,0.00153
2041.26614,0.00152
2040.30191,0.00143
2039.33769,0.00133
2038.37346,0.00132
2037.40923,0.00140
2036.44501,0.00151
2035.48078,0.00158
2034.51656,0.00159
2033.55233,0.00155
2032.58810,0.00144
2031.62388,0.00127
2030.65965,0.00110
2029.69543,0.00101
2028.73120,0.00100
2027.76698,0.00099
2026.80275,0.00091
2025.83852,0.00079
2024.87430,0.00074
2023.91007,0.00085
2022.94585,0.00108
2021.98162,0.00131
2021.01739,0.00142
2020.05317,0.00140
2019.08894,0.00129
2018.12472,0.00121
2017.16049,0.00127
2016.19627,0.00150
2015.23204,0.00178
2014.26781,0.00191
2013.30359,0.00177
2012.33936,0.00145
2011.37514,0.00115
2010.41091,0.00102
2009.44668,0.00104
2008.48246,0.00111
2007.51823,0.00113
2006.55401,0.00113
2005.58978,0.00113
2004.62555,0.00115
2003.66133,0.00118
2002.69710,0.00122
2001.73288,0.00133
2000.76865,0.00153
1999.80443,0.00179
1998.84020,0.00205
1997.87597,0.00223
1996.91175,0.00230
1995.94752,0.00231
1994.98330,0.00231
1994.01907,0.00227
1993.05484,0.00210
1992.09062,0.00175
1991.12639,0.00130
1990.16217,0.00097
1989.19794,0.00095
1988.23372,0.00116
1987.26949,0.00137
1986.30526,0.00138
1985.34104,0.00125
1984.37681,0.00118
1983.41259,0.00134
1982.44836,0.00167
1981.48413,0.00198
1980.51991,0.00212
1979.55568,0.00211
1978.59146,0.00204
1977.62723,0.00200
1976.66301,0.00201
1975.69878,0.00201
1974.73455,0.00192
1973.77033,0.00167
1972.80610,0.00129
1971.84188,0.00090
1970.87765,0.00070
1969.91342,0.00078
1968.94920,0.00107
1967.98497,0.00138
1967.02075,0.00154
1966.05652,0.00153
1965.09229,0.00143
1964.12807,0.00138
1963.16384,0.00146
1962.19962,0.00166
1961.23539,0.00185
1960.27117,0.00193
1959.30694,0.00185
1958.34271,0.00172
1957.37849,0.00167
1956.41426,0.00174
1955.45004,0.00184
1954.48581,0.00188
1953.52158,0.00182
1952.55736,0.00171
1951.59313,0.00159
1950.62891,0.00151
1949.66468,0.00149
1948.70046,0.00156
1947.73623,0.00168
1946.77200,0.00172
1945.80778,0.00156
1944.84355,0.00123
1943.87933,0.00090
1942.91510,0.00075
1941.95087,0.00082
1940.98665,0.00101
1940.02242,0.00119
1939.05820,0.00128
1938.09397,0.00128
1937.12974,0.00119
1936.16552,0.00112
1935.20129,0.00117
1934.23707,0.00136
1933.27284,0.00158
1932.30862,0.00166
1931.34439,0.00160
1930.38016,0.00157
1929.41594,0.00176
1928.45171,0.00219
1927.48749,0.00266
1926.52326,0.00289
1925.55903,0.00274
1924.59481,0.00225
1923.63058,0.00157
1922.66636,0.00097
1921.70213,0.00062
1920.73791,0.00061
1919.77368,0.00084
1918.80945,0.00114
1917.84523,0.00138
1916.88100,0.00150
1915.91678,0.00149
1914.95255,0.00133
1913.98832,0.00104
1913.02410,0.00077
1912.05987,0.00068
1911.09565,0.00085
1910.13142,0.00117
1909.16720,0.00146
1908.20297,0.00166
1907.23874,0.00179
1906.27452,0.00192
1905.31029,0.00199
1904.34607,0.00193
1903.38184,0.00175
1902.41761,0.00154
1901.45339,0.00144
1900.48916,0.00148
1899.52494,0.00159
1898.56071,0.00168
1897.59648,0.00169
1896.63226,0.00156
1895.66803,0.00134
1894.70381,0.00116
1893.73958,0.00116
1892.77536,0.00139
1891.81113,0.00173
1890.84690,0.00196
1889.88268,0.00195
1888.91845,0.00175
1887.95423,0.00159
1886.99000,0.00164
1886.02577,0.00193
1885.06155,0.00231
1884.09732,0.00254
1883.13310,0.00252
1882.16887,0.00234
1881.20465,0.00219
1880.24042,0.00219
1879.27619,0.00228
1878.31197,0.00235
1877.34774,0.00231
1876.38352,0.00219
1875.41929,0.00204
1874.45506,0.00181
1873.49084,0.00151
1872.52661,0.00123
1871.56239,0.00111
1870.59816,0.00115
1869.63394,0.00120
1868.66971,0.00117
1867.70548,0.00113
1866.74126,0.00125
1865.77703,0.00154
1864.81281,0.00179
1863.84858,0.00184
1862.88435,0.00171
1861.92013,0.00157
1860.95590,0.00148
1859.99168,0.00138
1859.02745,0.00122
1858.06322,0.00111
1857.09900,0.00116
1856.13477,0.00134
1855.17055,0.00141
1854.20632,0.00123
1853.24210,0.00090
1852.27787,0.00064
1851.31364,0.00060
1850.34942,0.00073
1849.38519,0.00097
1848.42097,0.00130
1847.45674,0.00171
1846.49251,0.00209
1845.52829,0.00227
1844.56406,0.00220
1843.59984,0.00202
1842.63561,0.00190
1841.67139,0.00193
1840.70716,0.00208
1839.74293,0.00226
1838.77871,0.00242
1837.81448,0.00247
1836.85026,0.00239
1835.88603,0.00224
1834.92180,0.00215
1833.95758,0.00222
1832.99335,0.00237
1832.02913,0.00243
1831.06490,0.00229
1830.10067,0.00204
1829.13645,0.00182
1828.17222,0.00171
1827.20800,0.00172
1826.24377,0.00181
1825.27955,0.00192
1824.31532,0.00201
1823.35109,0.00203
1822.38687,0.00200
1821.42264,0.00203
1820.45842,0.00217
1819.49419,0.00238
1818.52996,0.00248
1817.56574,0.00242
1816.60151,0.00224
1815.63729,0.00210
1814.67306,0.00208
1813.70884,0.00215
1812.74461,0.00224
1811.78038,0.00232
1810.81616,0.00239
1809.85193,0.00243
1808.88771,0.00241
1807.92348,0.00233
1806.95925,0.00219
1805.99503,0.00202
1805.03080,0.00184
1804.06658,0.00171
1803.10235,0.00169
1802.13813,0.00184
1801.17390,0.00210
1800.20967,0.00233
1799.24545,0.00238
1798.28122,0.00222
1797.31700,0.00190
1796.35277,0.00157
1795.38854,0.00136
1794.42432,0.00139
1793.46009,0.00166
1792.49587,0.00204
1791.53164,0.00235
1790.56741,0.00244
1789.60319,0.00233
1788.63896,0.00214
1787.67474,0.00199
1786.71051,0.00195
1785.74629,0.00200
1784.78206,0.00213
1783.81783,0.00230
1782.85361,0.00245
1781.88938,0.00254
1780.92516,0.00257
1779.96093,0.00261
1778.99670,0.00270
1778.03248,0.00280
1777.06825,0.00282
1776.10403,0.00271
1775.13980,0.00251
1774.17558,0.00233
1773.21135,0.00225
1772.24712,0.00225
1771.28290,0.00225
1770.31867,0.00221
1769.35445,0.00216
1768.39022,0.00217
1767.42599,0.00227
1766.46177,0.00243
1765.49754,0.00260
1764.53332,0.00274
1763.56909,0.00281
1762.60487,0.00277
1761.64064,0.00257
1760.67641,0.00226
1759.71219,0.00196
1758.74796,0.00183
1757.78374,0.00193
1756.81951,0.00219
1755.85528,0.00249
1754.89106,0.00280
1753.92683,0.00311
1752.96261,0.00341
1751.99838,0.00355
1751.03415,0.00345
1750.06993,0.00315
1749.10570,0.00289
1748.14148,0.00284
1747.17725,0.00303
1746.21303,0.00330
1745.24880,0.00351
1744.28457,0.00362
1743.32035,0.00364
1742.35612,0.00355
1741.39190,0.00337
1740.42767,0.00319
1739.46344,0.00317
1738.49922,0.00339
1737.53499,0.00377
1736.57077,0.00410
1735.60654,0.00427
1734.64232,0.00426
1733.67809,0.00416
1732.71386,0.00403
1731.74964,0.00392
1730.78541,0.00390
1729.82119,0.00397
1728.85696,0.00412
1727.89273,0.00423
1726.92851,0.00424
1725.96428,0.00414
1725.00006,0.00403
1724.03583,0.00393
1723.07160,0.00386
1722.10738,0.00380
1721.14315,0.00381
1720.17893,0.00393
1719.21470,0.00416
1718.25048,0.00438
1717.28625,0.00447
1716.32202,0.00441
1715.35780,0.00427
1714.39357,0.00414
1713.42935,0.00405
1712.46512,0.00396
1711.50089,0.00385
1710.53667,0.00377
1709.57244,0.00379
1708.60822,0.00395
1707.64399,0.00421
1706.67977,0.00448
1705.71554,0.00470
1704.75131,0.00486
1703.78709,0.00499
1702.82286,0.00512
1701.85864,0.00517
1700.89441,0.00510
1699.93018,0.00493
1698.96596,0.00480
1698.00173,0.00485
1697.03751,0.00509
1696.07328,0.00533
1695.10906,0.00541
1694.14483,0.00527
1693.18060,0.00505
1692.21638,0.00493
1691.25215,0.00496
1690.28793,0.00508
1689.32370,0.00520
1688.35947,0.00530
1687.39525,0.00537
1686.43102,0.00540
1685.46680,0.00537
1684.50257,0.00528
1683.53834,0.00519
1682.57412,0.00517
1681.60989,0.00520
1680.64567,0.00519
1679.68144,0.00511
1678.71722,0.00500
1677.75299,0.00499
1676.78876,0.00510
1675.82454,0.00526
1674.86031,0.00532
1673.89609,0.00519
1672.93186,0.00494
1671.96763,0.00473
1671.00341,0.00470
1670.03918,0.00494
1669.07496,0.00537
1668.11073,0.00582
1667.14651,0.00612
1666.18228,0.00615
1665.21805,0.00597
1664.25383,0.00574
1663.28960,0.00558
1662.32538,0.00551
1661.36115,0.00547
1660.39692,0.00541
1659.43270,0.00536
1658.46847,0.00536
1657.50425,0.00536
1656.54002,0.00531
1655.57579,0.00518
1654.61157,0.00502
1653.64734,0.00494
1652.68312,0.00495
1651.71889,0.00499
1650.75467,0.00499
1649.79044,0.00497
1648.82621,0.00498
1647.86199,0.00505
1646.89776,0.00512
1645.93354,0.00511
1644.96931,0.00500
1644.00508,0.00484
1643.04086,0.00471
1642.07663,0.00465
1641.11241,0.00468
1640.14818,0.00476
1639.18396,0.00486
1638.21973,0.00494
1637.25550,0.00499
1636.29128,0.00502
1635.32705,0.00502
1634.36283,0.00497
1633.39860,0.00483
1632.43437,0.00464
1631.47015,0.00447
1630.50592,0.00441
1629.54170,0.00445
1628.57747,0.00451
1627.61325,0.00449
1626.64902,0.00437
1625.68479,0.00424
1624.72057,0.00421
1623.75634,0.00434
1622.79212,0.00456
1621.82789,0.00472
1620.86366,0.00469
1619.89944,0.00447
1618.93521,0.00420
1617.97099,0.00398
1617.00676,0.00385
1616.04253,0.00374
1615.07831,0.00359
1614.11408,0.00341
1613.14986,0.00330
1612.18563,0.00331
1611.22141,0.00342
1610.25718,0.00357
1609.29295,0.00367
1608.32873,0.00368
1607.36450,0.00357
1606.40028,0.00334
1605.43605,0.00305
1604.47182,0.00282
1603.50760,0.00275
1602.54337,0.00287
1601.57915,0.00311
1600.61492,0.00337
1599.65070,0.00354
1598.68647,0.00358
1597.72224,0.00349
1596.75802,0.00331
1595.79379,0.00319
1594.82957,0.00322
1593.86534,0.00342
1592.90111,0.00364
1591.93689,0.00370
1590.97266,0.00345
1590.00844,0.00293
1589.04421,0.00232
1588.07999,0.00189
1587.11576,0.00187
1586.15153,0.00227
1585.18731,0.00287
1584.22308,0.00332
1583.25886,0.00341
1582.29463,0.00319
1581.33040,0.00290
1580.36618,0.00276
1579.40195,0.00278
1578.43773,0.00281
1577.47350,0.00270
1576.50927,0.00242
1575.54505,0.00209
1574.58082,0.00183
1573.61660,0.00174
1572.65237,0.00187
1571.68815,0.00219
1570.72392,0.00261
1569.75969,0.00293
1568.79547,0.00296
1567.83124,0.00268
1566.86702,0.00225
1565.90279,0.00193
1564.93856,0.00185
1563.97434,0.00199
1563.01011,0.00220
1562.04589,0.00241
1561.08166,0.00260
1560.11744,0.00282
1559.15321,0.00303
1558.18898,0.00312
1557.22476,0.00298
1556.26053,0.00261
1555.29631,0.00215
1554.33208,0.00181
1553.36785,0.00168
1552.40363,0.00176
1551.43940,0.00190
1550.47518,0.00196
1549.51095,0.00189
1548.54672,0.00177
1547.58250,0.00175
1546.61827,0.00190
1545.65405,0.00216
1544.68982,0.00238
1543.72560,0.00246
1542.76137,0.00242
1541.79714,0.00236
1540.83292,0.00233
1539.86869,0.00232
1538.90447,0.00226
1537.94024,0.00217
1536.97601,0.00210
1536.01179,0.00209
1535.04756,0.00210
1534.08334,0.00209
1533.11911,0.00198
1532.15489,0.00175
1531.19066,0.00144
1530.22643,0.00116
1529.26221,0.00106
1528.29798,0.00120
1527.33376,0.00147
1526.36953,0.00164
1525.40530,0.00158
1524.44108,0.00143
1523.47685,0.00150
1522.51263,0.00191
1521.54840,0.00244
1520.58418,0.00271
1519.61995,0.00257
1518.65572,0.00222
1517.69150,0.00196
1516.72727,0.00188
1515.76305,0.00185
1514.79882,0.00173
1513.83459,0.00158
1512.87037,0.00156
1511.90614,0.00174
1510.94192,0.00204
1509.97769,0.00231
1509.01346,0.00249
1508.04924,0.00259
1507.08501,0.00265
1506.12079,0.00266
1505.15656,0.00260
1504.19234,0.00245
1503.22811,0.00221
1502.26388,0.00189
1501.29966,0.00155
1500.33543,0.00133
1499.37121,0.00133
1498.40698,0.00153
1497.44275,0.00178
1496.47853,0.00193
1495.51430,0.00197
1494.55008,0.00194
1493.58585,0.00190
1492.62163,0.00185
1491.65740,0.00183
1490.69317,0.00194
1489.72895,0.00226
1488.76472,0.00269
1487.80050,0.00301
1486.83627,0.00297
1485.87204,0.00252
1484.90782,0.00184
1483.94359,0.00122
1482.97937,0.00090
1482.01514,0.00099
1481.05092,0.00142
1480.08669,0.00199
1479.12246,0.00243
1478.15824,0.00261
1477.19401,0.00257
1476.22979,0.00245
1475.26556,0.00234
1474.30133,0.00223
1473.33711,0.00207
1472.37288,0.00191
1471.40866,0.00183
1470.44443,0.00181
1469.48020,0.00178
1468.51598,0.00171
1467.55175,0.00176
1466.58753,0.00208
1465.62330,0.00254
1464.65908,0.00275
1463.69485,0.00244
1462.73062,0.00180
1461.76640,0.00134
1460.80217,0.00146
1459.83795,0.00200
1458.87372,0.00246
1457.90949,0.00240
1456.94527,0.00180
1455.98104,0.00098
1455.01682,0.00033
1454.05259,0.00008
1453.08837,0.00028
1452.12414,0.00077
1451.15991,0.00115
1450.19569,0.00108
1449.23146,0.00051
1448.26724,-0.00018
1447.30301,-0.00050
1446.33878,-0.00030
1445.37456,0.00019
1444.41033,0.00064
1443.44611,0.00088
1442.48188,0.00092
1441.51765,0.00081
1440.55343,0.00056
1439.58920,0.00029
1438.62498,0.00017
1437.66075,0.00028
1436.69653,0.00049
1435.73230,0.00065
1434.76807,0.00082
1433.80385,0.00116
1432.83962,0.00173
1431.87540,0.00228
1430.91117,0.00254
1429.94694,0.00247
1428.98272,0.00239
1428.01849,0.00260
1427.05427,0.00312
1426.09004,0.00368
1425.12582,0.00404
1424.16159,0.00417
1423.19736,0.00419
1422.23314,0.00419
1421.26891,0.00413
1420.30469,0.00391
1419.34046,0.00348
1418.37623,0.00288
1417.41201,0.00222
1416.44778,0.00167
1415.48356,0.00136
1414.51933,0.00137
1413.55511,0.00169
1412.59088,0.00215
1411.62665,0.00254
1410.66243,0.00270
1409.69820,0.00267
1408.73398,0.00257
1407.76975,0.00254
1406.80552,0.00251
1405.84130,0.00227
1404.87707,0.00169
1403.91285,0.00094
1402.94862,0.00039
1401.98439,0.00033
1401.02017,0.00069
1400.05594,0.00113
1399.09172,0.00135
1398.12749,0.00131
1397.16327,0.00118
1396.19904,0.00112
1395.23481,0.00112
1394.27059,0.00107
1393.30636,0.00090
1392.34214,0.00061
1391.37791,0.00030
1390.41368,0.00004
1389.44946,-0.00010
1388.48523,-0.00013
1387.52101,-0.00006
1386.55678,0.00008
1385.59256,0.00029
1384.62833,0.00054
1383.66410,0.00072
1382.69988,0.00072
1381.73565,0.00054
1380.77143,0.00034
1379.80720,0.00038
1378.84297,0.00076
1377.87875,0.00136
1376.91452,0.00198
1375.95030,0.00249
1374.98607,0.00280
1374.02184,0.00288
1373.05762,0.00269
1372.09339,0.00228
1371.12917,0.00179
1370.16494,0.00138
1369.20072,0.00115
1368.23649,0.00113
1367.27226,0.00133
1366.30804,0.00170
1365.34381,0.00211
1364.37959,0.00241
1363.41536,0.00261
1362.45113,0.00279
1361.48691,0.00304
1360.52268,0.00322
1359.55846,0.00313
1358.59423,0.00272
1357.63001,0.00214
1356.66578,0.00164
1355.70155,0.00130
1354.73733,0.00111
1353.77310,0.00107
1352.80888,0.00123
1351.84465,0.00158
1350.88042,0.00198
1349.91620,0.00224
1348.95197,0.00229
1347.98775,0.00218
1347.02352,0.00201
1346.05930,0.00182
1345.09507,0.00171
1344.13084,0.00180
1343.16662,0.00213
1342.20239,0.00251
1341.23817,0.00266
1340.27394,0.00249
1339.30971,0.00217
1338.34549,0.00191
1337.38126,0.00176
1336.41704,0.00162
1335.45281,0.00145
1334.48858,0.00138
1333.52436,0.00144
1332.56013,0.00153
1331.59591,0.00147
1330.63168,0.00129
1329.66746,0.00118
1328.70323,0.00119
1327.73900,0.00116
1326.77478,0.00086
1325.81055,0.00043
1324.84633,0.00030
1323.88210,0.00081
1322.91787,0.00178
1321.95365,0.00264
1320.98942,0.00284
1320.02520,0.00227
1319.06097,0.00128
1318.09675,0.00036
1317.13252,-0.00011
1316.16829,-0.00005
1315.20407,0.00041
1314.23984,0.00104
1313.27562,0.00162
1312.31139,0.00198
1311.34716,0.00203
1310.38294,0.00181
1309.41871,0.00152
1308.45449,0.00146
1307.49026,0.00177
1306.52604,0.00231
1305.56181,0.00278
1304.59758,0.00303
1303.63336,0.00323
1302.66913,0.00363
1301.70491,0.00415
1300.74068,0.00442
1299.77645,0.00409
1298.81223,0.00320
1297.84800,0.00208
1296.88378,0.00104
1295.91955,0.00023
1294.95532,-0.00020
1293.99110,-0.00004
1293.02687,0.00072
1292.06265,0.00175
1291.09842,0.00250
1290.13420,0.00264
1289.16997,0.00234
1288.20574,0.00193
1287.24152,0.00161
1286.27729,0.00134
1285.31307,0.00114
1284.34884,0.00120
1283.38461,0.00166
1282.42039,0.00230
1281.45616,0.00268
1280.49194,0.00255
1279.52771,0.00210
1278.56349,0.00178
1277.59926,0.00189
1276.63503,0.00239
1275.67081,0.00298
1274.70658,0.00339
1273.74236,0.00348
1272.77813,0.00330
1271.81390,0.00304
1270.84968,0.00293
1269.88545,0.00312
1268.92123,0.00351
1267.95700,0.00379
1266.99277,0.00367
1266.02855,0.00308
1265.06432,0.00233
1264.10010,0.00182
1263.13587,0.00181
1262.17165,0.00218
1261.20742,0.00258
1260.24319,0.00268
1259.27897,0.00252
1258.31474,0.00235
1257.35052,0.00244
1256.38629,0.00277
1255.42206,0.00309
1254.45784,0.00320
1253.49361,0.00312
1252.52939,0.00300
1251.56516,0.00291
1250.60094,0.00280
1249.63671,0.00255
1248.67248,0.00218
1247.70826,0.00179
1246.74403,0.00149
1245.77981,0.00135
1244.81558,0.00146
1243.85135,0.00184
1242.88713,0.00238
1241.92290,0.00284
1240.95868,0.00303
1239.99445,0.00293
1239.03023,0.00270
1238.06600,0.00238
1237.10177,0.00195
1236.13755,0.00143
1235.17332,0.00109
1234.20910,0.00126
1233.24487,0.00199
1232.28064,0.00285
1231.31642,0.00332
1230.35219,0.00314
1229.38797,0.00252
1228.42374,0.00185
1227.45951,0.00137
1226.49529,0.00105
1225.53106,0.00076
1224.56684,0.00043
1223.60261,0.00014
1222.63839,0.00010
1221.67416,0.00052
1220.70993,0.00141
1219.74571,0.00250
1218.78148,0.00341
1217.81726,0.00385
1216.85303,0.00379
1215.88880,0.00337
1214.92458,0.00276
1213.96035,0.00209
1212.99613,0.00156
1212.03190,0.00139
1211.06768,0.00154
1210.10345,0.00170
1209.13922,0.00157
1208.17500,0.00123
1207.21077,0.00110
1206.24655,0.00143
1205.28232,0.00198
1204.31809,0.00227
1203.35387,0.00213
1202.38964,0.00182
1201.42542,0.00167
1200.46119,0.00161
1199.49697,0.00132
1198.53274,0.00077
1197.56851,0.00028
1196.60429,0.00018
1195.64006,0.00032
1194.67584,0.00025
1193.71161,-0.00025
1192.74738,-0.00094
1191.78316,-0.00137
1190.81893,-0.00131
1189.85471,-0.00072
1188.89048,0.00034
1187.92625,0.00175
1186.96203,0.00315
1185.99780,0.00400
1185.03358,0.00408
1184.06935,0.00372
1183.10513,0.00357
1182.14090,0.00398
1181.17667,0.00465
1180.21245,0.00497
1179.24822,0.00456
1178.28400,0.00354
1177.31977,0.00225
1176.35554,0.00098
1175.39132,-0.00009
1174.42709,-0.00086
1173.46287,-0.00119
1172.49864,-0.00102
1171.53442,-0.00039
1170.57019,0.00047
1169.60596,0.00116
1168.64174,0.00142
1167.67751,0.00138
1166.71329,0.00163
1165.74906,0.00270
1164.78483,0.00441
1163.82061,0.00582
1162.85638,0.00603
1161.89216,0.00504
1160.92793,0.00375
1159.96370,0.00302
1158.99948,0.00291
1158.03525,0.00282
1157.07103,0.00241
1156.10680,0.00203
1155.14258,0.00230
1154.17835,0.00334
1153.21412,0.00454
1152.24990,0.00510
1151.28567,0.00477
1150.32145,0.00398
1149.35722,0.00331
1148.39299,0.00291
1147.42877,0.00241
1146.46454,0.00132
1145.50032,-0.00035
1144.53609,-0.00211
1143.57187,-0.00338
1142.60764,-0.00406
1141.64341,-0.00453
1140.67919,-0.00512
1139.71496,-0.00559
1138.75074,-0.00543
1137.78651,-0.00449
1136.82228,-0.00331
1135.85806,-0.00267
1134.89383,-0.00280
1133.92961,-0.00315
1132.96538,-0.00294
1132.00116,-0.00184
1131.03693,-0.00014
1130.07270,0.00151
1129.10848,0.00253
1128.14425,0.00258
1127.18003,0.00170
1126.21580,0.00033
1125.25157,-0.00086
1124.28735,-0.00129
1123.32312,-0.00095
1122.35890,-0.00039
1121.39467,-0.00030
1120.43044,-0.00094
1119.46622,-0.00189
1118.50199,-0.00223
1117.53777,-0.00128
1116.57354,0.00070
1115.60932,0.00251
1114.64509,0.00287
1113.68086,0.00151
1112.71664,-0.00055
1111.75241,-0.00186
1110.78819,-0.00191
1109.82396,-0.00134
1108.85973,-0.00092
1107.89551,-0.00067
1106.93128,-0.00016
1105.96706,0.00051
1105.00283,0.00056
1104.03861,-0.00041
1103.07438,-0.00167
1102.11015,-0.00196
1101.14593,-0.00104
1100.18170,-0.00005
1099.21748,-0.00031
1098.25325,-0.00191
1097.28902,-0.00367
1096.32480,-0.00452
1095.36057,-0.00437
1094.39635,-0.00384
1093.43212,-0.00335
1092.46790,-0.00294
1091.50367,-0.00272
1090.53944,-0.00302
1089.57522,-0.00387
1088.61099,-0.00462
1087.64677,-0.00443
1086.68254,-0.00317
1085.71831,-0.00155
1084.75409,-0.00030
1083.78986,0.00070
1082.82564,0.00215
1081.86141,0.00434
1080.89718,0.00651
1079.93296,0.00729
1078.96873,0.00594
1078.00451,0.00314
1077.04028,0.00062
1076.07606,-0.00005
1075.11183,0.00143
1074.14760,0.00398
1073.18338,0.00594
1072.21915,0.00621
1071.25493,0.00487
1070.29070,0.00283
1069.32647,0.00107
1068.36225,0.00003
1067.39802,-0.00034
1066.43380,-0.00024
1065.46957,0.00014
1064.50535,0.00060
1063.54112,0.00085
1062.57689,0.00071
1061.61267,0.00022
1060.64844,-0.00046
1059.68422,-0.00123
1058.71999,-0.00212
1057.75576,-0.00304
1056.79154,-0.00375
1055.82731,-0.00396
1054.86309,-0.00358
1053.89886,-0.00277
1052.93463,-0.00175
1051.97041,-0.00070
1051.00618,0.00028
1050.04196,0.00099
1049.07773,0.00123
1048.11351,0.00095
1047.14928,0.00036
1046.18505,-0.00012
1045.22083,-0.00017
1044.25660,0.00029
1043.29238,0.00106
1042.32815,0.00182
1041.36392,0.00231
1040.39970,0.00248
1039.43547,0.00244
1038.47125,0.00234
1037.50702,0.00221
1036.54280,0.00190
1035.57857,0.00128
1034.61434,0.00044
1033.65012,-0.00027
1032.68589,-0.00050
1031.72167,-0.00013
1030.75744,0.00062
1029.79321,0.00139
1028.82899,0.00197
1027.86476,0.00236
1026.90054,0.00273
1025.93631,0.00325
1024.97209,0.00397
1024.00786,0.00481
1023.04363,0.00547
1022.07941,0.00553
1021.11518,0.00481
1020.15096,0.00354
1019.18673,0.00242
1018.22250,0.00206
1017.25828,0.00253
1016.29405,0.00327
1015.32983,0.00356
1014.36560,0.00310
1013.40137,0.00218
1012.43715,0.00135
1011.47292,0.00096
1010.50870,0.00105
1009.54447,0.00155
1008.58025,0.00233
1007.61602,0.00313
1006.65179,0.00356
1005.68757,0.00331
1004.72334,0.00245
1003.75912,0.00145
1002.79489,0.00083
1001.83066,0.00076
1000.86644,0.00102
999.90221,0.00119
998.93799,0.00097
997.97376,0.00031
997.00954,-0.00055
996.04531,-0.00127
995.08108,-0.00162
994.11686,-0.00165
993.15263,-0.00158
992.18841,-0.00167
991.22418,-0.00204
990.25995,-0.00262
989.29573,-0.00320
988.33150,-0.00349
987.36728,-0.00317
986.40305,-0.00212
985.43882,-0.00060
984.47460,0.00092
983.51037,0.00206
982.54615,0.00276
981.58192,0.00306
980.61770,0.00282
979.65347,0.00181
978.68924,0.00019
977.72502,-0.00135
976.76079,-0.00217
975.79657,-0.00227
974.83234,-0.00206
973.86811,-0.00158
972.90389,-0.00023
971.93966,0.00231
970.97544,0.00505
970.01121,0.00615
969.04699,0.00453
968.08276,0.00106
967.11853,-0.00207
966.15431,-0.00317
965.19008,-0.00214
964.22586,-0.00009
963.26163,0.00170
962.29740,0.00245
961.33318,0.00188
960.36895,0.00030
959.40473,-0.00130
958.44050,-0.00188
957.47628,-0.00130
956.51205,-0.00067
955.54782,-0.00131
954.58360,-0.00328
953.61937,-0.00517
952.65515,-0.00540
951.69092,-0.00370
950.72669,-0.00100
949.76247,0.00159
948.79824,0.00363
947.83402,0.00494
946.86979,0.00518
945.90556,0.00403
944.94134,0.00188
943.97711,-0.00001
943.01289,-0.00034
942.04866,0.00134
941.08444,0.00428
940.12021,0.00707
939.15598,0.00823
938.19176,0.00691
937.22753,0.00348
936.26331,-0.00035
935.29908,-0.00227
934.33485,-0.00100
933.37063,0.00263
932.40640,0.00613
931.44218,0.00728
930.47795,0.00587
929.51373,0.00354
928.54950,0.00220
927.58527,0.00259
926.62105,0.00401
925.65682,0.00516
924.69260,0.00524
923.72837,0.00431
922.76414,0.00288
921.79992,0.00129
920.83569,-0.00045
919.87147,-0.00222
918.90724,-0.00337
917.94302,-0.00305
916.97879,-0.00114
916.01456,0.00112
915.05034,0.00186
914.08611,0.00025
913.12189,-0.00254
912.15766,-0.00412
911.19343,-0.00300
910.22921,0.00001
909.26498,0.00244
908.30076,0.00254
907.33653,0.00081
906.37230,-0.00059
905.40808,0.00004
904.44385,0.00251
903.47963,0.00512
902.51540,0.00622
901.55118,0.00543
900.58695,0.00369
899.62272,0.00219
898.65850,0.00162
897.69427,0.00203
896.73005,0.00317
895.76582,0.00453
894.80159,0.00543
893.83737,0.00545
892.87314,0.00501
891.90892,0.00524
890.94469,0.00683
889.98047,0.00885
889.01624,0.00901
888.05201,0.00553
887.08779,-0.00101
886.12356,-0.00777
885.15934,-0.01178
884.19511,-0.01207
883.23088,-0.00975
882.26666,-0.00668
881.30243,-0.00419
880.33821,-0.00281
879.37398,-0.00243
878.40975,-0.00252
877.44553,-0.00229
876.48130,-0.00141
875.51708,-0.00040
874.55285,-0.00016
873.58863,-0.00081
872.62440,-0.00138
871.66017,-0.00101
870.69595,-0.00017
869.73172,-0.00016
868.76750,-0.00139
867.80327,-0.00259
866.83904,-0.00216
865.87482,-0.00028
864.91059,0.00095
863.94637,-0.00040
862.98214,-0.00423
862.01792,-0.00845
861.05369,-0.01107
860.08946,-0.01151
859.12524,-0.01029
858.16101,-0.00791
857.19679,-0.00473
856.23256,-0.00152
855.26833,0.00064
854.30411,0.00131
853.33988,0.00137
852.37566,0.00227
851.41143,0.00457
850.44721,0.00738
849.48298,0.00915
848.51875,0.00887
847.55453,0.00659
846.59030,0.00312
845.62608,-0.00041
844.66185,-0.00273
843.69762,-0.00270
842.73340,0.00013
841.76917,0.00476
840.80495,0.00886
839.84072,0.01005
838.87649,0.00755
837.91227,0.00276
836.94804,-0.00184
835.98382,-0.00451
835.01959,-0.00520
834.05537,-0.00496
833.09114,-0.00448
832.12691,-0.00349
831.16269,-0.00145
830.19846,0.00145
829.23424,0.00419
828.27001,0.00587
827.30578,0.00646
826.34156,0.00648
825.37733,0.00616
824.41311,0.00517
823.44888,0.00347
822.48466,0.00202
821.52043,0.00229
820.55620,0.00469
819.59198,0.00766
818.62775,0.00863
817.66353,0.00609
816.69930,0.00109
815.73507,-0.00338
814.77085,-0.00438
813.80662,-0.00123
812.84240,0.00411
811.87817,0.00853
810.91395,0.00981
809.94972,0.00758
808.98549,0.00289
808.02127,-0.00261
807.05704,-0.00731
806.09282,-0.00990
805.12859,-0.00976
804.16436,-0.00735
803.20014,-0.00410
802.23591,-0.00132
801.27169,0.00087
800.30746,0.00323
799.34323,0.00601
798.37901,0.00814
797.41478,0.00819
796.45056,0.00614
795.48633,0.00400
794.52211,0.00397
793.55788,0.00617
792.59365,0.00852
791.62943,0.00868
790.66520,0.00620
789.70098,0.00267
788.73675,0.00018
787.77252,-0.00036
786.80830,0.00043
785.84407,0.00116
784.87985,0.00075
783.91562,-0.00077
782.95140,-0.00231
781.98717,-0.00260
781.02294,-0.00128
780.05872,0.00056
779.09449,0.00119
778.13027,-0.00023
777.16604,-0.00288
776.20181,-0.00508
775.23759,-0.00583
774.27336,-0.00558
773.30914,-0.00549
772.34491,-0.00603
771.38068,-0.00647
770.41646,-0.00550
769.45223,-0.00268
768.48801,0.00087
767.52378,0.00314
766.55956,0.00285
765.59533,0.00045
764.63110,-0.00234
763.66688,-0.00383
762.70265,-0.00345
761.73843,-0.00176
760.77420,0.00013
759.80997,0.00115
758.84575,0.00058
757.88152,-0.00159
756.91730,-0.00431
755.95307,-0.00591
754.98885,-0.00548
754.02462,-0.00389
753.06039,-0.00303
752.09617,-0.00379
751.13194,-0.00506
750.16772,-0.00498
749.20349,-0.00311
748.23926,-0.00086
747.27504,0.00016
746.31081,-0.00006
745.34659,-0.00034
744.38236,-0.00001
743.41814,0.00040
742.45391,0.00018
741.48968,-0.00030
740.52546,-0.00005
739.56123,0.00122
738.59701,0.00263
737.63278,0.00304
736.66855,0.00213
735.70433,0.00025
734.74010,-0.00223
733.77588,-0.00494
732.81165,-0.00705
731.84742,-0.00747
730.88320,-0.00588
729.91897,-0.00315
728.95475,-0.00051
727.99052,0.00155
727.02630,0.00310
726.06207,0.00383
725.09784,0.00283
724.13362,-0.00024
723.16939,-0.00401
722.20517,-0.00595
721.24094,-0.00451
720.27671,-0.00041
719.31249,0.00423
718.34826,0.00756
717.38404,0.00894
716.41981,0.00862
715.45559,0.00711
714.49136,0.00494
713.52713,0.00272
712.56291,0.00102
711.59868,0.00009
710.63446,-0.00021
709.67023,-0.00020
708.70600,-0.00016
707.74178,-0.00004
706.77755,0.00048
705.81333,0.00163
704.84910,0.00305
703.88487,0.00376
702.92065,0.00284
701.95642,0.00049
700.99220,-0.00177
700.02797,-0.00234
699.06375,-0.00077
698.09952,0.00188
697.13529,0.00406
696.17107,0.00499
695.20684,0.00490
694.24262,0.00441
693.27839,0.00386
692.31416,0.00330
691.34994,0.00266
690.38571,0.00183
689.42149,0.00054
688.45726,-0.00120
687.49304,-0.00274
686.52881,-0.00313
685.56458,-0.00220
684.60036,-0.00082
683.63613,-0.00005
682.67191,-0.00000
681.70768,0.00018
680.74345,0.00122
679.77923,0.00296
678.81500,0.00482
677.85078,0.00674
676.88655,0.00913
675.92233,0.01182
674.95810,0.01355
673.99387,0.01296
673.02965,0.01012
672.06542,0.00676
671.10120,0.00482
670.13697,0.00478
669.17274,0.00531
668.20852,0.00424
667.24429,0.00019
666.28007,-0.00630
665.31584,-0.01322
664.35161,-0.01816
663.38739,-0.01906
662.42316,-0.01490
661.45894,-0.00690
660.49471,0.00160
659.53049,0.00725
658.56626,0.00900
657.60203,0.00853
656.63781,0.00827
655.67358,0.00893
654.70936,0.00904
653.74513,0.00702
652.78090,0.00331
651.81668,0.00020
650.85245,-0.00049
649.88823,0.00090
648.92400,0.00258
647.95978,0.00336
646.99555,0.00367
646.03132,0.00448
645.06710,0.00570
644.10287,0.00597
643.13865,0.00397
642.17442,-0.00000
641.21019,-0.00382
640.24597,-0.00491
639.28174,-0.00206
638.31752,0.00349
637.35329,0.00873
636.38907,0.01099
635.42484,0.01003
634.46061,0.00833
633.49639,0.00878
632.53216,0.01177
631.56794,0.01473
630.60371,0.01499
629.63948,0.01233
628.67526,0.00869
627.71103,0.00570
626.74681,0.00350
625.78258,0.00191
624.81835,0.00173
623.85413,0.00369
622.88990,0.00680
621.92568,0.00869
620.96145,0.00792
619.99723,0.00542
619.03300,0.00340
618.06877,0.00331
617.10455,0.00536
616.14032,0.00943
615.17610,0.01497
614.21187,0.01971
613.24764,0.02002
612.28342,0.01422
611.31919,0.00519
610.35497,-0.00124
609.39074,-0.00172
608.42652,0.00173
607.46229,0.00461
606.49806,0.00528
605.53384,0.00622
604.56961,0.01028
603.60539,0.01731
602.64116,0.02422
601.67693,0.02739
600.71271,0.02463
599.74848,0.01556
598.78426,0.00184
597.82003,-0.01239
596.85580,-0.02138
595.89158,-0.02122
594.92735,-0.01419
593.96313,-0.00779
592.99890,-0.00807
592.03468,-0.01387
591.07045,-0.01794
590.10622,-0.01479
589.14200,-0.00564
588.17777,0.00383
587.21355,0.00879
586.24932,0.00810
585.28509,0.00323
584.32087,-0.00408
583.35664,-0.01224
582.39242,-0.01824
581.42819,-0.01776
580.46397,-0.00830
579.49974,0.00699
578.53551,0.02036
577.57129,0.02545
576.60706,0.02302
575.64284,0.01921
574.67861,0.01888
573.71438,0.02127
572.75016,0.02278
571.78593,0.02238
570.82171,0.02239
569.85748,0.02341
568.89326,0.02013
567.92903,0.00604
566.96480,-0.01757
566.00058,-0.03887
565.03635,-0.04279
564.07213,-0.02119
563.10790,0.02095
562.14367,0.06734
561.17945,0.09704
560.21522,0.09720
559.25100,0.07301
558.28677,0.04237
557.32254,0.02133
556.35832,0.01386
555.39409,0.01236
554.42987,0.00542
553.46564,-0.01167
552.50142,-0.03309
551.53719,-0.04857
550.57296,-0.04922
549.60874,-0.02562
548.64451,0.02769
547.68029,0.09833
546.71606,0.14103
545.75183,0.10649
544.78761,0.01614
543.82338,-0.05527
542.85916,-0.05117
541.89493,0.02119
540.93071,0.09476
539.96648,0.12054
539.00225,0.11682
538.03803,0.14492
537.07380,0.21665
536.10958,0.25516
535.14535,0.20999
534.18112,0.13827
533.21690,0.08930
532.25267,0.06617
531.28845,0.04672
530.32422,0.01167
529.36000,-0.02628
528.39577,-0.04532
527.43154,-0.03609
526.46732,-0.06022
525.50309,-0.15815
524.53887,-0.27671
523.57464,-0.29485
522.61041,-0.17877
521.64619,0.03549
520.68196,0.24899
519.71774,0.33763
518.75351,0.26621
517.78928,0.13538
516.82506,0.05804
515.86083,0.10730
514.89661,0.29422
513.93238,0.52838
512.96816,0.64576
512.00393,0.53788
511.03970,0.32825
510.07548,0.15773
509.11125,0.06379
508.14703,0.06235
507.18280,0.16646
506.21857,0.34811
505.25435,0.48724
504.29012,0.44313
503.32590,0.27313
502.36167,0.11157
501.39745,0.01140
500.43322,-0.01034
499.46899,0.03551
498.50477,0.13779
497.54054,0.28946
496.57632,0.39872
495.61209,0.26240
494.64786,0.05602
493.68364,-0.06023
492.71941,-0.05788
491.75519,0.08579
490.79096,0.31171
489.82673,0.46720
488.86251,0.43803
487.89828,0.27167
486.93406,0.09810
485.96983,-0.02029
485.00561,-0.06425
484.04138,-0.04032
483.07715,0.04147
482.11293,0.16080
481.14870,0.23780
480.18448,0.19159
479.22025,0.11384
478.25602,0.07840
477.29180,0.07691
476.32757,0.07122
475.36335,0.03922
474.39912,-0.01506
473.43490,-0.06227
472.47067,-0.05275
471.50644,0.03431
470.54222,0.14351
469.57799,0.17525
468.61377,0.13274
467.64954,0.09753
466.68531,0.09895
465.72109,0.14423
464.75686,0.17893
463.79264,0.17697
462.82841,0.14470
461.86419,0.11239
460.89996,0.09511
459.93573,0.09266
458.97151,0.09139
458.00728,0.07699
457.04306,0.05691
456.07883,0.02752
455.11460,-0.02544
454.15038,-0.10720
453.18615,-0.18388
452.22193,-0.17099
451.25770,0.02001
450.29347,0.36849
449.32925,0.87707
448.36502,1.19924
447.40080,0.70934
446.43657,0.29123
445.47235,0.01555
444.50812,-0.07543
443.54389,0.00044
442.57967,0.06410
441.61544,0.03748
440.65122,-0.04665
439.68699,-0.13075
438.72276,-0.13692
437.75854,-0.01809
436.79431,0.15374
435.83009,0.25331
434.86586,0.35392
433.90164,0.52535
432.93741,0.70438
431.97318,0.63267
431.00896,0.38352
430.04473,0.09274
429.08051,-0.23336
428.11628,-0.57842
427.15205,-0.76906
426.18783,-0.62486
425.22360,-0.39831
424.25938,-0.24331
423.29515,-0.18116
422.33092,-0.15207
421.36670,-0.10692
420.40247,-0.00153
419.43825,0.16167
418.47402,0.30258
417.50980,0.23554
416.54557,0.00098
415.58134,-0.15074
414.61712,-0.15796
413.65289,-0.10796
412.68867,-0.10048
411.72444,-0.18654
410.76021,-0.33578
409.79599,-0.41478
408.83176,-0.30368
407.86754,-0.04178
406.90331,0.15598
405.93909,0.11193
404.97486,0.04363
404.01063,0.08232
403.04641,0.14734
402.08218,0.17666
401.11796,0.12055
400.15373,0.03771
399.18950,0.01787
398.22528,0.07867
397.26105,0.13973
396.29683,0.15697
395.33260,0.14833
394.36838,0.14635
393.40415,0.15543
392.43992,0.13027
391.47570,0.08110
390.51147,0.04855
389.54725,0.08051
388.58302,0.30305
387.61879,0.21471
386.65457,-0.00346
385.69034,-0.08004
384.72612,-0.06841
383.76189,0.02193
382.79766,0.08801
381.83344,0.09392
380.86921,0.06375
379.90499,0.05588
378.94076,0.07605
377.97654,0.11560
377.01231,0.17704
376.04808,0.24162
375.08386,0.31190
374.11963,0.38946
373.15541,0.47037
372.19118,0.61780
371.22695,0.80209
370.26273,0.75414
369.29850,0.59954
368.33428,0.46920
367.37005,0.36976
366.40583,0.28910
365.44160,0.19686
364.47737,0.03908
363.51315,-0.12808
362.54892,-0.20481
361.58470,-0.35148
360.62047,-0.42548
359.65624,-0.42890
358.69202,-0.38290
357.72779,-0.27845
356.76357,-0.10895
355.79934,0.07267
354.83512,0.15035
353.87089,0.06739
352.90666,-0.01615
351.94244,0.00786
350.97821,0.07818
350.01399,0.11356
349.04976,0.10990
