3946.57643,0.00127
3945.61220,-0.00070
3944.64798,-0.00241
3943.68375,-0.00279
3942.71953,-0.00165
3941.75530,0.00027
3940.79107,0.00212
3939.82685,0.00353
3938.86262,0.00455
3937.89840,0.00517
3936.93417,0.00526
3935.96994,0.00477
3935.00572,0.00399
3934.04149,0.00326
3933.07727,0.00275
3932.11304,0.00234
3931.14882,0.00196
3930.18459,0.00162
3929.22036,0.00133
3928.25614,0.00097
3927.29191,0.00038
3926.32769,-0.00039
3925.36346,-0.00110
3924.39923,-0.00156
3923.43501,-0.00179
3922.47078,-0.00188
3921.50656,-0.00183
3920.54233,-0.00162
3919.57811,-0.00133
3918.61388,-0.00112
3917.64965,-0.00098
3916.68543,-0.00068
3915.72120,-0.00016
3914.75698,0.00023
3913.79275,-0.00006
3912.82852,-0.00110
3911.86430,-0.00225
3910.90007,-0.00260
3909.93585,-0.00182
3908.97162,-0.00038
3908.00739,0.00085
3907.04317,0.00142
3906.07894,0.00147
3905.11472,0.00145
3904.15049,0.00166
3903.18627,0.00197
3902.22204,0.00203
3901.25781,0.00150
3900.29359,0.00038
3899.32936,-0.00094
3898.36514,-0.00183
3897.40091,-0.00191
3896.43668,-0.00128
3895.47246,-0.00042
3894.50823,0.00028
3893.54401,0.00074
3892.57978,0.00098
3891.61556,0.00085
3890.65133,0.00014
3889.68710,-0.00107
3888.72288,-0.00214
3887.75865,-0.00234
3886.79443,-0.00149
3885.83020,-0.00024
3884.86597,0.00050
3883.90175,0.00026
3882.93752,-0.00065
3881.97330,-0.00154
3881.00907,-0.00192
3880.04485,-0.00176
3879.08062,-0.00133
3878.11639,-0.00088
3877.15217,-0.00044
3876.18794,0.00007
3875.22372,0.00072
3874.25949,0.00133
3873.29526,0.00161
3872.33104,0.00136
3871.36681,0.00067
3870.40259,-0.00007
3869.43836,-0.00052
3868.47413,-0.00062
3867.50991,-0.00057
3866.54568,-0.00051
3865.58146,-0.00038
3864.61723,-0.00004
3863.65301,0.00045
3862.68878,0.00077
3861.72455,0.00057
3860.76033,-0.00018
3859.79610,-0.00113
3858.83188,-0.00181
3857.86765,-0.00193
3856.90342,-0.00153
3855.93920,-0.00085
3854.97497,-0.00018
3854.01075,0.00020
3853.04652,0.00014
3852.08230,-0.00029
3851.11807,-0.00089
3850.15384,-0.00147
3849.18962,-0.00194
3848.22539,-0.00229
3847.26117,-0.00243
3846.29694,-0.00218
3845.33271,-0.00143
3844.36849,-0.00032
3843.40426,0.00077
3842.44004,0.00151
3841.47581,0.00184
3840.51159,0.00189
3839.54736,0.00176
3838.58313,0.00141
3837.61891,0.00083
3836.65468,0.00013
3835.69046,-0.00044
3834.72623,-0.00076
3833.76200,-0.00090
3832.79778,-0.00101
3831.83355,-0.00114
3830.86933,-0.00117
3829.90510,-0.00101
3828.94087,-0.00071
3827.97665,-0.00043
3827.01242,-0.00026
3826.04820,-0.00016
3825.08397,-0.00004
3824.11975,0.00016
3823.15552,0.00035
3822.19129,0.00034
3821.22707,0.00003
3820.26284,-0.00052
3819.29862,-0.00112
3818.33439,-0.00156
3817.37016,-0.00180
3816.40594,-0.00191
3815.44171,-0.00195
3814.47749,-0.00184
3813.51326,-0.00145
3812.54904,-0.00084
3811.58481,-0.00031
3810.62058,-0.00023
3809.65636,-0.00071
3808.69213,-0.00145
3807.72791,-0.00199
3806.76368,-0.00199
3805.79945,-0.00150
3804.83523,-0.00082
3803.87100,-0.00022
3802.90678,0.00017
3801.94255,0.00040
3800.97832,0.00060
3800.01410,0.00079
3799.04987,0.00092
3798.08565,0.00087
3797.12142,0.00062
3796.15720,0.00034
3795.19297,0.00024
3794.22874,0.00039
3793.26452,0.00067
3792.30029,0.00089
3791.33607,0.00100
3790.37184,0.00105
3789.40761,0.00104
3788.44339,0.00084
3787.47916,0.00038
3786.51494,-0.00023
3785.55071,-0.00072
3784.58649,-0.00091
3783.62226,-0.00082
3782.65803,-0.00059
3781.69381,-0.00027
3780.72958,0.00020
3779.76536,0.00080
3778.80113,0.00131
3777.83690,0.00146
3776.87268,0.00117
3775.90845,0.00073
3774.94423,0.00047
3773.98000,0.00053
3773.01578,0.00075
3772.05155,0.00081
3771.08732,0.00057
3770.12310,0.00015
3769.15887,-0.00026
3768.19465,-0.00051
3767.23042,-0.00053
3766.26619,-0.00027
3765.30197,0.00027
3764.33774,0.00095
3763.37352,0.00141
3762.40929,0.00131
3761.44506,0.00068
3760.48084,-0.00012
3759.51661,-0.00060
3758.55239,-0.00064
3757.58816,-0.00046
3756.62394,-0.00032
3755.65971,-0.00021
3754.69548,0.00008
3753.73126,0.00059
3752.76703,0.00109
3751.80281,0.00126
3750.83858,0.00103
3749.87435,0.00064
3748.91013,0.00040
3747.94590,0.00046
3746.98168,0.00072
3746.01745,0.00099
3745.05323,0.00110
3744.08900,0.00098
3743.12477,0.00068
3742.16055,0.00036
3741.19632,0.00010
3740.23210,-0.00006
3739.26787,-0.00015
3738.30364,-0.00010
3737.33942,0.00013
3736.37519,0.00046
3735.41097,0.00066
3734.44674,0.00056
3733.48251,0.00028
3732.51829,0.00011
3731.55406,0.00016
3730.58984,0.00026
3729.62561,0.00017
3728.66139,-0.00001
3727.69716,0.00005
3726.73293,0.00047
3725.76871,0.00102
3724.80448,0.00134
3723.84026,0.00138
3722.87603,0.00141
3721.91180,0.00160
3720.94758,0.00178
3719.98335,0.00167
3719.01913,0.00121
3718.05490,0.00065
3717.09068,0.00021
3716.12645,-0.00007
3715.16222,-0.00026
3714.19800,-0.00036
3713.23377,-0.00031
3712.26955,-0.00020
3711.30532,-0.00017
3710.34109,-0.00024
3709.37687,-0.00027
3708.41264,-0.00011
3707.44842,0.00014
3706.48419,0.00027
3705.51997,0.00025
3704.55574,0.00027
3703.59151,0.00048
3702.62729,0.00081
3701.66306,0.00097
3700.69884,0.00082
3699.73461,0.00044
3698.77038,-0.00001
3697.80616,-0.00044
3696.84193,-0.00081
3695.87771,-0.00101
3694.91348,-0.00093
3693.94925,-0.00067
3692.98503,-0.00049
3692.02080,-0.00055
3691.05658,-0.00073
3690.09235,-0.00072
3689.12813,-0.00039
3688.16390,0.00014
3687.19967,0.00062
3686.23545,0.00092
3685.27122,0.00109
3684.30700,0.00120
3683.34277,0.00131
3682.37854,0.00146
3681.41432,0.00165
3680.45009,0.00182
3679.48587,0.00185
3678.52164,0.00161
3677.55742,0.00110
3676.59319,0.00051
3675.62896,0.00012
3674.66474,0.00012
3673.70051,0.00050
3672.73629,0.00103
3671.77206,0.00149
3670.80783,0.00177
3669.84361,0.00198
3668.87938,0.00225
3667.91516,0.00256
3666.95093,0.00275
3665.98671,0.00268
3665.02248,0.00245
3664.05825,0.00230
3663.09403,0.00234
3662.12980,0.00246
3661.16558,0.00251
3660.20135,0.00252
3659.23712,0.00267
3658.27290,0.00304
3657.30867,0.00350
3656.34445,0.00386
3655.38022,0.00404
3654.41599,0.00412
3653.45177,0.00408
3652.48754,0.00385
3651.52332,0.00344
3650.55909,0.00303
3649.59487,0.00279
3648.63064,0.00265
3647.66641,0.00237
3646.70219,0.00178
3645.73796,0.00108
3644.77374,0.00059
3643.80951,0.00052
3642.84528,0.00078
3641.88106,0.00109
3640.91683,0.00125
3639.95261,0.00124
3638.98838,0.00121
3638.02416,0.00138
3637.05993,0.00192
3636.09570,0.00274
3635.13148,0.00353
3634.16725,0.00395
3633.20303,0.00393
3632.23880,0.00370
3631.27457,0.00358
3630.31035,0.00365
3629.34612,0.00377
3628.38190,0.00373
3627.41767,0.00352
3626.45344,0.00325
3625.48922,0.00309
3624.52499,0.00314
3623.56077,0.00345
3622.59654,0.00395
3621.63232,0.00444
3620.66809,0.00464
3619.70386,0.00446
3618.73964,0.00407
3617.77541,0.00380
3616.81119,0.00382
3615.84696,0.00403
3614.88273,0.00419
3613.91851,0.00416
3612.95428,0.00402
3611.99006,0.00389
3611.02583,0.00389
3610.06161,0.00403
3609.09738,0.00428
3608.13315,0.00451
3607.16893,0.00457
3606.20470,0.00437
3605.24048,0.00401
3604.27625,0.00368
3603.31202,0.00352
3602.34780,0.00353
3601.38357,0.00364
3600.41935,0.00375
3599.45512,0.00385
3598.49090,0.00391
3597.52667,0.00391
3596.56244,0.00386
3595.59822,0.00385
3594.63399,0.00404
3593.66977,0.00451
3592.70554,0.00518
3591.74131,0.00580
3590.77709,0.00610
3589.81286,0.00601
3588.84864,0.00563
3587.88441,0.00525
3586.92018,0.00510
3585.95596,0.00521
3584.99173,0.00539
3584.02751,0.00540
3583.06328,0.00516
3582.09906,0.00477
3581.13483,0.00445
3580.17060,0.00435
3579.20638,0.00447
3578.24215,0.00466
3577.27793,0.00475
3576.31370,0.00465
3575.34947,0.00438
3574.38525,0.00406
3573.42102,0.00383
3572.45680,0.00371
3571.49257,0.00367
3570.52835,0.00369
3569.56412,0.00381
3568.59989,0.00408
3567.63567,0.00441
3566.67144,0.00464
3565.70722,0.00466
3564.74299,0.00454
3563.77876,0.00448
3562.81454,0.00459
3561.85031,0.00475
3560.88609,0.00477
3559.92186,0.00457
3558.95764,0.00432
3557.99341,0.00428
3557.02918,0.00460
3556.06496,0.00511
3555.10073,0.00550
3554.13651,0.00549
3553.17228,0.00509
3552.20805,0.00460
3551.24383,0.00438
3550.27960,0.00460
3549.31538,0.00506
3548.35115,0.00541
3547.38692,0.00545
3546.42270,0.00525
3545.45847,0.00506
3544.49425,0.00507
3543.53002,0.00518
3542.56580,0.00520
3541.60157,0.00501
3540.63734,0.00469
3539.67312,0.00445
3538.70889,0.00444
3537.74467,0.00465
3536.78044,0.00500
3535.81621,0.00544
3534.85199,0.00591
3533.88776,0.00634
3532.92354,0.00653
3531.95931,0.00637
3530.99509,0.00591
3530.03086,0.00544
3529.06663,0.00518
3528.10241,0.00511
3527.13818,0.00498
3526.17396,0.00460
3525.20973,0.00413
3524.24550,0.00392
3523.28128,0.00419
3522.31705,0.00479
3521.35283,0.00534
3520.38860,0.00561
3519.42437,0.00563
3518.46015,0.00557
3517.49592,0.00549
3516.53170,0.00536
3515.56747,0.00525
3514.60325,0.00535
3513.63902,0.00577
3512.67479,0.00635
3511.71057,0.00677
3510.74634,0.00683
3509.78212,0.00655
3508.81789,0.00610
3507.85366,0.00562
3506.88944,0.00518
3505.92521,0.00484
3504.96099,0.00472
3503.99676,0.00482
3503.03254,0.00501
3502.06831,0.00511
3501.10408,0.00506
3500.13986,0.00499
3499.17563,0.00510
3498.21141,0.00545
3497.24718,0.00593
3496.28295,0.00626
3495.31873,0.00622
3494.35450,0.00578
3493.39028,0.00521
3492.42605,0.00489
3491.46183,0.00503
3490.49760,0.00549
3489.53337,0.00586
3488.56915,0.00588
3487.60492,0.00567
3486.64070,0.00552
3485.67647,0.00555
3484.71224,0.00560
3483.74802,0.00541
3482.78379,0.00491
3481.81957,0.00436
3480.85534,0.00402
3479.89111,0.00402
3478.92689,0.00431
3477.96266,0.00472
3476.99844,0.00512
3476.03421,0.00540
3475.06999,0.00559
3474.10576,0.00581
3473.14153,0.00620
3472.17731,0.00670
3471.21308,0.00714
3470.24886,0.00733
3469.28463,0.00730
3468.32040,0.00724
3467.35618,0.00720
3466.39195,0.00706
3465.42773,0.00666
3464.46350,0.00608
3463.49928,0.00571
3462.53505,0.00586
3461.57082,0.00651
3460.60660,0.00726
3459.64237,0.00765
3458.67815,0.00756
3457.71392,0.00726
3456.74969,0.00712
3455.78547,0.00733
3454.82124,0.00771
3453.85702,0.00789
3452.89279,0.00762
3451.92856,0.00698
3450.96434,0.00635
3450.00011,0.00613
3449.03589,0.00643
3448.07166,0.00704
3447.10744,0.00752
3446.14321,0.00755
3445.17898,0.00710
3444.21476,0.00645
3443.25053,0.00594
3442.28631,0.00571
3441.32208,0.00558
3440.35785,0.00531
3439.39363,0.00491
3438.42940,0.00466
3437.46518,0.00485
3436.50095,0.00539
3435.53673,0.00591
3434.57250,0.00612
3433.60827,0.00615
3432.64405,0.00637
3431.67982,0.00694
3430.71560,0.00757
3429.75137,0.00774
3428.78714,0.00726
3427.82292,0.00640
3426.85869,0.00571
3425.89447,0.00555
3424.93024,0.00586
3423.96602,0.00623
3423.00179,0.00626
3422.03756,0.00579
3421.07334,0.00505
3420.10911,0.00448
3419.14489,0.00438
3418.18066,0.00469
3417.21643,0.00506
3416.25221,0.00523
3415.28798,0.00527
3414.32376,0.00541
3413.35953,0.00569
3412.39530,0.00590
3411.43108,0.00581
3410.46685,0.00558
3409.50263,0.00562
3408.53840,0.00618
3407.57418,0.00710
3406.60995,0.00790
3405.64572,0.00821
3404.68150,0.00802
3403.71727,0.00754
3402.75305,0.00698
3401.78882,0.00643
3400.82459,0.00601
3399.86037,0.00585
3398.89614,0.00605
3397.93192,0.00657
3396.96769,0.00720
3396.00347,0.00776
3395.03924,0.00818
3394.07501,0.00853
3393.11079,0.00886
3392.14656,0.00911
3391.18234,0.00914
3390.21811,0.00884
3389.25388,0.00832
3388.28966,0.00781
3387.32543,0.00748
3386.36121,0.00734
3385.39698,0.00720
3384.43276,0.00687
3383.46853,0.00637
3382.50430,0.00587
3381.54008,0.00559
3380.57585,0.00568
3379.61163,0.00612
3378.64740,0.00674
3377.68317,0.00725
3376.71895,0.00738
3375.75472,0.00704
3374.79050,0.00635
3373.82627,0.00560
3372.86204,0.00500
3371.89782,0.00465
3370.93359,0.00448
3369.96937,0.00443
3369.00514,0.00443
3368.04092,0.00448
3367.07669,0.00456
3366.11246,0.00468
3365.14824,0.00489
3364.18401,0.00521
3363.21979,0.00561
3362.25556,0.00603
3361.29133,0.00643
3360.32711,0.00671
3359.36288,0.00666
3358.39866,0.00607
3357.43443,0.00493
3356.47021,0.00367
3355.50598,0.00287
3354.54175,0.00296
3353.57753,0.00384
3352.61330,0.00499
3351.64908,0.00585
3350.68485,0.00621
3349.72062,0.00620
3348.75640,0.00612
3347.79217,0.00615
3346.82795,0.00629
3345.86372,0.00636
3344.89949,0.00619
3343.93527,0.00582
3342.97104,0.00549
3342.00682,0.00553
3341.04259,0.00605
3340.07837,0.00681
3339.11414,0.00734
3338.14991,0.00733
3337.18569,0.00686
3336.22146,0.00631
3335.25724,0.00609
3334.29301,0.00632
3333.32878,0.00683
3332.36456,0.00731
3331.40033,0.00755
3330.43611,0.00753
3329.47188,0.00740
3328.50766,0.00728
3327.54343,0.00721
3326.57920,0.00708
3325.61498,0.00677
3324.65075,0.00633
3323.68653,0.00593
3322.72230,0.00582
3321.75807,0.00605
3320.79385,0.00642
3319.82962,0.00666
3318.86540,0.00661
3317.90117,0.00641
3316.93695,0.00627
3315.97272,0.00625
3315.00849,0.00626
3314.04427,0.00613
3313.08004,0.00584
3312.11582,0.00550
3311.15159,0.00526
3310.18736,0.00522
3309.22314,0.00546
3308.25891,0.00609
3307.29469,0.00710
3306.33046,0.00831
3305.36623,0.00931
3304.40201,0.00974
3303.43778,0.00956
3302.47356,0.00899
3301.50933,0.00831
3300.54511,0.00756
3299.58088,0.00660
3298.61665,0.00541
3297.65243,0.00426
3296.68820,0.00359
3295.72398,0.00369
3294.75975,0.00441
3293.79552,0.00532
3292.83130,0.00601
3291.86707,0.00633
3290.90285,0.00642
3289.93862,0.00647
3288.97440,0.00654
3288.01017,0.00654
3287.04594,0.00638
3286.08172,0.00607
3285.11749,0.00576
3284.15327,0.00558
3283.18904,0.00553
3282.22481,0.00553
3281.26059,0.00546
3280.29636,0.00531
3279.33214,0.00514
3278.36791,0.00505
3277.40369,0.00499
3276.43946,0.00488
3275.47523,0.00468
3274.51101,0.00452
3273.54678,0.00465
3272.58256,0.00514
3271.61833,0.00580
3270.65410,0.00630
3269.68988,0.00649
3268.72565,0.00649
3267.76143,0.00658
3266.79720,0.00685
3265.83297,0.00717
3264.86875,0.00730
3263.90452,0.00718
3262.94030,0.00689
3261.97607,0.00652
3261.01185,0.00606
3260.04762,0.00552
3259.08339,0.00498
3258.11917,0.00460
3257.15494,0.00448
3256.19072,0.00457
3255.22649,0.00481
3254.26226,0.00514
3253.29804,0.00551
3252.33381,0.00582
3251.36959,0.00594
3250.40536,0.00589
3249.44114,0.00580
3248.47691,0.00578
3247.51268,0.00578
3246.54846,0.00564
3245.58423,0.00530
3244.62001,0.00488
3243.65578,0.00465
3242.69155,0.00477
3241.72733,0.00520
3240.76310,0.00573
3239.79888,0.00610
3238.83465,0.00615
3237.87042,0.00590
3236.90620,0.00555
3235.94197,0.00536
3234.97775,0.00544
3234.01352,0.00562
3233.04930,0.00565
3232.08507,0.00536
3231.12084,0.00484
3230.15662,0.00439
3229.19239,0.00432
3228.22817,0.00468
3227.26394,0.00527
3226.29971,0.00574
3225.33549,0.00583
3224.37126,0.00560
3223.40704,0.00528
3222.44281,0.00512
3221.47859,0.00511
3220.51436,0.00513
3219.55013,0.00512
3218.58591,0.00517
3217.62168,0.00537
3216.65746,0.00561
3215.69323,0.00570
3214.72900,0.00556
3213.76478,0.00533
3212.80055,0.00514
3211.83633,0.00501
3210.87210,0.00487
3209.90788,0.00479
3208.94365,0.00490
3207.97942,0.00518
3207.01520,0.00536
3206.05097,0.00518
3205.08675,0.00468
3204.12252,0.00422
3203.15829,0.00403
3202.19407,0.00400
3201.22984,0.00382
3200.26562,0.00344
3199.30139,0.00315
3198.33716,0.00325
3197.37294,0.00369
3196.40871,0.00417
3195.44449,0.00446
3194.48026,0.00461
3193.51604,0.00480
3192.55181,0.00513
3191.58758,0.00555
3190.62336,0.00588
3189.65913,0.00600
3188.69491,0.00586
3187.73068,0.00548
3186.76645,0.00500
3185.80223,0.00459
3184.83800,0.00432
3183.87378,0.00412
3182.90955,0.00390
3181.94533,0.00369
3180.98110,0.00362
3180.01687,0.00372
3179.05265,0.00391
3178.08842,0.00408
3177.12420,0.00420
3176.15997,0.00436
3175.19574,0.00457
3174.23152,0.00473
3173.26729,0.00477
3172.30307,0.00476
3171.33884,0.00483
3170.37461,0.00500
3169.41039,0.00512
3168.44616,0.00500
3167.48194,0.00464
3166.51771,0.00426
3165.55349,0.00407
3164.58926,0.00409
3163.62503,0.00415
3162.66081,0.00410
3161.69658,0.00397
3160.73236,0.00392
3159.76813,0.00405
3158.80390,0.00426
3157.83968,0.00432
3156.87545,0.00415
3155.91123,0.00392
3154.94700,0.00394
3153.98278,0.00430
3153.01855,0.00475
3152.05432,0.00496
3151.09010,0.00477
3150.12587,0.00429
3149.16165,0.00368
3148.19742,0.00300
3147.23319,0.00229
3146.26897,0.00170
3145.30474,0.00147
3144.34052,0.00169
3143.37629,0.00217
3142.41207,0.00260
3141.44784,0.00281
3140.48361,0.00289
3139.51939,0.00298
3138.55516,0.00309
3137.59094,0.00314
3136.62671,0.00304
3135.66248,0.00288
3134.69826,0.00283
3133.73403,0.00299
3132.76981,0.00334
3131.80558,0.00369
3130.84135,0.00381
3129.87713,0.00355
3128.91290,0.00300
3127.94868,0.00244
3126.98445,0.00214
3126.02023,0.00216
3125.05600,0.00239
3124.09177,0.00269
3123.12755,0.00304
3122.16332,0.00345
3121.19910,0.00387
3120.23487,0.00410
3119.27064,0.00404
3118.30642,0.00373
3117.34219,0.00332
3116.37797,0.00296
3115.41374,0.00274
3114.44952,0.00274
3113.48529,0.00291
3112.52106,0.00312
3111.55684,0.00312
3110.59261,0.00285
3109.62839,0.00249
3108.66416,0.00234
3107.69993,0.00254
3106.73571,0.00292
3105.77148,0.00320
3104.80726,0.00320
3103.84303,0.00296
3102.87881,0.00264
3101.91458,0.00239
3100.95035,0.00234
3099.98613,0.00255
3099.02190,0.00291
3098.05768,0.00317
3097.09345,0.00312
3096.12922,0.00279
3095.16500,0.00249
3094.20077,0.00248
3093.23655,0.00277
3092.27232,0.00315
3091.30809,0.00340
3090.34387,0.00343
3089.37964,0.00329
3088.41542,0.00303
3087.45119,0.00275
3086.48697,0.00256
3085.52274,0.00255
3084.55851,0.00274
3083.59429,0.00297
3082.63006,0.00310
3081.66584,0.00307
3080.70161,0.00290
3079.73738,0.00267
3078.77316,0.00240
3077.80893,0.00216
3076.84471,0.00201
3075.88048,0.00196
3074.91626,0.00197
3073.95203,0.00196
3072.98780,0.00198
3072.02358,0.00206
3071.05935,0.00223
3070.09513,0.00239
3069.13090,0.00248
3068.16667,0.00251
3067.20245,0.00255
3066.23822,0.00260
3065.27400,0.00257
3064.30977,0.00243
3063.34554,0.00224
3062.38132,0.00214
3061.41709,0.00217
3060.45287,0.00231
3059.48864,0.00253
3058.52442,0.00281
3057.56019,0.00312
3056.59596,0.00335
3055.63174,0.00339
3054.66751,0.00325
3053.70329,0.00300
3052.73906,0.00273
3051.77483,0.00250
3050.81061,0.00235
3049.84638,0.00239
3048.88216,0.00261
3047.91793,0.00286
3046.95371,0.00288
3045.98948,0.00257
3045.02525,0.00211
3044.06103,0.00182
3043.09680,0.00186
3042.13258,0.00210
3041.16835,0.00225
3040.20412,0.00213
3039.23990,0.00175
3038.27567,0.00131
3037.31145,0.00100
3036.34722,0.00096
3035.38300,0.00121
3034.41877,0.00162
3033.45454,0.00199
3032.49032,0.00218
3031.52609,0.00216
3030.56187,0.00203
3029.59764,0.00188
3028.63341,0.00173
3027.66919,0.00156
3026.70496,0.00140
3025.74074,0.00134
3024.77651,0.00144
3023.81228,0.00170
3022.84806,0.00203
3021.88383,0.00237
3020.91961,0.00264
3019.95538,0.00283
3018.99116,0.00289
3018.02693,0.00279
3017.06270,0.00252
3016.09848,0.00213
3015.13425,0.00175
3014.17003,0.00148
3013.20580,0.00136
3012.24157,0.00134
3011.27735,0.00132
3010.31312,0.00120
3009.34890,0.00096
3008.38467,0.00067
3007.42045,0.00043
3006.45622,0.00037
3005.49199,0.00056
3004.52777,0.00098
3003.56354,0.00150
3002.59932,0.00191
3001.63509,0.00207
3000.67086,0.00203
2999.70664,0.00194
2998.74241,0.00189
2997.77819,0.00182
2996.81396,0.00156
2995.84974,0.00108
2994.88551,0.00050
2993.92128,0.00005
2992.95706,-0.00011
2991.99283,0.00004
2991.02861,0.00042
2990.06438,0.00091
2989.10015,0.00140
2988.13593,0.00174
2987.17170,0.00192
2986.20748,0.00201
2985.24325,0.00212
2984.27902,0.00227
2983.31480,0.00238
2982.35057,0.00233
2981.38635,0.00212
2980.42212,0.00187
2979.45790,0.00172
2978.49367,0.00167
2977.52944,0.00167
2976.56522,0.00165
2975.60099,0.00168
2974.63677,0.00183
2973.67254,0.00214
2972.70831,0.00247
2971.74409,0.00261
2970.77986,0.00249
2969.81564,0.00222
2968.85141,0.00205
2967.88719,0.00211
2966.92296,0.00227
2965.95873,0.00231
2964.99451,0.00209
2964.03028,0.00170
2963.06606,0.00132
2962.10183,0.00108
2961.13760,0.00098
2960.17338,0.00102
2959.20915,0.00120
2958.24493,0.00153
2957.28070,0.00192
2956.31647,0.00225
2955.35225,0.00247
2954.38802,0.00258
2953.42380,0.00261
2952.45957,0.00255
2951.49535,0.00237
2950.53112,0.00215
2949.56689,0.00197
2948.60267,0.00187
2947.63844,0.00175
2946.67422,0.00157
2945.70999,0.00141
2944.74576,0.00137
2943.78154,0.00150
2942.81731,0.00173
2941.85309,0.00197
2940.88886,0.00225
2939.92464,0.00259
2938.96041,0.00293
2937.99618,0.00310
2937.03196,0.00301
2936.06773,0.00275
2935.10351,0.00250
2934.13928,0.00232
2933.17505,0.00219
2932.21083,0.00211
2931.24660,0.00211
2930.28238,0.00222
2929.31815,0.00231
2928.35393,0.00230
2927.38970,0.00221
2926.42547,0.00224
2925.46125,0.00250
2924.49702,0.00286
2923.53280,0.00308
2922.56857,0.00307
2921.60434,0.00298
2920.64012,0.00303
2919.67589,0.00323
2918.71167,0.00337
2917.74744,0.00324
2916.78321,0.00281
2915.81899,0.00225
2914.85476,0.00175
2913.89054,0.00143
2912.92631,0.00130
2911.96209,0.00131
2910.99786,0.00141
2910.03363,0.00157
2909.06941,0.00178
2908.10518,0.00207
2907.14096,0.00239
2906.17673,0.00258
2905.21250,0.00248
2904.24828,0.00209
2903.28405,0.00166
2902.31983,0.00145
2901.35560,0.00156
2900.39138,0.00183
2899.42715,0.00201
2898.46292,0.00197
2897.49870,0.00179
2896.53447,0.00165
2895.57025,0.00173
2894.60602,0.00205
2893.64179,0.00251
2892.67757,0.00290
2891.71334,0.00301
2890.74912,0.00279
2889.78489,0.00235
2888.82066,0.00190
2887.85644,0.00161
2886.89221,0.00155
2885.92799,0.00164
2884.96376,0.00176
2883.99954,0.00177
2883.03531,0.00158
2882.07108,0.00125
2881.10686,0.00095
2880.14263,0.00085
2879.17841,0.00100
2878.21418,0.00130
2877.24995,0.00160
2876.28573,0.00181
2875.32150,0.00196
2874.35728,0.00206
2873.39305,0.00207
2872.42883,0.00195
2871.46460,0.00174
2870.50037,0.00149
2869.53615,0.00122
2868.57192,0.00087
2867.60770,0.00045
2866.64347,0.00017
2865.67924,0.00022
2864.71502,0.00067
2863.75079,0.00129
2862.78657,0.00177
2861.82234,0.00195
2860.85812,0.00184
2859.89389,0.00157
2858.92966,0.00128
2857.96544,0.00105
2857.00121,0.00095
2856.03699,0.00101
2855.07276,0.00117
2854.10853,0.00133
2853.14431,0.00139
2852.18008,0.00133
2851.21586,0.00123
2850.25163,0.00117
2849.28740,0.00118
2848.32318,0.00125
2847.35895,0.00133
2846.39473,0.00139
2845.43050,0.00137
2844.46628,0.00124
2843.50205,0.00101
2842.53782,0.00075
2841.57360,0.00054
2840.60937,0.00048
2839.64515,0.00058
2838.68092,0.00073
2837.71669,0.00079
2836.75247,0.00075
2835.78824,0.00074
2834.82402,0.00088
2833.85979,0.00110
2832.89557,0.00119
2831.93134,0.00096
2830.96711,0.00052
2830.00289,0.00014
2829.03866,0.00007
2828.07444,0.00033
2827.11021,0.00074
2826.14598,0.00117
2825.18176,0.00156
2824.21753,0.00186
2823.25331,0.00198
2822.28908,0.00183
2821.32486,0.00143
2820.36063,0.00097
2819.39640,0.00067
2818.43218,0.00068
2817.46795,0.00095
2816.50373,0.00126
2815.53950,0.00141
2814.57527,0.00129
2813.61105,0.00099
2812.64682,0.00072
2811.68260,0.00063
2810.71837,0.00071
2809.75414,0.00082
2808.78992,0.00086
2807.82569,0.00084
2806.86147,0.00078
2805.89724,0.00070
2804.93302,0.00056
2803.96879,0.00038
2803.00456,0.00026
2802.04034,0.00026
2801.07611,0.00031
2800.11189,0.00039
2799.14766,0.00049
2798.18343,0.00069
2797.21921,0.00094
2796.25498,0.00107
2795.29076,0.00095
2794.32653,0.00063
2793.36231,0.00029
2792.39808,0.00014
2791.43385,0.00024
2790.46963,0.00061
2789.50540,0.00118
2788.54118,0.00183
2787.57695,0.00233
2786.61272,0.00241
2785.64850,0.00198
2784.68427,0.00123
2783.72005,0.00050
2782.75582,0.00008
2781.79159,0.00008
2780.82737,0.00043
2779.86314,0.00092
2778.89892,0.00128
2777.93469,0.00131
2776.97047,0.00102
2776.00624,0.00062
2775.04201,0.00031
2774.07779,0.00018
2773.11356,0.00014
2772.14934,0.00013
2771.18511,0.00018
2770.22088,0.00029
2769.25666,0.00041
2768.29243,0.00043
2767.32821,0.00033
2766.36398,0.00025
2765.39976,0.00028
2764.43553,0.00044
2763.47130,0.00060
2762.50708,0.00065
2761.54285,0.00058
2760.57863,0.00049
2759.61440,0.00053
2758.65017,0.00075
2757.68595,0.00107
2756.72172,0.00128
2755.75750,0.00123
2754.79327,0.00097
2753.82905,0.00079
2752.86482,0.00095
2751.90059,0.00148
2750.93637,0.00212
2749.97214,0.00255
2749.00792,0.00263
2748.04369,0.00235
2747.07946,0.00180
2746.11524,0.00113
2745.15101,0.00057
2744.18679,0.00032
2743.22256,0.00043
2742.25833,0.00070
2741.29411,0.00092
2740.32988,0.00106
2739.36566,0.00123
2738.40143,0.00146
2737.43721,0.00161
2736.47298,0.00152
2735.50875,0.00128
2734.54453,0.00113
2733.58030,0.00125
2732.61608,0.00156
2731.65185,0.00183
2730.68762,0.00193
2729.72340,0.00184
2728.75917,0.00159
2727.79495,0.00119
2726.83072,0.00075
2725.86650,0.00052
2724.90227,0.00062
2723.93804,0.00095
2722.97382,0.00123
2722.00959,0.00129
2721.04537,0.00123
2720.08114,0.00125
2719.11691,0.00137
2718.15269,0.00141
2717.18846,0.00125
2716.22424,0.00097
2715.26001,0.00079
2714.29579,0.00081
2713.33156,0.00095
2712.36733,0.00102
2711.40311,0.00094
2710.43888,0.00075
2709.47466,0.00055
2708.51043,0.00041
2707.54620,0.00041
2706.58198,0.00050
2705.61775,0.00059
2704.65353,0.00058
2703.68930,0.00050
2702.72507,0.00049
2701.76085,0.00067
2700.79662,0.00099
2699.83240,0.00121
2698.86817,0.00115
2697.90395,0.00083
2696.93972,0.00046
2695.97549,0.00025
2695.01127,0.00022
2694.04704,0.00027
2693.08282,0.00028
2692.11859,0.00023
2691.15436,0.00023
2690.19014,0.00036
2689.22591,0.00065
2688.26169,0.00099
2687.29746,0.00124
2686.33324,0.00127
2685.36901,0.00111
2684.40478,0.00098
2683.44056,0.00110
2682.47633,0.00155
2681.51211,0.00214
2680.54788,0.00253
2679.58365,0.00254
2678.61943,0.00227
2677.65520,0.00201
2676.69098,0.00198
2675.72675,0.00215
2674.76252,0.00225
2673.79830,0.00208
2672.83407,0.00163
2671.86985,0.00111
2670.90562,0.00077
2669.94140,0.00070
2668.97717,0.00080
2668.01294,0.00088
2667.04872,0.00079
2666.08449,0.00050
2665.12027,0.00014
2664.15604,-0.00011
2663.19181,-0.00011
2662.22759,0.00013
2661.26336,0.00050
2660.29914,0.00081
2659.33491,0.00095
2658.37069,0.00090
2657.40646,0.00070
2656.44223,0.00047
2655.47801,0.00030
2654.51378,0.00027
2653.54956,0.00040
2652.58533,0.00066
2651.62110,0.00101
2650.65688,0.00134
2649.69265,0.00152
2648.72843,0.00146
2647.76420,0.00121
2646.79998,0.00091
2645.83575,0.00074
2644.87152,0.00076
2643.90730,0.00088
2642.94307,0.00096
2641.97885,0.00094
2641.01462,0.00086
2640.05039,0.00076
2639.08617,0.00063
2638.12194,0.00049
2637.15772,0.00041
2636.19349,0.00046
2635.22926,0.00068
2634.26504,0.00098
2633.30081,0.00121
2632.33659,0.00129
2631.37236,0.00123
2630.40814,0.00111
2629.44391,0.00101
2628.47968,0.00096
2627.51546,0.00098
2626.55123,0.00104
2625.58701,0.00112
2624.62278,0.00121
2623.65855,0.00130
2622.69433,0.00139
2621.73010,0.00148
2620.76588,0.00151
2619.80165,0.00140
2618.83743,0.00111
2617.87320,0.00072
2616.90897,0.00041
2615.94475,0.00032
2614.98052,0.00045
2614.01630,0.00069
2613.05207,0.00092
2612.08784,0.00115
2611.12362,0.00142
2610.15939,0.00171
2609.19517,0.00186
2608.23094,0.00177
2607.26672,0.00157
2606.30249,0.00149
2605.33826,0.00167
2604.37404,0.00195
2603.40981,0.00203
2602.44559,0.00175
2601.48136,0.00128
2600.51713,0.00093
2599.55291,0.00087
2598.58868,0.00105
2597.62446,0.00130
2596.66023,0.00145
2595.69600,0.00146
2594.73178,0.00130
2593.76755,0.00100
2592.80333,0.00066
2591.83910,0.00040
2590.87488,0.00035
2589.91065,0.00054
2588.94642,0.00089
2587.98220,0.00129
2587.01797,0.00159
2586.05375,0.00172
2585.08952,0.00165
2584.12529,0.00144
2583.16107,0.00119
2582.19684,0.00093
2581.23262,0.00067
2580.26839,0.00043
2579.30417,0.00028
2578.33994,0.00025
2577.37571,0.00029
2576.41149,0.00031
2575.44726,0.00030
2574.48304,0.00040
2573.51881,0.00072
2572.55458,0.00120
2571.59036,0.00163
2570.62613,0.00181
2569.66191,0.00172
2568.69768,0.00146
2567.73345,0.00116
2566.76923,0.00091
2565.80500,0.00078
2564.84078,0.00077
2563.87655,0.00085
2562.91233,0.00093
2561.94810,0.00098
2560.98387,0.00101
2560.01965,0.00103
2559.05542,0.00104
2558.09120,0.00102
2557.12697,0.00101
2556.16274,0.00109
2555.19852,0.00123
2554.23429,0.00130
2553.27007,0.00115
2552.30584,0.00082
2551.34162,0.00049
2550.37739,0.00037
2549.41316,0.00052
2548.44894,0.00083
2547.48471,0.00118
2546.52049,0.00140
2545.55626,0.00142
2544.59203,0.00125
2543.62781,0.00105
2542.66358,0.00101
2541.69936,0.00121
2540.73513,0.00145
2539.77091,0.00148
2538.80668,0.00122
2537.84245,0.00083
2536.87823,0.00057
2535.91400,0.00049
2534.94978,0.00049
2533.98555,0.00043
2533.02132,0.00028
2532.05710,0.00007
2531.09287,-0.00013
2530.12865,-0.00025
2529.16442,-0.00022
2528.20019,0.00002
2527.23597,0.00041
2526.27174,0.00081
2525.30752,0.00108
2524.34329,0.00118
2523.37907,0.00115
2522.41484,0.00100
2521.45061,0.00081
2520.48639,0.00065
2519.52216,0.00061
2518.55794,0.00070
2517.59371,0.00081
2516.62948,0.00090
2515.66526,0.00097
2514.70103,0.00110
2513.73681,0.00123
2512.77258,0.00122
2511.80836,0.00099
2510.84413,0.00062
2509.87990,0.00031
2508.91568,0.00020
2507.95145,0.00026
2506.98723,0.00040
2506.02300,0.00051
2505.05877,0.00051
2504.09455,0.00037
2503.13032,0.00015
2502.16610,-0.00000
2501.20187,0.00011
2500.23764,0.00052
2499.27342,0.00108
2498.30919,0.00155
2497.34497,0.00178
2496.38074,0.00178
2495.41652,0.00164
2494.45229,0.00144
2493.48806,0.00122
2492.52384,0.00107
2491.55961,0.00098
2490.59539,0.00091
2489.63116,0.00078
2488.66693,0.00063
2487.70271,0.00057
2486.73848,0.00067
2485.77426,0.00089
2484.81003,0.00103
2483.84581,0.00097
2482.88158,0.00072
2481.91735,0.00041
2480.95313,0.00019
2479.98890,0.00020
2479.02468,0.00042
2478.06045,0.00078
2477.09622,0.00106
2476.13200,0.00109
2475.16777,0.00083
2474.20355,0.00045
2473.23932,0.00018
2472.27510,0.00017
2471.31087,0.00040
2470.34664,0.00077
2469.38242,0.00117
2468.41819,0.00150
2467.45397,0.00167
2466.48974,0.00162
2465.52551,0.00135
2464.56129,0.00099
2463.59706,0.00070
2462.63284,0.00055
2461.66861,0.00050
2460.70438,0.00044
2459.74016,0.00036
2458.77593,0.00033
2457.81171,0.00047
2456.84748,0.00078
2455.88326,0.00116
2454.91903,0.00141
2453.95480,0.00142
2452.99058,0.00121
2452.02635,0.00091
2451.06213,0.00071
2450.09790,0.00068
2449.13367,0.00081
2448.16945,0.00101
2447.20522,0.00118
2446.24100,0.00128
2445.27677,0.00127
2444.31255,0.00114
2443.34832,0.00089
2442.38409,0.00059
2441.41987,0.00036
2440.45564,0.00032
2439.49142,0.00044
2438.52719,0.00063
2437.56296,0.00080
2436.59874,0.00096
2435.63451,0.00115
2434.67029,0.00133
2433.70606,0.00140
2432.74184,0.00124
2431.77761,0.00092
2430.81338,0.00068
2429.84916,0.00070
2428.88493,0.00097
2427.92071,0.00125
2426.95648,0.00132
2425.99225,0.00111
2425.02803,0.00077
2424.06380,0.00050
2423.09958,0.00040
2422.13535,0.00052
2421.17112,0.00083
2420.20690,0.00121
2419.24267,0.00148
2418.27845,0.00148
2417.31422,0.00121
2416.35000,0.00087
2415.38577,0.00073
2414.42154,0.00085
2413.45732,0.00108
2412.49309,0.00116
2411.52887,0.00102
2410.56464,0.00080
2409.60041,0.00067
2408.63619,0.00071
2407.67196,0.00083
2406.70774,0.00094
2405.74351,0.00107
2404.77929,0.00125
2403.81506,0.00147
2402.85083,0.00163
2401.88661,0.00166
2400.92238,0.00159
2399.95816,0.00151
2398.99393,0.00145
2398.02970,0.00138
2397.06548,0.00124
2396.10125,0.00106
2395.13703,0.00091
2394.17280,0.00085
2393.20857,0.00085
2392.24435,0.00084
2391.28012,0.00077
2390.31590,0.00066
2389.35167,0.00060
2388.38745,0.00068
2387.42322,0.00089
2386.45899,0.00115
2385.49477,0.00135
2384.53054,0.00140
2383.56632,0.00131
2382.60209,0.00120
2381.63786,0.00118
2380.67364,0.00125
2379.70941,0.00137
2378.74519,0.00146
2377.78096,0.00151
2376.81674,0.00152
2375.85251,0.00150
2374.88828,0.00140
2373.92406,0.00123
2372.95983,0.00105
2371.99561,0.00097
2371.03138,0.00103
2370.06715,0.00116
2369.10293,0.00132
2368.13870,0.00143
2367.17448,0.00141
2366.21025,0.00117
2365.24603,0.00063
2364.28180,-0.00008
2363.31757,-0.00067
2362.35335,-0.00091
2361.38912,-0.00079
2360.42490,-0.00052
2359.46067,-0.00031
2358.49644,-0.00015
2357.53222,0.00014
2356.56799,0.00062
2355.60377,0.00116
2354.63954,0.00153
2353.67531,0.00163
2352.71109,0.00158
2351.74686,0.00151
2350.78264,0.00146
2349.81841,0.00141
2348.85419,0.00132
2347.88996,0.00120
2346.92573,0.00104
2345.96151,0.00084
2344.99728,0.00060
2344.03306,0.00043
2343.06883,0.00046
2342.10460,0.00070
2341.14038,0.00098
2340.17615,0.00107
2339.21193,0.00092
2338.24770,0.00068
2337.28348,0.00054
2336.31925,0.00054
2335.35502,0.00055
2334.39080,0.00047
2333.42657,0.00030
2332.46235,0.00017
2331.49812,0.00020
2330.53389,0.00040
2329.56967,0.00063
2328.60544,0.00073
2327.64122,0.00061
2326.67699,0.00031
2325.71277,-0.00001
2324.74854,-0.00015
2323.78431,-0.00007
2322.82009,0.00013
2321.85586,0.00032
2320.89164,0.00050
2319.92741,0.00073
2318.96318,0.00106
2317.99896,0.00137
2317.03473,0.00150
2316.07051,0.00137
2315.10628,0.00106
2314.14205,0.00074
2313.17783,0.00056
2312.21360,0.00049
2311.24938,0.00045
2310.28515,0.00031
2309.32093,0.00006
2308.35670,-0.00019
2307.39247,-0.00025
2306.42825,-0.00001
2305.46402,0.00045
2304.49980,0.00092
2303.53557,0.00117
2302.57134,0.00116
2301.60712,0.00100
2300.64289,0.00084
2299.67867,0.00078
2298.71444,0.00086
2297.75022,0.00103
2296.78599,0.00120
2295.82176,0.00122
2294.85754,0.00101
2293.89331,0.00067
2292.92909,0.00042
2291.96486,0.00047
2291.00063,0.00074
2290.03641,0.00099
2289.07218,0.00102
2288.10796,0.00082
2287.14373,0.00053
2286.17950,0.00035
2285.21528,0.00035
2284.25105,0.00051
2283.28683,0.00075
2282.32260,0.00093
2281.35838,0.00092
2280.39415,0.00070
2279.42992,0.00041
2278.46570,0.00023
2277.50147,0.00026
2276.53725,0.00044
2275.57302,0.00066
2274.60879,0.00086
2273.64457,0.00106
2272.68034,0.00122
2271.71612,0.00127
2270.75189,0.00115
2269.78767,0.00092
2268.82344,0.00067
2267.85921,0.00048
2266.89499,0.00030
2265.93076,0.00011
2264.96654,-0.00003
2264.00231,0.00002
2263.03808,0.00031
2262.07386,0.00075
2261.10963,0.00111
2260.14541,0.00125
2259.18118,0.00116
2258.21696,0.00097
2257.25273,0.00086
2256.28850,0.00089
2255.32428,0.00106
2254.36005,0.00124
2253.39583,0.00132
2252.43160,0.00123
2251.46737,0.00106
2250.50315,0.00102
2249.53892,0.00131
2248.57470,0.00186
2247.61047,0.00236
2246.64624,0.00244
2245.68202,0.00198
2244.71779,0.00127
2243.75357,0.00073
2242.78934,0.00056
2241.82512,0.00066
2240.86089,0.00079
2239.89666,0.00086
2238.93244,0.00086
2237.96821,0.00080
2237.00399,0.00061
2236.03976,0.00032
2235.07553,0.00006
2234.11131,0.00005
2233.14708,0.00028
2232.18286,0.00057
2231.21863,0.00072
2230.25441,0.00072
2229.29018,0.00071
2228.32595,0.00084
2227.36173,0.00109
2226.39750,0.00134
2225.43328,0.00145
2224.46905,0.00138
2223.50482,0.00111
2222.54060,0.00072
2221.57637,0.00036
2220.61215,0.00022
2219.64792,0.00035
2218.68369,0.00063
2217.71947,0.00083
2216.75524,0.00080
2215.79102,0.00057
2214.82679,0.00030
2213.86257,0.00018
2212.89834,0.00027
2211.93411,0.00054
2210.96989,0.00082
2210.00566,0.00095
2209.04144,0.00085
2208.07721,0.00060
2207.11298,0.00040
2206.14876,0.00037
2205.18453,0.00047
2204.22031,0.00060
2203.25608,0.00073
2202.29186,0.00091
2201.32763,0.00114
2200.36340,0.00134
2199.39918,0.00135
2198.43495,0.00113
2197.47073,0.00082
2196.50650,0.00063
2195.54227,0.00067
2194.57805,0.00087
2193.61382,0.00106
2192.64960,0.00110
2191.68537,0.00098
2190.72115,0.00083
2189.75692,0.00075
2188.79269,0.00077
2187.82847,0.00079
2186.86424,0.00069
2185.90002,0.00047
2184.93579,0.00024
2183.97156,0.00017
2183.00734,0.00028
2182.04311,0.00048
2181.07889,0.00062
2180.11466,0.00065
2179.15043,0.00063
2178.18621,0.00073
2177.22198,0.00103
2176.25776,0.00149
2175.29353,0.00192
2174.32931,0.00210
2173.36508,0.00199
2172.40085,0.00175
2171.43663,0.00159
2170.47240,0.00159
2169.50818,0.00164
2168.54395,0.00161
2167.57972,0.00146
2166.61550,0.00130
2165.65127,0.00120
2164.68705,0.00116
2163.72282,0.00118
2162.75860,0.00127
2161.79437,0.00147
2160.83014,0.00171
2159.86592,0.00184
2158.90169,0.00177
2157.93747,0.00155
2156.97324,0.00130
2156.00901,0.00107
2155.04479,0.00090
2154.08056,0.00085
2153.11634,0.00099
2152.15211,0.00130
2151.18789,0.00162
2150.22366,0.00175
2149.25943,0.00166
2148.29521,0.00148
2147.33098,0.00137
2146.36676,0.00135
2145.40253,0.00133
2144.43830,0.00128
2143.47408,0.00126
2142.50985,0.00126
2141.54563,0.00121
2140.58140,0.00106
2139.61717,0.00086
2138.65295,0.00073
2137.68872,0.00077
2136.72450,0.00093
2135.76027,0.00112
2134.79605,0.00128
2133.83182,0.00145
2132.86759,0.00164
2131.90337,0.00183
2130.93914,0.00202
2129.97492,0.00221
2129.01069,0.00238
2128.04646,0.00249
2127.08224,0.00252
2126.11801,0.00254
2125.15379,0.00265
2124.18956,0.00295
2123.22534,0.00340
2122.26111,0.00393
2121.29688,0.00443
2120.33266,0.00485
2119.36843,0.00518
2118.40421,0.00545
2117.43998,0.00574
2116.47575,0.00610
2115.51153,0.00649
2114.54730,0.00678
2113.58308,0.00691
2112.61885,0.00696
2111.65462,0.00704
2110.69040,0.00719
2109.72617,0.00734
2108.76195,0.00736
2107.79772,0.00720
2106.83350,0.00695
2105.86927,0.00668
2104.90504,0.00647
2103.94082,0.00627
2102.97659,0.00607
2102.01237,0.00583
2101.04814,0.00561
2100.08391,0.00551
2099.11969,0.00563
2098.15546,0.00591
2097.19124,0.00617
2096.22701,0.00618
2095.26279,0.00595
2094.29856,0.00562
2093.33433,0.00537
2092.37011,0.00517
2091.40588,0.00495
2090.44166,0.00465
2089.47743,0.00440
2088.51320,0.00426
2087.54898,0.00418
2086.58475,0.00405
2085.62053,0.00383
2084.65630,0.00358
2083.69208,0.00334
2082.72785,0.00305
2081.76362,0.00269
2080.79940,0.00234
2079.83517,0.00214
2078.87095,0.00211
2077.90672,0.00206
2076.94249,0.00185
2075.97827,0.00147
2075.01404,0.00115
2074.04982,0.00104
2073.08559,0.00116
2072.12136,0.00140
2071.15714,0.00163
2070.19291,0.00174
2069.22869,0.00166
2068.26446,0.00138
2067.30024,0.00101
2066.33601,0.00073
2065.37178,0.00069
2064.40756,0.00086
2063.44333,0.00110
2062.47911,0.00127
2061.51488,0.00131
2060.55065,0.00126
2059.58643,0.00115
2058.62220,0.00103
2057.65798,0.00093
2056.69375,0.00085
2055.72953,0.00081
2054.76530,0.00084
2053.80107,0.00098
2052.83685,0.00128
2051.87262,0.00163
2050.90840,0.00187
2049.94417,0.00189
2048.97994,0.00173
2048.01572,0.00153
2047.05149,0.00134
2046.08727,0.00115
2045.12304,0.00096
2044.15882,0.00082
2043.19459,0.00080
2042.23036,0.00082
2041.26614,0.00076
2040.30191,0.00060
2039.33769,0.00044
2038.37346,0.00044
2037.40923,0.00059
2036.44501,0.00077
2035.48078,0.00089
2034.51656,0.00093
2033.55233,0.00091
2032.58810,0.00084
2031.62388,0.00072
2030.65965,0.00062
2029.69543,0.00061
2028.73120,0.00065
2027.76698,0.00064
2026.80275,0.00050
2025.83852,0.00028
2024.87430,0.00010
2023.91007,0.00004
2022.94585,0.00008
2021.98162,0.00020
2021.01739,0.00039
2020.05317,0.00062
2019.08894,0.00086
2018.12472,0.00104
2017.16049,0.00121
2016.19627,0.00139
2015.23204,0.00153
2014.26781,0.00151
2013.30359,0.00125
2012.33936,0.00085
2011.37514,0.00047
2010.41091,0.00019
2009.44668,0.00001
2008.48246,-0.00009
2007.51823,-0.00005
2006.55401,0.00014
2005.58978,0.00037
2004.62555,0.00049
2003.66133,0.00051
2002.69710,0.00058
2001.73288,0.00084
2000.76865,0.00123
1999.80443,0.00156
1998.84020,0.00167
1997.87597,0.00156
1996.91175,0.00136
1995.94752,0.00116
1994.98330,0.00098
1994.01907,0.00081
1993.05484,0.00060
1992.09062,0.00039
1991.12639,0.00023
1990.16217,0.00022
1989.19794,0.00036
1988.23372,0.00058
1987.26949,0.00071
1986.30526,0.00071
1985.34104,0.00070
1984.37681,0.00085
1983.41259,0.00113
1982.44836,0.00137
1981.48413,0.00138
1980.51991,0.00120
1979.55568,0.00102
1978.59146,0.00099
1977.62723,0.00109
1976.66301,0.00117
1975.69878,0.00118
1974.73455,0.00113
1973.77033,0.00107
1972.80610,0.00095
1971.84188,0.00076
1970.87765,0.00052
1969.91342,0.00033
1968.94920,0.00024
1967.98497,0.00022
1967.02075,0.00023
1966.05652,0.00026
1965.09229,0.00031
1964.12807,0.00042
1963.16384,0.00055
1962.19962,0.00068
1961.23539,0.00078
1960.27117,0.00085
1959.30694,0.00087
1958.34271,0.00083
1957.37849,0.00076
1956.41426,0.00067
1955.45004,0.00059
1954.48581,0.00054
1953.52158,0.00053
1952.55736,0.00054
1951.59313,0.00051
1950.62891,0.00047
1949.66468,0.00051
1948.70046,0.00067
1947.73623,0.00085
1946.77200,0.00085
1945.80778,0.00055
1944.84355,0.00006
1943.87933,-0.00029
1942.91510,-0.00025
1941.95087,0.00014
1940.98665,0.00063
1940.02242,0.00097
1939.05820,0.00105
1938.09397,0.00099
1937.12974,0.00093
1936.16552,0.00100
1935.20129,0.00121
1934.23707,0.00144
1933.27284,0.00156
1932.30862,0.00147
1931.34439,0.00123
1930.38016,0.00105
1929.41594,0.00111
1928.45171,0.00141
1927.48749,0.00172
1926.52326,0.00178
1925.55903,0.00145
1924.59481,0.00084
1923.63058,0.00020
1922.66636,-0.00020
1921.70213,-0.00023
1920.73791,0.00008
1919.77368,0.00056
1918.80945,0.00105
1917.84523,0.00145
1916.88100,0.00171
1915.91678,0.00175
1914.95255,0.00155
1913.98832,0.00117
1913.02410,0.00078
1912.05987,0.00053
1911.09565,0.00045
1910.13142,0.00047
1909.16720,0.00048
1908.20297,0.00052
1907.23874,0.00064
1906.27452,0.00079
1905.31029,0.00086
1904.34607,0.00076
1903.38184,0.00053
1902.41761,0.00035
1901.45339,0.00032
1900.48916,0.00040
1899.52494,0.00050
1898.56071,0.00056
1897.59648,0.00060
1896.63226,0.00065
1895.66803,0.00069
1894.70381,0.00072
1893.73958,0.00074
1892.77536,0.00078
1891.81113,0.00086
1890.84690,0.00097
1889.88268,0.00106
1888.91845,0.00114
1887.95423,0.00120
1886.99000,0.00126
1886.02577,0.00131
1885.06155,0.00128
1884.09732,0.00116
1883.13310,0.00100
1882.16887,0.00091
1881.20465,0.00096
1880.24042,0.00108
1879.27619,0.00111
1878.31197,0.00098
1877.34774,0.00076
1876.38352,0.00063
1875.41929,0.00064
1874.45506,0.00073
1873.49084,0.00080
1872.52661,0.00086
1871.56239,0.00097
1870.59816,0.00111
1869.63394,0.00111
1868.66971,0.00089
1867.70548,0.00056
1866.74126,0.00039
1865.77703,0.00047
1864.81281,0.00070
1863.84858,0.00084
1862.88435,0.00082
1861.92013,0.00073
1860.95590,0.00070
1859.99168,0.00071
1859.02745,0.00073
1858.06322,0.00075
1857.09900,0.00082
1856.13477,0.00087
1855.17055,0.00081
1854.20632,0.00060
1853.24210,0.00038
1852.27787,0.00027
1851.31364,0.00031
1850.34942,0.00035
1849.38519,0.00034
1848.42097,0.00035
1847.45674,0.00050
1846.49251,0.00079
1845.52829,0.00105
1844.56406,0.00112
1843.59984,0.00101
1842.63561,0.00088
1841.67139,0.00087
1840.70716,0.00095
1839.74293,0.00100
1838.77871,0.00095
1837.81448,0.00084
1836.85026,0.00080
1835.88603,0.00092
1834.92180,0.00116
1833.95758,0.00143
1832.99335,0.00162
1832.02913,0.00167
1831.06490,0.00159
1830.10067,0.00141
1829.13645,0.00118
1828.17222,0.00097
1827.20800,0.00087
1826.24377,0.00092
1825.27955,0.00107
1824.31532,0.00117
1823.35109,0.00116
1822.38687,0.00108
1821.42264,0.00108
1820.45842,0.00123
1819.49419,0.00146
1818.52996,0.00161
1817.56574,0.00159
1816.60151,0.00145
1815.63729,0.00132
1814.67306,0.00127
1813.70884,0.00135
1812.74461,0.00152
1811.78038,0.00168
1810.81616,0.00178
1809.85193,0.00177
1808.88771,0.00170
1807.92348,0.00163
1806.95925,0.00157
1805.99503,0.00146
1805.03080,0.00130
1804.06658,0.00115
1803.10235,0.00114
1802.13813,0.00129
1801.17390,0.00147
1800.20967,0.00150
1799.24545,0.00136
1798.28122,0.00113
1797.31700,0.00092
1796.35277,0.00081
1795.38854,0.00079
1794.42432,0.00087
1793.46009,0.00107
1792.49587,0.00132
1791.53164,0.00154
1790.56741,0.00164
1789.60319,0.00160
1788.63896,0.00147
1787.67474,0.00129
1786.71051,0.00113
1785.74629,0.00103
1784.78206,0.00103
1783.81783,0.00107
1782.85361,0.00105
1781.88938,0.00094
1780.92516,0.00080
1779.96093,0.00072
1778.99670,0.00073
1778.03248,0.00076
1777.06825,0.00077
1776.10403,0.00079
1775.13980,0.00090
1774.17558,0.00109
1773.21135,0.00131
1772.24712,0.00149
1771.28290,0.00167
1770.31867,0.00187
1769.35445,0.00207
1768.39022,0.00221
1767.42599,0.00223
1766.46177,0.00216
1765.49754,0.00208
1764.53332,0.00199
1763.56909,0.00190
1762.60487,0.00178
1761.64064,0.00165
1760.67641,0.00154
1759.71219,0.00148
1758.74796,0.00145
1757.78374,0.00145
1756.81951,0.00144
1755.85528,0.00145
1754.89106,0.00146
1753.92683,0.00149
1752.96261,0.00152
1751.99838,0.00152
1751.03415,0.00147
1750.06993,0.00142
1749.10570,0.00151
1748.14148,0.00184
1747.17725,0.00233
1746.21303,0.00280
1745.24880,0.00309
1744.28457,0.00319
1743.32035,0.00315
1742.35612,0.00298
1741.39190,0.00263
1740.42767,0.00210
1739.46344,0.00159
1738.49922,0.00130
1737.53499,0.00136
1736.57077,0.00163
1735.60654,0.00192
1734.64232,0.00214
1733.67809,0.00228
1732.71386,0.00241
1731.74964,0.00252
1730.78541,0.00263
1729.82119,0.00275
1728.85696,0.00290
1727.89273,0.00304
1726.92851,0.00310
1725.96428,0.00300
1725.00006,0.00276
1724.03583,0.00250
1723.07160,0.00234
1722.10738,0.00233
1721.14315,0.00245
1720.17893,0.00264
1719.21470,0.00286
1718.25048,0.00305
1717.28625,0.00314
1716.32202,0.00307
1715.35780,0.00286
1714.39357,0.00265
1713.42935,0.00258
1712.46512,0.00268
1711.50089,0.00284
1710.53667,0.00288
1709.57244,0.00274
1708.60822,0.00250
1707.64399,0.00238
1706.67977,0.00248
1705.71554,0.00278
1704.75131,0.00313
1703.78709,0.00337
1702.82286,0.00346
1701.85864,0.00343
1700.89441,0.00332
1699.93018,0.00324
1698.96596,0.00329
1698.00173,0.00353
1697.03751,0.00389
1696.07328,0.00419
1695.10906,0.00425
1694.14483,0.00404
1693.18060,0.00371
1692.21638,0.00349
1691.25215,0.00348
1690.28793,0.00364
1689.32370,0.00382
1688.35947,0.00392
1687.39525,0.00392
1686.43102,0.00391
1685.46680,0.00395
1684.50257,0.00407
1683.53834,0.00418
1682.57412,0.00419
1681.60989,0.00400
1680.64567,0.00362
1679.68144,0.00317
1678.71722,0.00284
1677.75299,0.00275
1676.78876,0.00293
1675.82454,0.00322
1674.86031,0.00344
1673.89609,0.00346
1672.93186,0.00330
1671.96763,0.00308
1671.00341,0.00297
1670.03918,0.00306
1669.07496,0.00334
1668.11073,0.00372
1667.14651,0.00405
1666.18228,0.00423
1665.21805,0.00419
1664.25383,0.00402
1663.28960,0.00385
1662.32538,0.00382
1661.36115,0.00395
1660.39692,0.00415
1659.43270,0.00427
1658.46847,0.00421
1657.50425,0.00400
1656.54002,0.00377
1655.57579,0.00363
1654.61157,0.00361
1653.64734,0.00365
1652.68312,0.00364
1651.71889,0.00356
1650.75467,0.00347
1649.79044,0.00346
1648.82621,0.00358
1647.86199,0.00377
1646.89776,0.00390
1645.93354,0.00386
1644.96931,0.00364
1644.00508,0.00336
1643.04086,0.00318
1642.07663,0.00317
1641.11241,0.00328
1640.14818,0.00337
1639.18396,0.00335
1638.21973,0.00321
1637.25550,0.00306
1636.29128,0.00300
1635.32705,0.00307
1634.36283,0.00320
1633.39860,0.00334
1632.43437,0.00349
1631.47015,0.00362
1630.50592,0.00368
1629.54170,0.00360
1628.57747,0.00335
1627.61325,0.00305
1626.64902,0.00284
1625.68479,0.00280
1624.72057,0.00290
1623.75634,0.00301
1622.79212,0.00301
1621.82789,0.00288
1620.86366,0.00271
1619.89944,0.00261
1618.93521,0.00266
1617.97099,0.00285
1617.00676,0.00308
1616.04253,0.00325
1615.07831,0.00331
1614.11408,0.00330
1613.14986,0.00320
1612.18563,0.00300
1611.22141,0.00267
1610.25718,0.00228
1609.29295,0.00198
1608.32873,0.00188
1607.36450,0.00193
1606.40028,0.00201
1605.43605,0.00202
1604.47182,0.00194
1603.50760,0.00186
1602.54337,0.00183
1601.57915,0.00186
1600.61492,0.00193
1599.65070,0.00202
1598.68647,0.00210
1597.72224,0.00213
1596.75802,0.00211
1595.79379,0.00208
1594.82957,0.00211
1593.86534,0.00225
1592.90111,0.00245
1591.93689,0.00258
1590.97266,0.00249
1590.00844,0.00216
1589.04421,0.00166
1588.07999,0.00122
1587.11576,0.00101
1586.15153,0.00112
1585.18731,0.00147
1584.22308,0.00187
1583.25886,0.00215
1582.29463,0.00227
1581.33040,0.00230
1580.36618,0.00231
1579.40195,0.00232
1578.43773,0.00228
1577.47350,0.00214
1576.50927,0.00188
1575.54505,0.00154
1574.58082,0.00121
1573.61660,0.00100
1572.65237,0.00097
1571.68815,0.00110
1570.72392,0.00127
1569.75969,0.00132
1568.79547,0.00120
1567.83124,0.00096
1566.86702,0.00074
1565.90279,0.00065
1564.93856,0.00075
1563.97434,0.00096
1563.01011,0.00117
1562.04589,0.00128
1561.08166,0.00131
1560.11744,0.00136
1559.15321,0.00149
1558.18898,0.00165
1557.22476,0.00166
1556.26053,0.00143
1555.29631,0.00104
1554.33208,0.00072
1553.36785,0.00066
1552.40363,0.00086
1551.43940,0.00118
1550.47518,0.00147
1549.51095,0.00165
1548.54672,0.00169
1547.58250,0.00165
1546.61827,0.00163
1545.65405,0.00165
1544.68982,0.00169
1543.72560,0.00165
1542.76137,0.00148
1541.79714,0.00125
1540.83292,0.00112
1539.86869,0.00113
1538.90447,0.00121
1537.94024,0.00124
1536.97601,0.00121
1536.01179,0.00122
1535.04756,0.00134
1534.08334,0.00146
1533.11911,0.00146
1532.15489,0.00130
1531.19066,0.00108
1530.22643,0.00091
1529.26221,0.00085
1528.29798,0.00083
1527.33376,0.00081
1526.36953,0.00074
1525.40530,0.00066
1524.44108,0.00063
1523.47685,0.00074
1522.51263,0.00101
1521.54840,0.00134
1520.58418,0.00151
1519.61995,0.00141
1518.65572,0.00113
1517.69150,0.00091
1516.72727,0.00090
1515.76305,0.00107
1514.79882,0.00125
1513.83459,0.00136
1512.87037,0.00141
1511.90614,0.00145
1510.94192,0.00150
1509.97769,0.00158
1509.01346,0.00172
1508.04924,0.00191
1507.08501,0.00204
1506.12079,0.00194
1505.15656,0.00159
1504.19234,0.00118
1503.22811,0.00096
1502.26388,0.00104
1501.29966,0.00126
1500.33543,0.00140
1499.37121,0.00132
1498.40698,0.00112
1497.44275,0.00096
1496.47853,0.00095
1495.51430,0.00102
1494.55008,0.00102
1493.58585,0.00085
1492.62163,0.00058
1491.65740,0.00038
1490.69317,0.00049
1489.72895,0.00094
1488.76472,0.00155
1487.80050,0.00203
1486.83627,0.00221
1485.87204,0.00211
1484.90782,0.00189
1483.94359,0.00166
1482.97937,0.00144
1482.01514,0.00123
1481.05092,0.00105
1480.08669,0.00097
1479.12246,0.00095
1478.15824,0.00093
1477.19401,0.00085
1476.22979,0.00076
1475.26556,0.00077
1474.30133,0.00095
1473.33711,0.00126
1472.37288,0.00157
1471.40866,0.00171
1470.44443,0.00158
1469.48020,0.00121
1468.51598,0.00073
1467.55175,0.00031
1466.58753,0.00012
1465.62330,0.00018
1464.65908,0.00041
1463.69485,0.00068
1462.73062,0.00093
1461.76640,0.00116
1460.80217,0.00131
1459.83795,0.00117
1458.87372,0.00055
1457.90949,-0.00050
1456.94527,-0.00160
1455.98104,-0.00227
1455.01682,-0.00233
1454.05259,-0.00196
1453.08837,-0.00152
1452.12414,-0.00123
1451.15991,-0.00109
1450.19569,-0.00104
1449.23146,-0.00105
1448.26724,-0.00108
1447.30301,-0.00101
1446.33878,-0.00071
1445.37456,-0.00017
1444.41033,0.00044
1443.44611,0.00091
1442.48188,0.00110
1441.51765,0.00099
1440.55343,0.00063
1439.58920,0.00014
1438.62498,-0.00032
1437.66075,-0.00063
1436.69653,-0.00080
1435.73230,-0.00093
1434.76807,-0.00096
1433.80385,-0.00070
1432.83962,-0.00002
1431.87540,0.00086
1430.91117,0.00143
1429.94694,0.00134
1428.98272,0.00075
1428.01849,0.00021
1427.05427,0.00014
1426.09004,0.00056
1425.12582,0.00116
1424.16159,0.00166
1423.19736,0.00202
1422.23314,0.00226
1421.26891,0.00234
1420.30469,0.00223
1419.34046,0.00195
1418.37623,0.00162
1417.41201,0.00129
1416.44778,0.00090
1415.48356,0.00043
1414.51933,0.00003
1413.55511,-0.00007
1412.59088,0.00022
1411.62665,0.00082
1410.66243,0.00151
1409.69820,0.00211
1408.73398,0.00249
1407.76975,0.00249
1406.80552,0.00201
1405.84130,0.00111
1404.87707,0.00012
1403.91285,-0.00058
1402.94862,-0.00079
1401.98439,-0.00053
1401.02017,-0.00001
1400.05594,0.00058
1399.09172,0.00101
1398.12749,0.00109
1397.16327,0.00071
1396.19904,-0.00004
1395.23481,-0.00089
1394.27059,-0.00155
1393.30636,-0.00180
1392.34214,-0.00159
1391.37791,-0.00094
1390.41368,-0.00003
1389.44946,0.00079
1388.48523,0.00116
1387.52101,0.00094
1386.55678,0.00041
1385.59256,-0.00002
1384.62833,-0.00014
1383.66410,-0.00013
1382.69988,-0.00023
1381.73565,-0.00047
1380.77143,-0.00065
1379.80720,-0.00060
1378.84297,-0.00036
1377.87875,-0.00009
1376.91452,0.00017
1375.95030,0.00050
1374.98607,0.00093
1374.02184,0.00140
1373.05762,0.00180
1372.09339,0.00212
1371.12917,0.00239
1370.16494,0.00259
1369.20072,0.00260
1368.23649,0.00236
1367.27226,0.00198
1366.30804,0.00165
1365.34381,0.00147
1364.37959,0.00140
1363.41536,0.00137
1362.45113,0.00133
1361.48691,0.00126
1360.52268,0.00108
1359.55846,0.00077
1358.59423,0.00036
1357.63001,-0.00009
1356.66578,-0.00056
1355.70155,-0.00104
1354.73733,-0.00142
1353.77310,-0.00154
1352.80888,-0.00131
1351.84465,-0.00084
1350.88042,-0.00035
1349.91620,0.00007
1348.95197,0.00044
1347.98775,0.00079
1347.02352,0.00102
1346.05930,0.00103
1345.09507,0.00083
1344.13084,0.00059
1343.16662,0.00037
1342.20239,0.00015
1341.23817,-0.00010
1340.27394,-0.00021
1339.30971,-0.00001
1338.34549,0.00046
1337.38126,0.00085
1336.41704,0.00086
1335.45281,0.00048
1334.48858,-0.00002
1333.52436,-0.00034
1332.56013,-0.00037
1331.59591,-0.00008
1330.63168,0.00045
1329.66746,0.00101
1328.70323,0.00125
1327.73900,0.00094
1326.77478,0.00026
1325.81055,-0.00023
1324.84633,-0.00010
1323.88210,0.00054
1322.91787,0.00114
1321.95365,0.00119
1320.98942,0.00069
1320.02520,0.00002
1319.06097,-0.00038
1318.09675,-0.00036
1317.13252,-0.00005
1316.16829,0.00033
1315.20407,0.00068
1314.23984,0.00101
1313.27562,0.00129
1312.31139,0.00137
1311.34716,0.00104
1310.38294,0.00028
1309.41871,-0.00051
1308.45449,-0.00076
1307.49026,-0.00018
1306.52604,0.00087
1305.56181,0.00166
1304.59758,0.00175
1303.63336,0.00130
1302.66913,0.00077
1301.70491,0.00045
1300.74068,0.00026
1299.77645,0.00007
1298.81223,-0.00007
1297.84800,-0.00007
1296.88378,-0.00002
1295.91955,-0.00010
1294.95532,-0.00029
1293.99110,-0.00031
1293.02687,0.00005
1292.06265,0.00069
1291.09842,0.00130
1290.13420,0.00166
1289.16997,0.00179
1288.20574,0.00178
1287.24152,0.00166
1286.27729,0.00147
1285.31307,0.00144
1284.34884,0.00184
1283.38461,0.00269
1282.42039,0.00359
1281.45616,0.00404
1280.49194,0.00387
1279.52771,0.00333
1278.56349,0.00286
1277.59926,0.00269
1276.63503,0.00270
1275.67081,0.00259
1274.70658,0.00218
1273.74236,0.00152
1272.77813,0.00083
1271.81390,0.00027
1270.84968,-0.00010
1269.88545,-0.00020
1268.92123,0.00009
1267.95700,0.00080
1266.99277,0.00167
1266.02855,0.00223
1265.06432,0.00213
1264.10010,0.00150
1263.13587,0.00082
1262.17165,0.00045
1261.20742,0.00034
1260.24319,0.00021
1259.27897,0.00007
1258.31474,0.00019
1257.35052,0.00078
1256.38629,0.00157
1255.42206,0.00207
1254.45784,0.00203
1253.49361,0.00173
1252.52939,0.00158
1251.56516,0.00169
1250.60094,0.00178
1249.63671,0.00155
1248.67248,0.00098
1247.70826,0.00035
1246.74403,-0.00007
1245.77981,-0.00013
1244.81558,0.00022
1243.85135,0.00096
1242.88713,0.00197
1241.92290,0.00294
1240.95868,0.00354
1239.99445,0.00355
1239.03023,0.00303
1238.06600,0.00217
1237.10177,0.00119
1236.13755,0.00031
1235.17332,-0.00030
1234.20910,-0.00049
1233.24487,-0.00020
1232.28064,0.00042
1231.31642,0.00115
1230.35219,0.00170
1229.38797,0.00191
1228.42374,0.00172
1227.45951,0.00127
1226.49529,0.00076
1225.53106,0.00037
1224.56684,0.00019
1223.60261,0.00024
1222.63839,0.00053
1221.67416,0.00100
1220.70993,0.00159
1219.74571,0.00219
1218.78148,0.00272
1217.81726,0.00303
1216.85303,0.00300
1215.88880,0.00254
1214.92458,0.00177
1213.96035,0.00101
1212.99613,0.00055
1212.03190,0.00039
1211.06768,0.00021
1210.10345,-0.00024
1209.13922,-0.00081
1208.17500,-0.00106
1207.21077,-0.00070
1206.24655,0.00007
1205.28232,0.00074
1204.31809,0.00099
1203.35387,0.00094
1202.38964,0.00087
1201.42542,0.00092
1200.46119,0.00098
1199.49697,0.00098
1198.53274,0.00101
1197.56851,0.00123
1196.60429,0.00156
1195.64006,0.00168
1194.67584,0.00135
1193.71161,0.00069
1192.74738,0.00008
1191.78316,-0.00028
1190.81893,-0.00048
1189.85471,-0.00074
1188.89048,-0.00105
1187.92625,-0.00111
1186.96203,-0.00072
1185.99780,-0.00010
1185.03358,0.00030
1184.06935,0.00030
1183.10513,0.00020
1182.14090,0.00046
1181.17667,0.00109
1180.21245,0.00165
1179.24822,0.00170
1178.28400,0.00130
1177.31977,0.00087
1176.35554,0.00062
1175.39132,0.00036
1174.42709,-0.00017
1173.46287,-0.00091
1172.49864,-0.00149
1171.53442,-0.00166
1170.57019,-0.00147
1169.60596,-0.00109
1168.64174,-0.00057
1167.67751,0.00004
1166.71329,0.00046
1165.74906,0.00030
1164.78483,-0.00050
1163.82061,-0.00148
1162.85638,-0.00201
1161.89216,-0.00181
1160.92793,-0.00103
1159.96370,0.00005
1158.99948,0.00128
1158.03525,0.00248
1157.07103,0.00328
1156.10680,0.00326
1155.14258,0.00239
1154.17835,0.00107
1153.21412,-0.00028
1152.24990,-0.00149
1151.28567,-0.00253
1150.32145,-0.00310
1149.35722,-0.00271
1148.39299,-0.00127
1147.42877,0.00063
1146.46454,0.00201
1145.50032,0.00220
1144.53609,0.00130
1143.57187,-0.00011
1142.60764,-0.00145
1141.64341,-0.00242
1140.67919,-0.00291
1139.71496,-0.00281
1138.75074,-0.00211
1137.78651,-0.00097
1136.82228,0.00027
1135.85806,0.00127
1134.89383,0.00180
1133.92961,0.00191
1132.96538,0.00186
1132.00116,0.00200
1131.03693,0.00240
1130.07270,0.00283
1129.10848,0.00303
1128.14425,0.00303
1127.18003,0.00313
1126.21580,0.00337
1125.25157,0.00332
1124.28735,0.00245
1123.32312,0.00082
1122.35890,-0.00082
1121.39467,-0.00171
1120.43044,-0.00188
1119.46622,-0.00192
1118.50199,-0.00220
1117.53777,-0.00230
1116.57354,-0.00150
1115.60932,0.00026
1114.64509,0.00206
1113.68086,0.00270
1112.71664,0.00162
1111.75241,-0.00069
1110.78819,-0.00303
1109.82396,-0.00424
1108.85973,-0.00385
1107.89551,-0.00221
1106.93128,-0.00047
1105.96706,0.00003
1105.00283,-0.00133
1104.03861,-0.00381
1103.07438,-0.00582
1102.11015,-0.00610
1101.14593,-0.00472
1100.18170,-0.00286
1099.21748,-0.00154
1098.25325,-0.00087
1097.28902,-0.00026
1096.32480,0.00064
1095.36057,0.00148
1094.39635,0.00156
1093.43212,0.00067
1092.46790,-0.00061
1091.50367,-0.00136
1090.53944,-0.00104
1089.57522,0.00012
1088.61099,0.00127
1087.64677,0.00156
1086.68254,0.00078
1085.71831,-0.00034
1084.75409,-0.00072
1083.78986,0.00029
1082.82564,0.00233
1081.86141,0.00432
1080.89718,0.00533
1079.93296,0.00514
1078.96873,0.00420
1078.00451,0.00305
1077.04028,0.00209
1076.07606,0.00158
1075.11183,0.00172
1074.14760,0.00248
1073.18338,0.00336
1072.21915,0.00356
1071.25493,0.00256
1070.29070,0.00051
1069.32647,-0.00186
1068.36225,-0.00376
1067.39802,-0.00473
1066.43380,-0.00474
1065.46957,-0.00398
1064.50535,-0.00279
1063.54112,-0.00145
1062.57689,-0.00021
1061.61267,0.00071
1060.64844,0.00114
1059.68422,0.00101
1058.71999,0.00046
1057.75576,-0.00017
1056.79154,-0.00054
1055.82731,-0.00060
1054.86309,-0.00063
1053.89886,-0.00092
1052.93463,-0.00140
1051.97041,-0.00164
1051.00618,-0.00123
1050.04196,-0.00004
1049.07773,0.00166
1048.11351,0.00339
1047.14928,0.00465
1046.18505,0.00504
1045.22083,0.00448
1044.25660,0.00336
1043.29238,0.00240
1042.32815,0.00209
1041.36392,0.00235
1040.39970,0.00263
1039.43547,0.00239
1038.47125,0.00158
1037.50702,0.00044
1036.54280,-0.00077
1035.57857,-0.00192
1034.61434,-0.00279
1033.65012,-0.00306
1032.68589,-0.00258
1031.72167,-0.00169
1030.75744,-0.00101
1029.79321,-0.00091
1028.82899,-0.00112
1027.86476,-0.00111
1026.90054,-0.00059
1025.93631,0.00022
1024.97209,0.00093
1024.00786,0.00143
1023.04363,0.00185
1022.07941,0.00231
1021.11518,0.00278
1020.15096,0.00324
1019.18673,0.00379
1018.22250,0.00446
1017.25828,0.00489
1016.29405,0.00448
1015.32983,0.00305
1014.36560,0.00120
1013.40137,-0.00004
1012.43715,-0.00013
1011.47292,0.00057
1010.50870,0.00122
1009.54447,0.00137
1008.58025,0.00127
1007.61602,0.00135
1006.65179,0.00152
1005.68757,0.00132
1004.72334,0.00045
1003.75912,-0.00075
1002.79489,-0.00163
1001.83066,-0.00191
1000.86644,-0.00183
999.90221,-0.00183
998.93799,-0.00208
997.97376,-0.00252
997.00954,-0.00302
996.04531,-0.00342
995.08108,-0.00343
994.11686,-0.00272
993.15263,-0.00137
992.18841,-0.00013
991.22418,0.00014
990.25995,-0.00068
989.29573,-0.00164
988.33150,-0.00150
987.36728,0.00009
986.40305,0.00220
985.43882,0.00336
984.47460,0.00274
983.51037,0.00070
982.54615,-0.00155
981.58192,-0.00271
980.61770,-0.00201
979.65347,0.00048
978.68924,0.00387
977.72502,0.00673
976.76079,0.00769
975.79657,0.00615
974.83234,0.00273
973.86811,-0.00092
972.90389,-0.00298
971.93966,-0.00256
970.97544,-0.00032
970.01121,0.00210
969.04699,0.00328
968.08276,0.00293
967.11853,0.00179
966.15431,0.00094
965.19008,0.00107
964.22586,0.00230
963.26163,0.00423
962.29740,0.00593
961.33318,0.00634
960.36895,0.00512
959.40473,0.00338
958.44050,0.00293
957.47628,0.00429
956.51205,0.00579
955.54782,0.00491
954.58360,0.00102
953.61937,-0.00373
952.65515,-0.00631
951.69092,-0.00566
950.72669,-0.00327
949.76247,-0.00126
948.79824,-0.00042
947.83402,-0.00023
946.86979,-0.00031
945.90556,-0.00103
944.94134,-0.00268
943.97711,-0.00445
943.01289,-0.00487
942.04866,-0.00317
941.08444,0.00007
940.12021,0.00341
939.15598,0.00552
938.19176,0.00559
937.22753,0.00345
936.26331,-0.00029
935.29908,-0.00408
934.33485,-0.00617
933.37063,-0.00571
932.40640,-0.00345
931.44218,-0.00105
930.47795,0.00021
929.51373,0.00021
928.54950,-0.00027
927.58527,-0.00032
926.62105,0.00037
925.65682,0.00132
924.69260,0.00160
923.72837,0.00064
922.76414,-0.00125
921.79992,-0.00311
920.83569,-0.00412
919.87147,-0.00417
918.90724,-0.00349
917.94302,-0.00217
916.97879,-0.00034
916.01456,0.00120
915.05034,0.00118
914.08611,-0.00089
913.12189,-0.00364
912.15766,-0.00489
911.19343,-0.00365
910.22921,-0.00114
909.26498,0.00065
908.30076,0.00114
907.33653,0.00150
906.37230,0.00290
905.40808,0.00518
904.44385,0.00725
903.47963,0.00834
902.51540,0.00824
901.55118,0.00672
900.58695,0.00349
899.62272,-0.00089
898.65850,-0.00460
897.69427,-0.00586
896.73005,-0.00441
895.76582,-0.00183
894.80159,0.00010
893.83737,0.00093
892.87314,0.00127
891.90892,0.00149
890.94469,0.00107
889.98047,-0.00066
889.01624,-0.00357
888.05201,-0.00662
887.08779,-0.00872
886.12356,-0.00946
885.15934,-0.00927
884.19511,-0.00891
883.23088,-0.00859
882.26666,-0.00761
881.30243,-0.00519
880.33821,-0.00155
879.37398,0.00164
878.40975,0.00256
877.44553,0.00105
876.48130,-0.00107
875.51708,-0.00181
874.55285,-0.00079
873.58863,0.00074
872.62440,0.00148
871.66017,0.00108
870.69595,-0.00022
869.73172,-0.00221
868.76750,-0.00459
867.80327,-0.00641
866.83904,-0.00677
865.87482,-0.00615
864.91059,-0.00641
863.94637,-0.00884
862.98214,-0.01226
862.01792,-0.01379
861.05369,-0.01172
860.08946,-0.00731
859.12524,-0.00353
858.16101,-0.00229
857.19679,-0.00328
856.23256,-0.00505
855.26833,-0.00635
854.30411,-0.00639
853.33988,-0.00474
852.37566,-0.00176
851.41143,0.00095
850.44721,0.00148
849.48298,-0.00064
848.51875,-0.00383
847.55453,-0.00580
846.59030,-0.00553
845.62608,-0.00375
844.66185,-0.00167
843.69762,0.00038
842.73340,0.00265
841.76917,0.00506
840.80495,0.00667
839.84072,0.00647
838.87649,0.00429
837.91227,0.00103
836.94804,-0.00202
835.98382,-0.00395
835.01959,-0.00454
834.05537,-0.00392
833.09114,-0.00226
832.12691,0.00013
831.16269,0.00229
830.19846,0.00273
829.23424,0.00060
828.27001,-0.00301
827.30578,-0.00537
826.34156,-0.00436
825.37733,-0.00076
824.41311,0.00220
823.44888,0.00200
822.48466,-0.00062
821.52043,-0.00241
820.55620,-0.00106
819.59198,0.00239
818.62775,0.00491
817.66353,0.00465
816.69930,0.00255
815.73507,0.00112
814.77085,0.00197
813.80662,0.00462
812.84240,0.00732
811.87817,0.00877
810.91395,0.00888
809.94972,0.00828
808.98549,0.00740
808.02127,0.00587
807.05704,0.00290
806.09282,-0.00158
805.12859,-0.00625
804.16436,-0.00895
803.20014,-0.00824
802.23591,-0.00454
801.27169,0.00030
800.30746,0.00430
799.34323,0.00628
798.37901,0.00591
797.41478,0.00352
796.45056,0.00021
795.48633,-0.00237
794.52211,-0.00305
793.55788,-0.00219
792.59365,-0.00130
791.62943,-0.00146
790.66520,-0.00217
789.70098,-0.00208
788.73675,-0.00061
787.77252,0.00126
786.80830,0.00201
785.84407,0.00105
784.87985,-0.00090
783.91562,-0.00267
782.95140,-0.00369
781.98717,-0.00423
781.02294,-0.00494
780.05872,-0.00627
779.09449,-0.00795
778.13027,-0.00890
777.16604,-0.00788
776.20181,-0.00457
775.23759,-0.00033
774.27336,0.00266
773.30914,0.00298
772.34491,0.00109
771.38068,-0.00120
770.41646,-0.00205
769.45223,-0.00074
768.48801,0.00198
767.52378,0.00440
766.55956,0.00491
765.59533,0.00325
764.63110,0.00085
763.66688,-0.00006
762.70265,0.00159
761.73843,0.00464
760.77420,0.00656
759.80997,0.00564
758.84575,0.00228
757.88152,-0.00172
756.91730,-0.00461
755.95307,-0.00568
754.98885,-0.00529
754.02462,-0.00441
753.06039,-0.00405
752.09617,-0.00457
751.13194,-0.00527
750.16772,-0.00488
749.20349,-0.00287
748.23926,-0.00025
747.27504,0.00123
746.31081,0.00070
745.34659,-0.00114
744.38236,-0.00292
743.41814,-0.00389
742.45391,-0.00412
741.48968,-0.00375
740.52546,-0.00277
739.56123,-0.00139
738.59701,-0.00044
737.63278,-0.00068
736.66855,-0.00192
735.70433,-0.00301
734.74010,-0.00295
733.77588,-0.00176
732.81165,-0.00051
731.84742,-0.00052
730.88320,-0.00247
729.91897,-0.00579
728.95475,-0.00875
727.99052,-0.00939
727.02630,-0.00708
726.06207,-0.00349
725.09784,-0.00159
724.13362,-0.00325
723.16939,-0.00745
722.20517,-0.01101
721.24094,-0.01118
720.27671,-0.00758
719.31249,-0.00195
718.34826,0.00324
717.38404,0.00594
716.41981,0.00538
715.45559,0.00264
714.49136,0.00008
713.52713,-0.00034
712.56291,0.00148
711.59868,0.00394
710.63446,0.00538
709.67023,0.00553
708.70600,0.00525
707.74178,0.00526
706.77755,0.00534
705.81333,0.00495
704.84910,0.00404
703.88487,0.00310
702.92065,0.00259
701.95642,0.00263
700.99220,0.00310
700.02797,0.00387
699.06375,0.00468
698.09952,0.00497
697.13529,0.00437
696.17107,0.00319
695.20684,0.00236
694.24262,0.00249
693.27839,0.00308
692.31416,0.00288
691.34994,0.00101
690.38571,-0.00221
689.42149,-0.00538
688.45726,-0.00697
687.49304,-0.00623
686.52881,-0.00365
685.56458,-0.00071
684.60036,0.00117
683.63613,0.00166
682.67191,0.00171
681.70768,0.00243
680.74345,0.00387
679.77923,0.00493
678.81500,0.00474
677.85078,0.00390
676.88655,0.00400
675.92233,0.00574
674.95810,0.00764
673.99387,0.00711
673.02965,0.00298
672.06542,-0.00290
671.10120,-0.00683
670.13697,-0.00594
669.17274,-0.00041
668.20852,0.00613
667.24429,0.00836
666.28007,0.00375
665.31584,-0.00490
664.35161,-0.01216
663.38739,-0.01394
662.42316,-0.00956
661.45894,-0.00193
660.49471,0.00451
659.53049,0.00717
658.56626,0.00690
657.60203,0.00639
656.63781,0.00721
655.67358,0.00812
654.70936,0.00635
653.74513,0.00070
652.78090,-0.00665
651.81668,-0.01174
650.85245,-0.01209
649.88823,-0.00847
648.92400,-0.00365
647.95978,0.00012
646.99555,0.00230
646.03132,0.00327
645.06710,0.00325
644.10287,0.00222
643.13865,0.00066
642.17442,-0.00039
641.21019,-0.00024
640.24597,0.00078
639.28174,0.00164
638.31752,0.00141
637.35329,-0.00037
636.38907,-0.00358
635.42484,-0.00717
634.46061,-0.00911
633.49639,-0.00759
632.53216,-0.00282
631.56794,0.00279
630.60371,0.00699
629.63948,0.00947
628.67526,0.01094
627.71103,0.01106
626.74681,0.00869
625.78258,0.00458
624.81835,0.00218
623.85413,0.00401
622.88990,0.00801
621.92568,0.00907
620.96145,0.00475
619.99723,-0.00157
619.03300,-0.00455
618.06877,-0.00287
617.10455,-0.00009
616.14032,0.00051
615.17610,-0.00021
614.21187,0.00038
613.24764,0.00214
612.28342,0.00232
611.31919,-0.00041
610.35497,-0.00365
609.39074,-0.00452
608.42652,-0.00382
607.46229,-0.00496
606.49806,-0.00876
605.53384,-0.01207
604.56961,-0.01130
603.60539,-0.00565
602.64116,0.00367
601.67693,0.01500
600.71271,0.02544
599.74848,0.02962
598.78426,0.02310
597.82003,0.00774
596.85580,-0.00787
595.89158,-0.01538
594.92735,-0.01439
593.96313,-0.01176
592.99890,-0.01302
592.03468,-0.01571
591.07045,-0.01288
590.10622,-0.00202
589.14200,0.01220
588.17777,0.02321
587.21355,0.02808
586.24932,0.02753
585.28509,0.02306
584.32087,0.01579
583.35664,0.00792
582.39242,0.00262
581.42819,0.00145
580.46397,0.00324
579.49974,0.00550
578.53551,0.00744
577.57129,0.00983
576.60706,0.01270
575.64284,0.01434
574.67861,0.01374
573.71438,0.01271
572.75016,0.01395
571.78593,0.01831
570.82171,0.02416
569.85748,0.02894
568.89326,0.03011
567.92903,0.02523
566.96480,0.01369
566.00058,0.00018
565.03635,-0.00627
564.07213,0.00010
563.10790,0.01460
562.14367,0.02591
561.17945,0.02838
560.21522,0.02748
559.25100,0.03165
558.28677,0.04190
557.32254,0.04915
556.35832,0.04693
555.39409,0.04024
554.42987,0.03927
553.46564,0.04487
552.50142,0.04501
551.53719,0.02898
550.57296,0.00574
549.60874,-0.00385
548.64451,0.01466
547.68029,0.06095
546.71606,0.12020
545.75183,0.16964
544.78761,0.18603
543.82338,0.15541
542.85916,0.09786
541.89493,0.05413
540.93071,0.03366
539.96648,0.02576
539.00225,0.02247
538.03803,0.03619
537.07380,0.07534
536.10958,0.12275
535.14535,0.15159
534.18112,0.15051
533.21690,0.12150
532.25267,0.08537
531.28845,0.06256
530.32422,0.04742
529.36000,0.01493
528.39577,-0.04959
527.43154,-0.12276
526.46732,-0.18896
525.50309,-0.23037
524.53887,-0.24045
523.57464,-0.20932
522.61041,-0.12908
521.64619,-0.02223
520.68196,0.06644
519.71774,0.10321
518.75351,0.08062
517.78928,0.02374
516.82506,-0.00973
515.86083,0.03585
514.89661,0.13329
513.93238,0.18356
512.96816,0.16029
512.00393,0.12478
511.03970,0.11087
510.07548,0.11971
509.11125,0.12441
508.14703,0.11100
507.18280,0.07985
506.21857,0.04071
505.25435,0.00998
504.29012,0.00325
503.32590,0.04385
502.36167,0.14250
501.39745,0.24998
500.43322,0.25892
499.46899,0.14927
498.50477,0.03605
497.54054,-0.04284
496.57632,-0.10926
495.61209,-0.18021
494.64786,-0.24803
493.68364,-0.27018
492.71941,-0.17451
491.75519,0.05224
490.79096,0.34216
489.82673,0.55746
488.86251,0.57918
487.89828,0.42538
486.93406,0.23199
485.96983,0.07908
485.00561,0.01835
484.04138,0.01293
483.07715,0.02787
482.11293,0.04618
481.14870,0.06997
480.18448,0.10323
479.22025,0.12775
478.25602,0.13485
477.29180,0.14008
476.32757,0.15549
475.36335,0.19319
474.39912,0.25068
473.43490,0.28143
472.47067,0.20340
471.50644,0.03799
470.54222,-0.10205
469.57799,-0.16505
468.61377,-0.13429
467.64954,-0.01976
466.68531,0.14589
465.72109,0.30189
464.75686,0.38357
463.79264,0.36398
462.82841,0.29697
461.86419,0.23869
460.89996,0.18812
459.93573,0.10918
458.97151,-0.00356
458.00728,-0.09319
457.04306,-0.10333
456.07883,-0.07234
455.11460,-0.05972
454.15038,-0.09703
453.18615,-0.17505
452.22193,-0.20369
451.25770,-0.07873
450.29347,0.17621
449.32925,0.41794
448.36502,0.47845
447.40080,0.34398
446.43657,0.12078
445.47235,-0.09316
444.50812,-0.16909
443.54389,-0.07475
442.57967,0.03787
441.61544,0.08153
440.65122,0.04518
439.68699,-0.03662
438.72276,-0.09887
437.75854,-0.09120
436.79431,-0.04393
435.83009,0.01224
434.86586,0.11245
433.90164,0.26626
432.93741,0.44650
431.97318,0.56285
431.00896,0.48551
430.04473,0.24080
429.08051,-0.06533
428.11628,-0.35513
427.15205,-0.43417
426.18783,-0.12855
425.22360,0.25220
424.25938,0.41042
423.29515,0.34101
422.33092,0.25916
421.36670,0.22701
420.40247,0.22071
419.43825,0.19864
418.47402,0.16361
417.50980,0.11926
416.54557,0.08783
415.58134,0.14354
414.61712,0.36369
413.65289,0.85756
412.68867,6.00000
411.72444,1.21938
410.76021,0.18994
409.79599,-0.17833
408.83176,-0.23696
407.86754,-0.21938
406.90331,-0.20219
405.93909,-0.17417
404.97486,-0.11302
404.01063,-0.04330
403.04641,-0.02422
402.08218,-0.08852
401.11796,-0.18716
400.15373,-0.21072
399.18950,-0.07827
398.22528,0.12628
397.26105,0.18233
396.29683,0.07498
395.33260,-0.06600
394.36838,-0.14855
393.40415,-0.14131
392.43992,-0.07533
391.47570,0.02101
390.51147,0.10283
389.54725,0.14110
388.58302,0.18000
387.61879,0.24982
386.65457,0.40047
385.69034,0.74638
384.72612,6.00000
383.76189,0.77771
382.79766,0.21310
381.83344,0.04164
380.86921,0.00157
379.90499,0.01185
378.94076,0.04970
377.97654,0.09862
377.01231,0.16085
376.04808,0.23078
375.08386,0.27921
374.11963,0.25597
373.15541,0.15312
372.19118,0.03775
371.22695,0.01500
370.26273,0.08309
369.29850,0.15586
368.33428,0.19423
367.37005,0.20557
366.40583,0.20683
365.44160,0.25139
364.47737,0.20123
363.51315,-0.03638
362.54892,-0.20921
361.58470,-0.34591
360.62047,-0.28995
359.65624,-0.07731
358.69202,0.16336
357.72779,0.28614
356.76357,0.29669
355.79934,0.24586
354.83512,0.15677
353.87089,0.04816
352.90666,-0.00970
351.94244,0.02047
350.97821,0.10070
350.01399,0.21605
349.04976,0.38726
