3946.57643,-0.00079
3945.61220,-0.00165
3944.64798,-0.00253
3943.68375,-0.00294
3942.71953,-0.00283
3941.75530,-0.00252
3940.79107,-0.00220
3939.82685,-0.00171
3938.86262,-0.00090
3937.89840,0.00002
3936.93417,0.00064
3935.96994,0.00073
3935.00572,0.00043
3934.04149,0.00002
3933.07727,-0.00034
3932.11304,-0.00066
3931.14882,-0.00093
3930.18459,-0.00116
3929.22036,-0.00142
3928.25614,-0.00183
3927.29191,-0.00238
3926.32769,-0.00284
3925.36346,-0.00308
3924.39923,-0.00322
3923.43501,-0.00345
3922.47078,-0.00366
3921.50656,-0.00351
3920.54233,-0.00288
3919.57811,-0.00211
3918.61388,-0.00170
3917.64965,-0.00171
3916.68543,-0.00173
3915.72120,-0.00140
3914.75698,-0.00096
3913.79275,-0.00089
3912.82852,-0.00133
3911.86430,-0.00184
3910.90007,-0.00191
3909.93585,-0.00151
3908.97162,-0.00100
3908.00739,-0.00068
3907.04317,-0.00046
3906.07894,-0.00012
3905.11472,0.00038
3904.15049,0.00078
3903.18627,0.00075
3902.22204,0.00015
3901.25781,-0.00089
3900.29359,-0.00206
3899.32936,-0.00293
3898.36514,-0.00321
3897.40091,-0.00294
3896.43668,-0.00244
3895.47246,-0.00201
3894.50823,-0.00167
3893.54401,-0.00128
3892.57978,-0.00088
3891.61556,-0.00078
3890.65133,-0.00130
3889.68710,-0.00233
3888.72288,-0.00337
3887.75865,-0.00384
3886.79443,-0.00346
3885.83020,-0.00234
3884.86597,-0.00092
3883.90175,0.00028
3882.93752,0.00091
3881.97330,0.00094
3881.00907,0.00066
3880.04485,0.00041
3879.08062,0.00025
3878.11639,-0.00003
3877.15217,-0.00065
3876.18794,-0.00149
3875.22372,-0.00217
3874.25949,-0.00236
3873.29526,-0.00207
3872.33104,-0.00160
3871.36681,-0.00125
3870.40259,-0.00108
3869.43836,-0.00097
3868.47413,-0.00079
3867.50991,-0.00058
3866.54568,-0.00053
3865.58146,-0.00070
3864.61723,-0.00093
3863.65301,-0.00093
3862.68878,-0.00063
3861.72455,-0.00033
3860.76033,-0.00044
3859.79610,-0.00106
3858.83188,-0.00180
3857.86765,-0.00217
3856.90342,-0.00204
3855.93920,-0.00172
3854.97497,-0.00152
3854.01075,-0.00145
3853.04652,-0.00124
3852.08230,-0.00082
3851.11807,-0.00049
3850.15384,-0.00063
3849.18962,-0.00129
3848.22539,-0.00214
3847.26117,-0.00274
3846.29694,-0.00276
3845.33271,-0.00223
3844.36849,-0.00145
3843.40426,-0.00082
3842.44004,-0.00061
3841.47581,-0.00077
3840.51159,-0.00102
3839.54736,-0.00114
3838.58313,-0.00116
3837.61891,-0.00133
3836.65468,-0.00172
3835.69046,-0.00212
3834.72623,-0.00226
3833.76200,-0.00208
3832.79778,-0.00171
3831.83355,-0.00125
3830.86933,-0.00072
3829.90510,-0.00019
3828.94087,0.00012
3827.97665,-0.00000
3827.01242,-0.00055
3826.04820,-0.00129
3825.08397,-0.00195
3824.11975,-0.00236
3823.15552,-0.00246
3822.19129,-0.00225
3821.22707,-0.00186
3820.26284,-0.00154
3819.29862,-0.00152
3818.33439,-0.00177
3817.37016,-0.00199
3816.40594,-0.00191
3815.44171,-0.00150
3814.47749,-0.00093
3813.51326,-0.00033
3812.54904,0.00026
3811.58481,0.00073
3810.62058,0.00082
3809.65636,0.00036
3808.69213,-0.00043
3807.72791,-0.00106
3806.76368,-0.00114
3805.79945,-0.00066
3804.83523,0.00004
3803.87100,0.00062
3802.90678,0.00095
3801.94255,0.00098
3800.97832,0.00077
3800.01410,0.00046
3799.04987,0.00020
3798.08565,0.00012
3797.12142,0.00016
3796.15720,0.00024
3795.19297,0.00032
3794.22874,0.00042
3793.26452,0.00051
3792.30029,0.00049
3791.33607,0.00031
3790.37184,0.00006
3789.40761,-0.00014
3788.44339,-0.00026
3787.47916,-0.00038
3786.51494,-0.00054
3785.55071,-0.00069
3784.58649,-0.00074
3783.62226,-0.00068
3782.65803,-0.00051
3781.69381,-0.00020
3780.72958,0.00033
3779.76536,0.00103
3778.80113,0.00163
3777.83690,0.00181
3776.87268,0.00149
3775.90845,0.00092
3774.94423,0.00043
3773.98000,0.00018
3773.01578,0.00007
3772.05155,-0.00015
3771.08732,-0.00063
3770.12310,-0.00134
3769.15887,-0.00202
3768.19465,-0.00240
3767.23042,-0.00230
3766.26619,-0.00175
3765.30197,-0.00090
3764.33774,0.00005
3763.37352,0.00093
3762.40929,0.00159
3761.44506,0.00184
3760.48084,0.00158
3759.51661,0.00092
3758.55239,0.00019
3757.58816,-0.00028
3756.62394,-0.00036
3755.65971,-0.00018
3754.69548,0.00013
3753.73126,0.00046
3752.76703,0.00077
3751.80281,0.00098
3750.83858,0.00095
3749.87435,0.00068
3748.91013,0.00030
3747.94590,-0.00004
3746.98168,-0.00031
3746.01745,-0.00061
3745.05323,-0.00100
3744.08900,-0.00141
3743.12477,-0.00168
3742.16055,-0.00165
3741.19632,-0.00133
3740.23210,-0.00084
3739.26787,-0.00034
3738.30364,0.00002
3737.33942,0.00012
3736.37519,-0.00008
3735.41097,-0.00049
3734.44674,-0.00087
3733.48251,-0.00107
3732.51829,-0.00109
3731.55406,-0.00110
3730.58984,-0.00123
3729.62561,-0.00140
3728.66139,-0.00136
3727.69716,-0.00091
3726.73293,-0.00021
3725.76871,0.00041
3724.80448,0.00067
3723.84026,0.00066
3722.87603,0.00063
3721.91180,0.00075
3720.94758,0.00091
3719.98335,0.00090
3719.01913,0.00069
3718.05490,0.00043
3717.09068,0.00030
3716.12645,0.00030
3715.16222,0.00025
3714.19800,0.00007
3713.23377,-0.00016
3712.26955,-0.00027
3711.30532,-0.00014
3710.34109,0.00012
3709.37687,0.00027
3708.41264,0.00008
3707.44842,-0.00046
3706.48419,-0.00113
3705.51997,-0.00158
3704.55574,-0.00158
3703.59151,-0.00118
3702.62729,-0.00065
3701.66306,-0.00023
3700.69884,0.00002
3699.73461,0.00019
3698.77038,0.00034
3697.80616,0.00038
3696.84193,0.00024
3695.87771,-0.00001
3694.91348,-0.00018
3693.94925,-0.00015
3692.98503,-0.00002
3692.02080,0.00001
3691.05658,-0.00011
3690.09235,-0.00019
3689.12813,0.00008
3688.16390,0.00074
3687.19967,0.00153
3686.23545,0.00198
3685.27122,0.00187
3684.30700,0.00132
3683.34277,0.00068
3682.37854,0.00024
3681.41432,0.00012
3680.45009,0.00021
3679.48587,0.00039
3678.52164,0.00054
3677.55742,0.00055
3676.59319,0.00039
3675.62896,0.00024
3674.66474,0.00038
3673.70051,0.00097
3672.73629,0.00174
3671.77206,0.00221
3670.80783,0.00203
3669.84361,0.00139
3668.87938,0.00080
3667.91516,0.00065
3666.95093,0.00088
3665.98671,0.00113
3665.02248,0.00122
3664.05825,0.00122
3663.09403,0.00130
3662.12980,0.00146
3661.16558,0.00155
3660.20135,0.00153
3659.23712,0.00156
3658.27290,0.00183
3657.30867,0.00241
3656.34445,0.00315
3655.38022,0.00381
3654.41599,0.00419
3653.45177,0.00421
3652.48754,0.00389
3651.52332,0.00334
3650.55909,0.00272
3649.59487,0.00220
3648.63064,0.00186
3647.66641,0.00167
3646.70219,0.00161
3645.73796,0.00163
3644.77374,0.00174
3643.80951,0.00194
3642.84528,0.00226
3641.88106,0.00263
3640.91683,0.00294
3639.95261,0.00302
3638.98838,0.00286
3638.02416,0.00263
3637.05993,0.00262
3636.09570,0.00294
3635.13148,0.00337
3634.16725,0.00355
3633.20303,0.00331
3632.23880,0.00282
3631.27457,0.00243
3630.31035,0.00241
3629.34612,0.00281
3628.38190,0.00341
3627.41767,0.00393
3626.45344,0.00411
3625.48922,0.00386
3624.52499,0.00336
3623.56077,0.00295
3622.59654,0.00295
3621.63232,0.00337
3620.66809,0.00394
3619.70386,0.00429
3618.73964,0.00430
3617.77541,0.00407
3616.81119,0.00381
3615.84696,0.00357
3614.88273,0.00334
3613.91851,0.00314
3612.95428,0.00306
3611.99006,0.00317
3611.02583,0.00343
3610.06161,0.00367
3609.09738,0.00370
3608.13315,0.00346
3607.16893,0.00307
3606.20470,0.00278
3605.24048,0.00282
3604.27625,0.00322
3603.31202,0.00380
3602.34780,0.00423
3601.38357,0.00430
3600.41935,0.00410
3599.45512,0.00382
3598.49090,0.00356
3597.52667,0.00323
3596.56244,0.00278
3595.59822,0.00242
3594.63399,0.00250
3593.66977,0.00322
3592.70554,0.00432
3591.74131,0.00527
3590.77709,0.00563
3589.81286,0.00536
3588.84864,0.00478
3587.88441,0.00431
3586.92018,0.00416
3585.95596,0.00430
3584.99173,0.00449
3584.02751,0.00449
3583.06328,0.00419
3582.09906,0.00372
3581.13483,0.00341
3580.17060,0.00354
3579.20638,0.00409
3578.24215,0.00473
3577.27793,0.00500
3576.31370,0.00472
3575.34947,0.00411
3574.38525,0.00356
3573.42102,0.00336
3572.45680,0.00345
3571.49257,0.00356
3570.52835,0.00351
3569.56412,0.00329
3568.59989,0.00309
3567.63567,0.00304
3566.67144,0.00322
3565.70722,0.00362
3564.74299,0.00414
3563.77876,0.00462
3562.81454,0.00486
3561.85031,0.00477
3560.88609,0.00447
3559.92186,0.00422
3558.95764,0.00424
3557.99341,0.00452
3557.02918,0.00483
3556.06496,0.00496
3555.10073,0.00480
3554.13651,0.00443
3553.17228,0.00402
3552.20805,0.00378
3551.24383,0.00388
3550.27960,0.00431
3549.31538,0.00484
3548.35115,0.00509
3547.38692,0.00482
3546.42270,0.00411
3545.45847,0.00330
3544.49425,0.00273
3543.53002,0.00255
3542.56580,0.00274
3541.60157,0.00326
3540.63734,0.00401
3539.67312,0.00473
3538.70889,0.00512
3537.74467,0.00505
3536.78044,0.00476
3535.81621,0.00474
3534.85199,0.00523
3533.88776,0.00603
3532.92354,0.00656
3531.95931,0.00636
3530.99509,0.00552
3530.03086,0.00459
3529.06663,0.00421
3528.10241,0.00455
3527.13818,0.00526
3526.17396,0.00574
3525.20973,0.00565
3524.24550,0.00514
3523.28128,0.00466
3522.31705,0.00453
3521.35283,0.00471
3520.38860,0.00495
3519.42437,0.00502
3518.46015,0.00492
3517.49592,0.00473
3516.53170,0.00450
3515.56747,0.00433
3514.60325,0.00434
3513.63902,0.00469
3512.67479,0.00527
3511.71057,0.00578
3510.74634,0.00585
3509.78212,0.00544
3508.81789,0.00485
3507.85366,0.00448
3506.88944,0.00455
3505.92521,0.00503
3504.96099,0.00569
3503.99676,0.00629
3503.03254,0.00656
3502.06831,0.00635
3501.10408,0.00578
3500.13986,0.00521
3499.17563,0.00508
3498.21141,0.00553
3497.24718,0.00628
3496.28295,0.00675
3495.31873,0.00652
3494.35450,0.00566
3493.39028,0.00461
3492.42605,0.00394
3491.46183,0.00395
3490.49760,0.00452
3489.53337,0.00531
3488.56915,0.00599
3487.60492,0.00638
3486.64070,0.00643
3485.67647,0.00611
3484.71224,0.00547
3483.74802,0.00470
3482.78379,0.00409
3481.81957,0.00380
3480.85534,0.00377
3479.89111,0.00379
3478.92689,0.00377
3477.96266,0.00384
3476.99844,0.00413
3476.03421,0.00461
3475.06999,0.00505
3474.10576,0.00528
3473.14153,0.00529
3472.17731,0.00522
3471.21308,0.00520
3470.24886,0.00528
3469.28463,0.00550
3468.32040,0.00578
3467.35618,0.00590
3466.39195,0.00565
3465.42773,0.00501
3464.46350,0.00431
3463.49928,0.00394
3462.53505,0.00401
3461.57082,0.00430
3460.60660,0.00453
3459.64237,0.00470
3458.67815,0.00500
3457.71392,0.00551
3456.74969,0.00608
3455.78547,0.00645
3454.82124,0.00649
3453.85702,0.00623
3452.89279,0.00577
3451.92856,0.00520
3450.96434,0.00476
3450.00011,0.00472
3449.03589,0.00520
3448.07166,0.00590
3447.10744,0.00627
3446.14321,0.00596
3445.17898,0.00512
3444.21476,0.00431
3443.25053,0.00405
3442.28631,0.00442
3441.32208,0.00507
3440.35785,0.00549
3439.39363,0.00536
3438.42940,0.00472
3437.46518,0.00392
3436.50095,0.00338
3435.53673,0.00327
3434.57250,0.00352
3433.60827,0.00398
3432.64405,0.00460
3431.67982,0.00535
3430.71560,0.00608
3429.75137,0.00638
3428.78714,0.00600
3427.82292,0.00509
3426.85869,0.00426
3425.89447,0.00409
3424.93024,0.00466
3423.96602,0.00549
3423.00179,0.00596
3422.03756,0.00584
3421.07334,0.00537
3420.10911,0.00491
3419.14489,0.00463
3418.18066,0.00446
3417.21643,0.00426
3416.25221,0.00407
3415.28798,0.00400
3414.32376,0.00409
3413.35953,0.00422
3412.39530,0.00421
3411.43108,0.00406
3410.46685,0.00398
3409.50263,0.00421
3408.53840,0.00474
3407.57418,0.00533
3406.60995,0.00570
3405.64572,0.00582
3404.68150,0.00588
3403.71727,0.00602
3402.75305,0.00614
3401.78882,0.00607
3400.82459,0.00584
3399.86037,0.00577
3398.89614,0.00616
3397.93192,0.00691
3396.96769,0.00751
3396.00347,0.00757
3395.03924,0.00712
3394.07501,0.00661
3393.11079,0.00635
3392.14656,0.00624
3391.18234,0.00596
3390.21811,0.00541
3389.25388,0.00487
3388.28966,0.00467
3387.32543,0.00482
3386.36121,0.00502
3385.39698,0.00499
3384.43276,0.00475
3383.46853,0.00445
3382.50430,0.00419
3381.54008,0.00392
3380.57585,0.00363
3379.61163,0.00351
3378.64740,0.00373
3377.68317,0.00424
3376.71895,0.00475
3375.75472,0.00495
3374.79050,0.00476
3373.82627,0.00441
3372.86204,0.00416
3371.89782,0.00419
3370.93359,0.00447
3369.96937,0.00488
3369.00514,0.00520
3368.04092,0.00528
3367.07669,0.00507
3366.11246,0.00472
3365.14824,0.00450
3364.18401,0.00454
3363.21979,0.00474
3362.25556,0.00488
3361.29133,0.00480
3360.32711,0.00458
3359.36288,0.00444
3358.39866,0.00444
3357.43443,0.00447
3356.47021,0.00431
3355.50598,0.00395
3354.54175,0.00364
3353.57753,0.00377
3352.61330,0.00452
3351.64908,0.00566
3350.68485,0.00667
3349.72062,0.00711
3348.75640,0.00685
3347.79217,0.00616
3346.82795,0.00543
3345.86372,0.00489
3344.89949,0.00462
3343.93527,0.00456
3342.97104,0.00473
3342.00682,0.00517
3341.04259,0.00580
3340.07837,0.00637
3339.11414,0.00651
3338.14991,0.00604
3337.18569,0.00517
3336.22146,0.00443
3335.25724,0.00432
3334.29301,0.00494
3333.32878,0.00595
3332.36456,0.00680
3331.40033,0.00714
3330.43611,0.00698
3329.47188,0.00655
3328.50766,0.00605
3327.54343,0.00555
3326.57920,0.00511
3325.61498,0.00480
3324.65075,0.00466
3323.68653,0.00461
3322.72230,0.00455
3321.75807,0.00443
3320.79385,0.00431
3319.82962,0.00429
3318.86540,0.00442
3317.90117,0.00470
3316.93695,0.00513
3315.97272,0.00569
3315.00849,0.00627
3314.04427,0.00668
3313.08004,0.00677
3312.11582,0.00654
3311.15159,0.00619
3310.18736,0.00590
3309.22314,0.00567
3308.25891,0.00544
3307.29469,0.00528
3306.33046,0.00541
3305.36623,0.00593
3304.40201,0.00668
3303.43778,0.00725
3302.47356,0.00733
3301.50933,0.00699
3300.54511,0.00649
3299.58088,0.00598
3298.61665,0.00537
3297.65243,0.00461
3296.68820,0.00388
3295.72398,0.00358
3294.75975,0.00393
3293.79552,0.00471
3292.83130,0.00540
3291.86707,0.00566
3290.90285,0.00550
3289.93862,0.00518
3288.97440,0.00487
3288.01017,0.00462
3287.04594,0.00438
3286.08172,0.00418
3285.11749,0.00408
3284.15327,0.00413
3283.18904,0.00437
3282.22481,0.00476
3281.26059,0.00519
3280.29636,0.00547
3279.33214,0.00544
3278.36791,0.00512
3277.40369,0.00473
3276.43946,0.00449
3275.47523,0.00443
3274.51101,0.00447
3273.54678,0.00453
3272.58256,0.00463
3271.61833,0.00479
3270.65410,0.00494
3269.68988,0.00499
3268.72565,0.00502
3267.76143,0.00520
3266.79720,0.00558
3265.83297,0.00596
3264.86875,0.00612
3263.90452,0.00600
3262.94030,0.00576
3261.97607,0.00561
3261.01185,0.00563
3260.04762,0.00574
3259.08339,0.00584
3258.11917,0.00579
3257.15494,0.00550
3256.19072,0.00502
3255.22649,0.00458
3254.26226,0.00445
3253.29804,0.00468
3252.33381,0.00504
3251.36959,0.00525
3250.40536,0.00521
3249.44114,0.00503
3248.47691,0.00478
3247.51268,0.00446
3246.54846,0.00406
3245.58423,0.00371
3244.62001,0.00355
3243.65578,0.00355
3242.69155,0.00354
3241.72733,0.00345
3240.76310,0.00339
3239.79888,0.00345
3238.83465,0.00353
3237.87042,0.00354
3236.90620,0.00361
3235.94197,0.00401
3234.97775,0.00475
3234.01352,0.00538
3233.04930,0.00543
3232.08507,0.00489
3231.12084,0.00427
3230.15662,0.00405
3229.19239,0.00418
3228.22817,0.00426
3227.26394,0.00409
3226.29971,0.00383
3225.33549,0.00374
3224.37126,0.00383
3223.40704,0.00394
3222.44281,0.00396
3221.47859,0.00395
3220.51436,0.00399
3219.55013,0.00404
3218.58591,0.00411
3217.62168,0.00431
3216.65746,0.00472
3215.69323,0.00515
3214.72900,0.00526
3213.76478,0.00490
3212.80055,0.00426
3211.83633,0.00372
3210.87210,0.00351
3209.90788,0.00364
3208.94365,0.00400
3207.97942,0.00446
3207.01520,0.00485
3206.05097,0.00499
3205.08675,0.00483
3204.12252,0.00457
3203.15829,0.00444
3202.19407,0.00450
3201.22984,0.00455
3200.26562,0.00435
3199.30139,0.00390
3198.33716,0.00340
3197.37294,0.00305
3196.40871,0.00294
3195.44449,0.00306
3194.48026,0.00334
3193.51604,0.00369
3192.55181,0.00399
3191.58758,0.00412
3190.62336,0.00408
3189.65913,0.00397
3188.69491,0.00393
3187.73068,0.00401
3186.76645,0.00423
3185.80223,0.00447
3184.83800,0.00458
3183.87378,0.00438
3182.90955,0.00391
3181.94533,0.00340
3180.98110,0.00316
3180.01687,0.00322
3179.05265,0.00334
3178.08842,0.00326
3177.12420,0.00293
3176.15997,0.00262
3175.19574,0.00258
3174.23152,0.00288
3173.26729,0.00343
3172.30307,0.00407
3171.33884,0.00466
3170.37461,0.00506
3169.41039,0.00513
3168.44616,0.00481
3167.48194,0.00424
3166.51771,0.00365
3165.55349,0.00321
3164.58926,0.00300
3163.62503,0.00306
3162.66081,0.00339
3161.69658,0.00395
3160.73236,0.00457
3159.76813,0.00500
3158.80390,0.00504
3157.83968,0.00469
3156.87545,0.00415
3155.91123,0.00367
3154.94700,0.00344
3153.98278,0.00351
3153.01855,0.00381
3152.05432,0.00417
3151.09010,0.00440
3150.12587,0.00437
3149.16165,0.00404
3148.19742,0.00353
3147.23319,0.00306
3146.26897,0.00278
3145.30474,0.00272
3144.34052,0.00272
3143.37629,0.00266
3142.41207,0.00258
3141.44784,0.00262
3140.48361,0.00288
3139.51939,0.00326
3138.55516,0.00353
3137.59094,0.00358
3136.62671,0.00346
3135.66248,0.00327
3134.69826,0.00313
3133.73403,0.00305
3132.76981,0.00306
3131.80558,0.00314
3130.84135,0.00320
3129.87713,0.00308
3128.91290,0.00273
3127.94868,0.00225
3126.98445,0.00184
3126.02023,0.00163
3125.05600,0.00158
3124.09177,0.00163
3123.12755,0.00175
3122.16332,0.00200
3121.19910,0.00233
3120.23487,0.00264
3119.27064,0.00279
3118.30642,0.00274
3117.34219,0.00250
3116.37797,0.00217
3115.41374,0.00190
3114.44952,0.00187
3113.48529,0.00216
3112.52106,0.00265
3111.55684,0.00310
3110.59261,0.00331
3109.62839,0.00328
3108.66416,0.00314
3107.69993,0.00295
3106.73571,0.00266
3105.77148,0.00225
3104.80726,0.00185
3103.84303,0.00164
3102.87881,0.00168
3101.91458,0.00186
3100.95035,0.00203
3099.98613,0.00215
3099.02190,0.00227
3098.05768,0.00236
3097.09345,0.00234
3096.12922,0.00216
3095.16500,0.00191
3094.20077,0.00178
3093.23655,0.00189
3092.27232,0.00219
3091.30809,0.00254
3090.34387,0.00279
3089.37964,0.00287
3088.41542,0.00277
3087.45119,0.00261
3086.48697,0.00249
3085.52274,0.00251
3084.55851,0.00267
3083.59429,0.00286
3082.63006,0.00297
3081.66584,0.00292
3080.70161,0.00268
3079.73738,0.00223
3078.77316,0.00160
3077.80893,0.00090
3076.84471,0.00033
3075.88048,0.00003
3074.91626,0.00001
3073.95203,0.00013
3072.98780,0.00033
3072.02358,0.00063
3071.05935,0.00107
3070.09513,0.00160
3069.13090,0.00203
3068.16667,0.00221
3067.20245,0.00215
3066.23822,0.00198
3065.27400,0.00188
3064.30977,0.00193
3063.34554,0.00212
3062.38132,0.00241
3061.41709,0.00270
3060.45287,0.00289
3059.48864,0.00293
3058.52442,0.00285
3057.56019,0.00274
3056.59596,0.00259
3055.63174,0.00235
3054.66751,0.00197
3053.70329,0.00153
3052.73906,0.00121
3051.77483,0.00119
3050.81061,0.00150
3049.84638,0.00198
3048.88216,0.00242
3047.91793,0.00262
3046.95371,0.00249
3045.98948,0.00203
3045.02525,0.00143
3044.06103,0.00095
3043.09680,0.00085
3042.13258,0.00109
3041.16835,0.00142
3040.20412,0.00154
3039.23990,0.00138
3038.27567,0.00116
3037.31145,0.00121
3036.34722,0.00165
3035.38300,0.00229
3034.41877,0.00277
3033.45454,0.00281
3032.49032,0.00241
3031.52609,0.00180
3030.56187,0.00131
3029.59764,0.00109
3028.63341,0.00112
3027.66919,0.00126
3026.70496,0.00142
3025.74074,0.00159
3024.77651,0.00178
3023.81228,0.00189
3022.84806,0.00180
3021.88383,0.00147
3020.91961,0.00105
3019.95538,0.00075
3018.99116,0.00070
3018.02693,0.00082
3017.06270,0.00091
3016.09848,0.00089
3015.13425,0.00080
3014.17003,0.00081
3013.20580,0.00097
3012.24157,0.00127
3011.27735,0.00162
3010.31312,0.00193
3009.34890,0.00214
3008.38467,0.00216
3007.42045,0.00195
3006.45622,0.00161
3005.49199,0.00135
3004.52777,0.00138
3003.56354,0.00172
3002.59932,0.00217
3001.63509,0.00244
3000.67086,0.00237
2999.70664,0.00203
2998.74241,0.00157
2997.77819,0.00112
2996.81396,0.00073
2995.84974,0.00044
2994.88551,0.00030
2993.92128,0.00032
2992.95706,0.00042
2991.99283,0.00049
2991.02861,0.00047
2990.06438,0.00038
2989.10015,0.00025
2988.13593,0.00011
2987.17170,-0.00003
2986.20748,-0.00012
2985.24325,-0.00010
2984.27902,0.00005
2983.31480,0.00024
2982.35057,0.00040
2981.38635,0.00048
2980.42212,0.00050
2979.45790,0.00048
2978.49367,0.00044
2977.52944,0.00039
2976.56522,0.00037
2975.60099,0.00039
2974.63677,0.00048
2973.67254,0.00070
2972.70831,0.00109
2971.74409,0.00158
2970.77986,0.00199
2969.81564,0.00209
2968.85141,0.00180
2967.88719,0.00128
2966.92296,0.00076
2965.95873,0.00044
2964.99451,0.00039
2964.03028,0.00062
2963.06606,0.00109
2962.10183,0.00165
2961.13760,0.00205
2960.17338,0.00212
2959.20915,0.00193
2958.24493,0.00172
2957.28070,0.00168
2956.31647,0.00176
2955.35225,0.00177
2954.38802,0.00161
2953.42380,0.00138
2952.45957,0.00127
2951.49535,0.00133
2950.53112,0.00149
2949.56689,0.00162
2948.60267,0.00160
2947.63844,0.00138
2946.67422,0.00095
2945.70999,0.00040
2944.74576,-0.00011
2943.78154,-0.00040
2942.81731,-0.00037
2941.85309,-0.00006
2940.88886,0.00041
2939.92464,0.00088
2938.96041,0.00121
2937.99618,0.00141
2937.03196,0.00158
2936.06773,0.00182
2935.10351,0.00212
2934.13928,0.00234
2933.17505,0.00240
2932.21083,0.00233
2931.24660,0.00226
2930.28238,0.00219
2929.31815,0.00200
2928.35393,0.00160
2927.38970,0.00113
2926.42547,0.00087
2925.46125,0.00093
2924.49702,0.00117
2923.53280,0.00137
2922.56857,0.00150
2921.60434,0.00169
2920.64012,0.00203
2919.67589,0.00241
2918.71167,0.00258
2917.74744,0.00244
2916.78321,0.00203
2915.81899,0.00151
2914.85476,0.00099
2913.89054,0.00059
2912.92631,0.00043
2911.96209,0.00058
2910.99786,0.00093
2910.03363,0.00131
2909.06941,0.00160
2908.10518,0.00180
2907.14096,0.00194
2906.17673,0.00199
2905.21250,0.00190
2904.24828,0.00170
2903.28405,0.00151
2902.31983,0.00145
2901.35560,0.00149
2900.39138,0.00154
2899.42715,0.00152
2898.46292,0.00141
2897.49870,0.00127
2896.53447,0.00115
2895.57025,0.00111
2894.60602,0.00122
2893.64179,0.00142
2892.67757,0.00162
2891.71334,0.00171
2890.74912,0.00167
2889.78489,0.00156
2888.82066,0.00144
2887.85644,0.00130
2886.89221,0.00119
2885.92799,0.00119
2884.96376,0.00139
2883.99954,0.00173
2883.03531,0.00201
2882.07108,0.00205
2881.10686,0.00186
2880.14263,0.00162
2879.17841,0.00150
2878.21418,0.00158
2877.24995,0.00177
2876.28573,0.00199
2875.32150,0.00218
2874.35728,0.00233
2873.39305,0.00235
2872.42883,0.00218
2871.46460,0.00176
2870.50037,0.00116
2869.53615,0.00055
2868.57192,0.00012
2867.60770,-0.00005
2866.64347,-0.00001
2865.67924,0.00010
2864.71502,0.00022
2863.75079,0.00038
2862.78657,0.00059
2861.82234,0.00074
2860.85812,0.00069
2859.89389,0.00042
2858.92966,0.00012
2857.96544,0.00001
2857.00121,0.00017
2856.03699,0.00042
2855.07276,0.00054
2854.10853,0.00047
2853.14431,0.00027
2852.18008,0.00009
2851.21586,0.00005
2850.25163,0.00024
2849.28740,0.00068
2848.32318,0.00126
2847.35895,0.00177
2846.39473,0.00201
2845.43050,0.00194
2844.46628,0.00166
2843.50205,0.00131
2842.53782,0.00093
2841.57360,0.00051
2840.60937,0.00009
2839.64515,-0.00019
2838.68092,-0.00021
2837.71669,0.00001
2836.75247,0.00031
2835.78824,0.00055
2834.82402,0.00060
2833.85979,0.00042
2832.89557,0.00006
2831.93134,-0.00032
2830.96711,-0.00055
2830.00289,-0.00056
2829.03866,-0.00042
2828.07444,-0.00025
2827.11021,-0.00006
2826.14598,0.00019
2825.18176,0.00051
2824.21753,0.00074
2823.25331,0.00074
2822.28908,0.00051
2821.32486,0.00024
2820.36063,0.00010
2819.39640,0.00013
2818.43218,0.00028
2817.46795,0.00052
2816.50373,0.00081
2815.53950,0.00108
2814.57527,0.00116
2813.61105,0.00093
2812.64682,0.00047
2811.68260,0.00003
2810.71837,-0.00014
2809.75414,0.00003
2808.78992,0.00044
2807.82569,0.00089
2806.86147,0.00118
2805.89724,0.00119
2804.93302,0.00087
2803.96879,0.00033
2803.00456,-0.00030
2802.04034,-0.00089
2801.07611,-0.00137
2800.11189,-0.00163
2799.14766,-0.00160
2798.18343,-0.00125
2797.21921,-0.00074
2796.25498,-0.00027
2795.29076,0.00007
2794.32653,0.00033
2793.36231,0.00059
2792.39808,0.00083
2791.43385,0.00095
2790.46963,0.00093
2789.50540,0.00087
2788.54118,0.00087
2787.57695,0.00090
2786.61272,0.00083
2785.64850,0.00060
2784.68427,0.00031
2783.72005,0.00008
2782.75582,-0.00001
2781.79159,0.00003
2780.82737,0.00016
2779.86314,0.00034
2778.89892,0.00050
2777.93469,0.00054
2776.97047,0.00039
2776.00624,0.00007
2775.04201,-0.00029
2774.07779,-0.00056
2773.11356,-0.00071
2772.14934,-0.00072
2771.18511,-0.00065
2770.22088,-0.00056
2769.25666,-0.00055
2768.29243,-0.00061
2767.32821,-0.00062
2766.36398,-0.00038
2765.39976,0.00015
2764.43553,0.00076
2763.47130,0.00110
2762.50708,0.00102
2761.54285,0.00068
2760.57863,0.00043
2759.61440,0.00048
2758.65017,0.00068
2757.68595,0.00071
2756.72172,0.00037
2755.75750,-0.00016
2754.79327,-0.00054
2753.82905,-0.00054
2752.86482,-0.00029
2751.90059,-0.00008
2750.93637,-0.00008
2749.97214,-0.00019
2749.00792,-0.00027
2748.04369,-0.00030
2747.07946,-0.00038
2746.11524,-0.00051
2745.15101,-0.00052
2744.18679,-0.00031
2743.22256,-0.00000
2742.25833,0.00020
2741.29411,0.00022
2740.32988,0.00025
2739.36566,0.00043
2738.40143,0.00071
2737.43721,0.00090
2736.47298,0.00093
2735.50875,0.00099
2734.54453,0.00126
2733.58030,0.00164
2732.61608,0.00186
2731.65185,0.00178
2730.68762,0.00153
2729.72340,0.00132
2728.75917,0.00122
2727.79495,0.00111
2726.83072,0.00089
2725.86650,0.00059
2724.90227,0.00032
2723.93804,0.00017
2722.97382,0.00007
2722.00959,-0.00003
2721.04537,-0.00018
2720.08114,-0.00033
2719.11691,-0.00043
2718.15269,-0.00040
2717.18846,-0.00019
2716.22424,0.00015
2715.26001,0.00047
2714.29579,0.00064
2713.33156,0.00064
2712.36733,0.00058
2711.40311,0.00051
2710.43888,0.00040
2709.47466,0.00024
2708.51043,0.00007
2707.54620,-0.00001
2706.58198,0.00002
2705.61775,0.00009
2704.65353,0.00011
2703.68930,0.00007
2702.72507,0.00004
2701.76085,0.00005
2700.79662,0.00008
2699.83240,0.00009
2698.86817,0.00006
2697.90395,-0.00002
2696.93972,-0.00015
2695.97549,-0.00030
2695.01127,-0.00034
2694.04704,-0.00018
2693.08282,0.00011
2692.11859,0.00033
2691.15436,0.00034
2690.19014,0.00017
2689.22591,-0.00000
2688.26169,-0.00003
2687.29746,0.00005
2686.33324,0.00013
2685.36901,0.00014
2684.40478,0.00012
2683.44056,0.00020
2682.47633,0.00043
2681.51211,0.00079
2680.54788,0.00112
2679.58365,0.00130
2678.61943,0.00125
2677.65520,0.00106
2676.69098,0.00086
2675.72675,0.00069
2674.76252,0.00049
2673.79830,0.00016
2672.83407,-0.00025
2671.86985,-0.00054
2670.90562,-0.00054
2669.94140,-0.00027
2668.97717,0.00003
2668.01294,0.00012
2667.04872,-0.00007
2666.08449,-0.00039
2665.12027,-0.00066
2664.15604,-0.00072
2663.19181,-0.00056
2662.22759,-0.00026
2661.26336,0.00007
2660.29914,0.00031
2659.33491,0.00042
2658.37069,0.00044
2657.40646,0.00047
2656.44223,0.00054
2655.47801,0.00062
2654.51378,0.00057
2653.54956,0.00029
2652.58533,-0.00016
2651.62110,-0.00059
2650.65688,-0.00076
2649.69265,-0.00060
2648.72843,-0.00021
2647.76420,0.00019
2646.79998,0.00044
2645.83575,0.00052
2644.87152,0.00048
2643.90730,0.00038
2642.94307,0.00024
2641.97885,0.00013
2641.01462,0.00015
2640.05039,0.00035
2639.08617,0.00067
2638.12194,0.00097
2637.15772,0.00111
2636.19349,0.00105
2635.22926,0.00084
2634.26504,0.00057
2633.30081,0.00031
2632.33659,0.00004
2631.37236,-0.00022
2630.40814,-0.00041
2629.44391,-0.00037
2628.47968,-0.00003
2627.51546,0.00050
2626.55123,0.00092
2625.58701,0.00093
2624.62278,0.00058
2623.65855,0.00017
2622.69433,0.00003
2621.73010,0.00018
2620.76588,0.00036
2619.80165,0.00030
2618.83743,0.00003
2617.87320,-0.00019
2616.90897,-0.00018
2615.94475,0.00005
2614.98052,0.00029
2614.01630,0.00043
2613.05207,0.00046
2612.08784,0.00047
2611.12362,0.00055
2610.15939,0.00065
2609.19517,0.00074
2608.23094,0.00077
2607.26672,0.00075
2606.30249,0.00076
2605.33826,0.00084
2604.37404,0.00093
2603.40981,0.00089
2602.44559,0.00061
2601.48136,0.00017
2600.51713,-0.00015
2599.55291,-0.00012
2598.58868,0.00026
2597.62446,0.00073
2596.66023,0.00102
2595.69600,0.00103
2594.73178,0.00086
2593.76755,0.00063
2592.80333,0.00040
2591.83910,0.00015
2590.87488,-0.00005
2589.91065,-0.00011
2588.94642,0.00006
2587.98220,0.00043
2587.01797,0.00080
2586.05375,0.00097
2585.08952,0.00087
2584.12529,0.00057
2583.16107,0.00022
2582.19684,-0.00008
2581.23262,-0.00030
2580.26839,-0.00044
2579.30417,-0.00046
2578.33994,-0.00036
2577.37571,-0.00020
2576.41149,-0.00014
2575.44726,-0.00029
2574.48304,-0.00057
2573.51881,-0.00078
2572.55458,-0.00076
2571.59036,-0.00049
2570.62613,-0.00004
2569.66191,0.00047
2568.69768,0.00091
2567.73345,0.00114
2566.76923,0.00110
2565.80500,0.00085
2564.84078,0.00058
2563.87655,0.00045
2562.91233,0.00042
2561.94810,0.00034
2560.98387,0.00011
2560.01965,-0.00018
2559.05542,-0.00032
2558.09120,-0.00015
2557.12697,0.00027
2556.16274,0.00071
2555.19852,0.00094
2554.23429,0.00082
2553.27007,0.00043
2552.30584,-0.00003
2551.34162,-0.00038
2550.37739,-0.00051
2549.41316,-0.00044
2548.44894,-0.00019
2547.48471,0.00018
2546.52049,0.00061
2545.55626,0.00094
2544.59203,0.00100
2543.62781,0.00081
2542.66358,0.00055
2541.69936,0.00042
2540.73513,0.00043
2539.77091,0.00040
2538.80668,0.00018
2537.84245,-0.00011
2536.87823,-0.00020
2535.91400,0.00002
2534.94978,0.00043
2533.98555,0.00078
2533.02132,0.00090
2532.05710,0.00078
2531.09287,0.00051
2530.12865,0.00018
2529.16442,-0.00012
2528.20019,-0.00024
2527.23597,-0.00011
2526.27174,0.00025
2525.30752,0.00069
2524.34329,0.00104
2523.37907,0.00118
2522.41484,0.00112
2521.45061,0.00093
2520.48639,0.00075
2519.52216,0.00067
2518.55794,0.00072
2517.59371,0.00080
2516.62948,0.00080
2515.66526,0.00071
2514.70103,0.00059
2513.73681,0.00046
2512.77258,0.00030
2511.80836,0.00007
2510.84413,-0.00011
2509.87990,-0.00009
2508.91568,0.00020
2507.95145,0.00060
2506.98723,0.00086
2506.02300,0.00083
2505.05877,0.00058
2504.09455,0.00031
2503.13032,0.00015
2502.16610,0.00014
2501.20187,0.00023
2500.23764,0.00037
2499.27342,0.00051
2498.30919,0.00060
2497.34497,0.00059
2496.38074,0.00044
2495.41652,0.00016
2494.45229,-0.00019
2493.48806,-0.00049
2492.52384,-0.00064
2491.55961,-0.00057
2490.59539,-0.00033
2489.63116,0.00002
2488.66693,0.00037
2487.70271,0.00067
2486.73848,0.00087
2485.77426,0.00091
2484.81003,0.00079
2483.84581,0.00052
2482.88158,0.00023
2481.91735,0.00005
2480.95313,0.00003
2479.98890,0.00014
2479.02468,0.00027
2478.06045,0.00033
2477.09622,0.00028
2476.13200,0.00014
2475.16777,-0.00003
2474.20355,-0.00012
2473.23932,-0.00009
2472.27510,0.00004
2471.31087,0.00019
2470.34664,0.00028
2469.38242,0.00028
2468.41819,0.00020
2467.45397,0.00012
2466.48974,0.00009
2465.52551,0.00015
2464.56129,0.00025
2463.59706,0.00027
2462.63284,0.00016
2461.66861,-0.00004
2460.70438,-0.00016
2459.74016,-0.00009
2458.77593,0.00014
2457.81171,0.00039
2456.84748,0.00054
2455.88326,0.00061
2454.91903,0.00070
2453.95480,0.00083
2452.99058,0.00092
2452.02635,0.00087
2451.06213,0.00071
2450.09790,0.00056
2449.13367,0.00047
2448.16945,0.00039
2447.20522,0.00021
2446.24100,-0.00008
2445.27677,-0.00033
2444.31255,-0.00044
2443.34832,-0.00042
2442.38409,-0.00039
2441.41987,-0.00047
2440.45564,-0.00060
2439.49142,-0.00066
2438.52719,-0.00055
2437.56296,-0.00029
2436.59874,0.00004
2435.63451,0.00037
2434.67029,0.00069
2433.70606,0.00096
2432.74184,0.00115
2431.77761,0.00123
2430.81338,0.00121
2429.84916,0.00111
2428.88493,0.00092
2427.92071,0.00063
2426.95648,0.00031
2425.99225,0.00001
2425.02803,-0.00022
2424.06380,-0.00039
2423.09958,-0.00051
2422.13535,-0.00052
2421.17112,-0.00037
2420.20690,-0.00012
2419.24267,0.00002
2418.27845,-0.00007
2417.31422,-0.00031
2416.35000,-0.00047
2415.38577,-0.00040
2414.42154,-0.00015
2413.45732,0.00009
2412.49309,0.00025
2411.52887,0.00036
2410.56464,0.00048
2409.60041,0.00054
2408.63619,0.00045
2407.67196,0.00024
2406.70774,0.00009
2405.74351,0.00013
2404.77929,0.00035
2403.81506,0.00062
2402.85083,0.00085
2401.88661,0.00103
2400.92238,0.00112
2399.95816,0.00109
2398.99393,0.00091
2398.02970,0.00070
2397.06548,0.00058
2396.10125,0.00057
2395.13703,0.00055
2394.17280,0.00042
2393.20857,0.00026
2392.24435,0.00022
2391.28012,0.00036
2390.31590,0.00061
2389.35167,0.00083
2388.38745,0.00099
2387.42322,0.00110
2386.45899,0.00113
2385.49477,0.00103
2384.53054,0.00082
2383.56632,0.00062
2382.60209,0.00056
2381.63786,0.00061
2380.67364,0.00065
2379.70941,0.00063
2378.74519,0.00061
2377.78096,0.00066
2376.81674,0.00072
2375.85251,0.00066
2374.88828,0.00042
2373.92406,0.00010
2372.95983,-0.00018
2371.99561,-0.00033
2371.03138,-0.00037
2370.06715,-0.00032
2369.10293,-0.00019
2368.13870,-0.00004
2367.17448,0.00004
2366.21025,-0.00007
2365.24603,-0.00037
2364.28180,-0.00072
2363.31757,-0.00101
2362.35335,-0.00115
2361.38912,-0.00120
2360.42490,-0.00126
2359.46067,-0.00141
2358.49644,-0.00161
2357.53222,-0.00169
2356.56799,-0.00150
2355.60377,-0.00104
2354.63954,-0.00053
2353.67531,-0.00021
2352.71109,-0.00010
2351.74686,-0.00005
2350.78264,0.00010
2349.81841,0.00032
2348.85419,0.00043
2347.88996,0.00036
2346.92573,0.00016
2345.96151,-0.00008
2344.99728,-0.00033
2344.03306,-0.00062
2343.06883,-0.00088
2342.10460,-0.00097
2341.14038,-0.00081
2340.17615,-0.00048
2339.21193,-0.00012
2338.24770,0.00016
2337.28348,0.00037
2336.31925,0.00043
2335.35502,0.00025
2334.39080,-0.00017
2333.42657,-0.00061
2332.46235,-0.00079
2331.49812,-0.00063
2330.53389,-0.00025
2329.56967,0.00010
2328.60544,0.00028
2327.64122,0.00028
2326.67699,0.00015
2325.71277,-0.00001
2324.74854,-0.00008
2323.78431,0.00007
2322.82009,0.00039
2321.85586,0.00066
2320.89164,0.00075
2319.92741,0.00071
2318.96318,0.00073
2317.99896,0.00086
2317.03473,0.00096
2316.07051,0.00087
2315.10628,0.00061
2314.14205,0.00036
2313.17783,0.00029
2312.21360,0.00036
2311.24938,0.00042
2310.28515,0.00038
2309.32093,0.00028
2308.35670,0.00022
2307.39247,0.00023
2306.42825,0.00028
2305.46402,0.00034
2304.49980,0.00041
2303.53557,0.00050
2302.57134,0.00056
2301.60712,0.00057
2300.64289,0.00053
2299.67867,0.00046
2298.71444,0.00042
2297.75022,0.00049
2296.78599,0.00066
2295.82176,0.00085
2294.85754,0.00095
2293.89331,0.00087
2292.92909,0.00067
2291.96486,0.00046
2291.00063,0.00032
2290.03641,0.00023
2289.07218,0.00014
2288.10796,0.00004
2287.14373,-0.00001
2286.17950,0.00001
2285.21528,0.00011
2284.25105,0.00027
2283.28683,0.00044
2282.32260,0.00053
2281.35838,0.00047
2280.39415,0.00030
2279.42992,0.00016
2278.46570,0.00020
2277.50147,0.00038
2276.53725,0.00052
2275.57302,0.00051
2274.60879,0.00043
2273.64457,0.00041
2272.68034,0.00049
2271.71612,0.00048
2270.75189,0.00027
2269.78767,-0.00004
2268.82344,-0.00019
2267.85921,-0.00007
2266.89499,0.00018
2265.93076,0.00034
2264.96654,0.00031
2264.00231,0.00022
2263.03808,0.00016
2262.07386,0.00016
2261.10963,0.00021
2260.14541,0.00032
2259.18118,0.00046
2258.21696,0.00054
2257.25273,0.00042
2256.28850,0.00012
2255.32428,-0.00014
2254.36005,-0.00014
2253.39583,0.00011
2252.43160,0.00042
2251.46737,0.00062
2250.50315,0.00078
2249.53892,0.00103
2248.57470,0.00137
2247.61047,0.00157
2246.64624,0.00138
2245.68202,0.00082
2244.71779,0.00016
2243.75357,-0.00031
2242.78934,-0.00048
2241.82512,-0.00042
2240.86089,-0.00026
2239.89666,-0.00009
2238.93244,0.00000
2237.96821,-0.00000
2237.00399,-0.00009
2236.03976,-0.00013
2235.07553,-0.00003
2234.11131,0.00021
2233.14708,0.00047
2232.18286,0.00061
2231.21863,0.00058
2230.25441,0.00047
2229.29018,0.00035
2228.32595,0.00027
2227.36173,0.00021
2226.39750,0.00016
2225.43328,0.00016
2224.46905,0.00018
2223.50482,0.00020
2222.54060,0.00013
2221.57637,-0.00003
2220.61215,-0.00020
2219.64792,-0.00027
2218.68369,-0.00018
2217.71947,0.00001
2216.75524,0.00017
2215.79102,0.00013
2214.82679,-0.00009
2213.86257,-0.00032
2212.89834,-0.00032
2211.93411,-0.00001
2210.96989,0.00043
2210.00566,0.00073
2209.04144,0.00070
2208.07721,0.00043
2207.11298,0.00015
2206.14876,0.00006
2205.18453,0.00018
2204.22031,0.00041
2203.25608,0.00063
2202.29186,0.00078
2201.32763,0.00086
2200.36340,0.00090
2199.39918,0.00094
2198.43495,0.00097
2197.47073,0.00093
2196.50650,0.00077
2195.54227,0.00053
2194.57805,0.00038
2193.61382,0.00046
2192.64960,0.00070
2191.68537,0.00089
2190.72115,0.00088
2189.75692,0.00070
2188.79269,0.00051
2187.82847,0.00043
2186.86424,0.00041
2185.90002,0.00035
2184.93579,0.00024
2183.97156,0.00014
2183.00734,0.00012
2182.04311,0.00018
2181.07889,0.00026
2180.11466,0.00034
2179.15043,0.00046
2178.18621,0.00065
2177.22198,0.00089
2176.25776,0.00116
2175.29353,0.00142
2174.32931,0.00161
2173.36508,0.00169
2172.40085,0.00165
2171.43663,0.00149
2170.47240,0.00124
2169.50818,0.00095
2168.54395,0.00070
2167.57972,0.00060
2166.61550,0.00071
2165.65127,0.00098
2164.68705,0.00124
2163.72282,0.00134
2162.75860,0.00124
2161.79437,0.00100
2160.83014,0.00071
2159.86592,0.00043
2158.90169,0.00024
2157.93747,0.00021
2156.97324,0.00033
2156.00901,0.00048
2155.04479,0.00053
2154.08056,0.00047
2153.11634,0.00045
2152.15211,0.00057
2151.18789,0.00077
2150.22366,0.00089
2149.25943,0.00087
2148.29521,0.00080
2147.33098,0.00076
2146.36676,0.00075
2145.40253,0.00066
2144.43830,0.00050
2143.47408,0.00038
2142.50985,0.00040
2141.54563,0.00054
2140.58140,0.00070
2139.61717,0.00086
2138.65295,0.00101
2137.68872,0.00116
2136.72450,0.00125
2135.76027,0.00123
2134.79605,0.00119
2133.83182,0.00122
2132.86759,0.00134
2131.90337,0.00148
2130.93914,0.00158
2129.97492,0.00173
2129.01069,0.00200
2128.04646,0.00237
2127.08224,0.00272
2126.11801,0.00297
2125.15379,0.00318
2124.18956,0.00348
2123.22534,0.00392
2122.26111,0.00446
2121.29688,0.00497
2120.33266,0.00536
2119.36843,0.00556
2118.40421,0.00560
2117.43998,0.00561
2116.47575,0.00573
2115.51153,0.00604
2114.54730,0.00643
2113.58308,0.00675
2112.61885,0.00694
2111.65462,0.00707
2110.69040,0.00721
2109.72617,0.00733
2108.76195,0.00732
2107.79772,0.00715
2106.83350,0.00692
2105.86927,0.00672
2104.90504,0.00651
2103.94082,0.00621
2102.97659,0.00577
2102.01237,0.00528
2101.04814,0.00487
2100.08391,0.00460
2099.11969,0.00444
2098.15546,0.00433
2097.19124,0.00424
2096.22701,0.00417
2095.26279,0.00415
2094.29856,0.00414
2093.33433,0.00412
2092.37011,0.00403
2091.40588,0.00383
2090.44166,0.00353
2089.47743,0.00320
2088.51320,0.00291
2087.54898,0.00269
2086.58475,0.00250
2085.62053,0.00231
2084.65630,0.00217
2083.69208,0.00208
2082.72785,0.00203
2081.76362,0.00195
2080.79940,0.00183
2079.83517,0.00174
2078.87095,0.00173
2077.90672,0.00174
2076.94249,0.00166
2075.97827,0.00142
2075.01404,0.00112
2074.04982,0.00087
2073.08559,0.00073
2072.12136,0.00067
2071.15714,0.00065
2070.19291,0.00066
2069.22869,0.00070
2068.26446,0.00072
2067.30024,0.00070
2066.33601,0.00066
2065.37178,0.00066
2064.40756,0.00071
2063.44333,0.00075
2062.47911,0.00071
2061.51488,0.00065
2060.55065,0.00068
2059.58643,0.00090
2058.62220,0.00125
2057.65798,0.00154
2056.69375,0.00159
2055.72953,0.00134
2054.76530,0.00091
2053.80107,0.00049
2052.83685,0.00023
2051.87262,0.00018
2050.90840,0.00027
2049.94417,0.00042
2048.97994,0.00056
2048.01572,0.00066
2047.05149,0.00069
2046.08727,0.00067
2045.12304,0.00063
2044.15882,0.00057
2043.19459,0.00044
2042.23036,0.00024
2041.26614,-0.00002
2040.30191,-0.00020
2039.33769,-0.00018
2038.37346,0.00006
2037.40923,0.00040
2036.44501,0.00067
2035.48078,0.00080
2034.51656,0.00078
2033.55233,0.00068
2032.58810,0.00056
2031.62388,0.00044
2030.65965,0.00040
2029.69543,0.00043
2028.73120,0.00048
2027.76698,0.00045
2026.80275,0.00029
2025.83852,0.00004
2024.87430,-0.00017
2023.91007,-0.00025
2022.94585,-0.00018
2021.98162,0.00001
2021.01739,0.00030
2020.05317,0.00063
2019.08894,0.00091
2018.12472,0.00106
2017.16049,0.00108
2016.19627,0.00101
2015.23204,0.00094
2014.26781,0.00088
2013.30359,0.00082
2012.33936,0.00069
2011.37514,0.00048
2010.41091,0.00021
2009.44668,-0.00004
2008.48246,-0.00013
2007.51823,-0.00003
2006.55401,0.00021
2005.58978,0.00042
2004.62555,0.00048
2003.66133,0.00046
2002.69710,0.00051
2001.73288,0.00073
2000.76865,0.00103
1999.80443,0.00126
1998.84020,0.00130
1997.87597,0.00118
1996.91175,0.00101
1995.94752,0.00088
1994.98330,0.00080
1994.01907,0.00071
1993.05484,0.00052
1992.09062,0.00022
1991.12639,-0.00011
1990.16217,-0.00029
1989.19794,-0.00019
1988.23372,0.00014
1987.26949,0.00049
1986.30526,0.00068
1985.34104,0.00068
1984.37681,0.00061
1983.41259,0.00057
1982.44836,0.00057
1981.48413,0.00055
1980.51991,0.00048
1979.55568,0.00043
1978.59146,0.00043
1977.62723,0.00046
1976.66301,0.00046
1975.69878,0.00044
1974.73455,0.00040
1973.77033,0.00034
1972.80610,0.00023
1971.84188,0.00009
1970.87765,0.00000
1969.91342,0.00004
1968.94920,0.00016
1967.98497,0.00023
1967.02075,0.00014
1966.05652,-0.00010
1965.09229,-0.00032
1964.12807,-0.00034
1963.16384,-0.00011
1962.19962,0.00025
1961.23539,0.00052
1960.27117,0.00059
1959.30694,0.00048
1958.34271,0.00033
1957.37849,0.00025
1956.41426,0.00024
1955.45004,0.00025
1954.48581,0.00028
1953.52158,0.00036
1952.55736,0.00051
1951.59313,0.00063
1950.62891,0.00065
1949.66468,0.00056
1948.70046,0.00047
1947.73623,0.00038
1946.77200,0.00021
1945.80778,-0.00015
1944.84355,-0.00064
1943.87933,-0.00101
1942.91510,-0.00103
1941.95087,-0.00067
1940.98665,-0.00013
1940.02242,0.00033
1939.05820,0.00051
1938.09397,0.00042
1937.12974,0.00018
1936.16552,-0.00001
1935.20129,-0.00004
1934.23707,0.00013
1933.27284,0.00037
1932.30862,0.00054
1931.34439,0.00061
1930.38016,0.00063
1929.41594,0.00071
1928.45171,0.00081
1927.48749,0.00083
1926.52326,0.00066
1925.55903,0.00027
1924.59481,-0.00025
1923.63058,-0.00074
1922.66636,-0.00101
1921.70213,-0.00095
1920.73791,-0.00060
1919.77368,-0.00015
1918.80945,0.00023
1917.84523,0.00050
1916.88100,0.00070
1915.91678,0.00084
1914.95255,0.00083
1913.98832,0.00061
1913.02410,0.00026
1912.05987,-0.00004
1911.09565,-0.00014
1910.13142,-0.00003
1909.16720,0.00019
1908.20297,0.00044
1907.23874,0.00064
1906.27452,0.00071
1905.31029,0.00063
1904.34607,0.00044
1903.38184,0.00028
1902.41761,0.00024
1901.45339,0.00029
1900.48916,0.00029
1899.52494,0.00022
1898.56071,0.00015
1897.59648,0.00017
1896.63226,0.00024
1895.66803,0.00027
1894.70381,0.00021
1893.73958,0.00014
1892.77536,0.00016
1891.81113,0.00028
1890.84690,0.00043
1889.88268,0.00054
1888.91845,0.00059
1887.95423,0.00061
1886.99000,0.00064
1886.02577,0.00066
1885.06155,0.00063
1884.09732,0.00049
1883.13310,0.00028
1882.16887,0.00010
1881.20465,0.00007
1880.24042,0.00019
1879.27619,0.00035
1878.31197,0.00042
1877.34774,0.00044
1876.38352,0.00049
1875.41929,0.00054
1874.45506,0.00045
1873.49084,0.00014
1872.52661,-0.00025
1871.56239,-0.00047
1870.59816,-0.00041
1869.63394,-0.00022
1868.66971,-0.00014
1867.70548,-0.00017
1866.74126,-0.00017
1865.77703,-0.00006
1864.81281,0.00005
1863.84858,0.00003
1862.88435,-0.00009
1861.92013,-0.00010
1860.95590,0.00010
1859.99168,0.00041
1859.02745,0.00064
1858.06322,0.00071
1857.09900,0.00068
1856.13477,0.00055
1855.17055,0.00033
1854.20632,0.00002
1853.24210,-0.00023
1852.27787,-0.00029
1851.31364,-0.00019
1850.34942,-0.00005
1849.38519,0.00005
1848.42097,0.00015
1847.45674,0.00032
1846.49251,0.00052
1845.52829,0.00062
1844.56406,0.00053
1843.59984,0.00036
1842.63561,0.00023
1841.67139,0.00023
1840.70716,0.00034
1839.74293,0.00046
1838.77871,0.00052
1837.81448,0.00044
1836.85026,0.00026
1835.88603,0.00014
1834.92180,0.00022
1833.95758,0.00049
1832.99335,0.00079
1832.02913,0.00090
1831.06490,0.00079
1830.10067,0.00058
1829.13645,0.00037
1828.17222,0.00021
1827.20800,0.00011
1826.24377,0.00008
1825.27955,0.00015
1824.31532,0.00023
1823.35109,0.00020
1822.38687,0.00011
1821.42264,0.00014
1820.45842,0.00041
1819.49419,0.00080
1818.52996,0.00102
1817.56574,0.00091
1816.60151,0.00061
1815.63729,0.00038
1814.67306,0.00038
1813.70884,0.00055
1812.74461,0.00071
1811.78038,0.00078
1810.81616,0.00075
1809.85193,0.00065
1808.88771,0.00054
1807.92348,0.00049
1806.95925,0.00051
1805.99503,0.00059
1805.03080,0.00067
1804.06658,0.00074
1803.10235,0.00086
1802.13813,0.00102
1801.17390,0.00111
1800.20967,0.00101
1799.24545,0.00074
1798.28122,0.00048
1797.31700,0.00034
1796.35277,0.00029
1795.38854,0.00022
1794.42432,0.00015
1793.46009,0.00021
1792.49587,0.00048
1791.53164,0.00084
1790.56741,0.00110
1789.60319,0.00115
1788.63896,0.00105
1787.67474,0.00097
1786.71051,0.00102
1785.74629,0.00122
1784.78206,0.00150
1783.81783,0.00173
1782.85361,0.00176
1781.88938,0.00154
1780.92516,0.00119
1779.96093,0.00092
1778.99670,0.00087
1778.03248,0.00101
1777.06825,0.00117
1776.10403,0.00128
1775.13980,0.00131
1774.17558,0.00131
1773.21135,0.00127
1772.24712,0.00119
1771.28290,0.00115
1770.31867,0.00121
1769.35445,0.00134
1768.39022,0.00141
1767.42599,0.00127
1766.46177,0.00096
1765.49754,0.00064
1764.53332,0.00048
1763.56909,0.00051
1762.60487,0.00064
1761.64064,0.00077
1760.67641,0.00088
1759.71219,0.00101
1758.74796,0.00117
1757.78374,0.00133
1756.81951,0.00141
1755.85528,0.00135
1754.89106,0.00121
1753.92683,0.00110
1752.96261,0.00114
1751.99838,0.00129
1751.03415,0.00144
1750.06993,0.00149
1749.10570,0.00143
1748.14148,0.00136
1747.17725,0.00132
1746.21303,0.00132
1745.24880,0.00135
1744.28457,0.00142
1743.32035,0.00150
1742.35612,0.00148
1741.39190,0.00126
1740.42767,0.00092
1739.46344,0.00070
1738.49922,0.00083
1737.53499,0.00128
1736.57077,0.00184
1735.60654,0.00225
1734.64232,0.00246
1733.67809,0.00253
1732.71386,0.00253
1731.74964,0.00248
1730.78541,0.00238
1729.82119,0.00228
1728.85696,0.00221
1727.89273,0.00215
1726.92851,0.00203
1725.96428,0.00181
1725.00006,0.00155
1724.03583,0.00136
1723.07160,0.00130
1722.10738,0.00141
1721.14315,0.00164
1720.17893,0.00191
1719.21470,0.00214
1718.25048,0.00227
1717.28625,0.00229
1716.32202,0.00224
1715.35780,0.00218
1714.39357,0.00213
1713.42935,0.00210
1712.46512,0.00210
1711.50089,0.00211
1710.53667,0.00208
1709.57244,0.00200
1708.60822,0.00188
1707.64399,0.00183
1706.67977,0.00196
1705.71554,0.00225
1704.75131,0.00260
1703.78709,0.00290
1702.82286,0.00311
1701.85864,0.00323
1700.89441,0.00328
1699.93018,0.00332
1698.96596,0.00340
1698.00173,0.00350
1697.03751,0.00354
1696.07328,0.00342
1695.10906,0.00311
1694.14483,0.00273
1693.18060,0.00247
1692.21638,0.00241
1691.25215,0.00250
1690.28793,0.00263
1689.32370,0.00275
1688.35947,0.00286
1687.39525,0.00300
1686.43102,0.00312
1685.46680,0.00322
1684.50257,0.00330
1683.53834,0.00334
1682.57412,0.00329
1681.60989,0.00308
1680.64567,0.00276
1679.68144,0.00246
1678.71722,0.00235
1677.75299,0.00247
1676.78876,0.00272
1675.82454,0.00292
1674.86031,0.00296
1673.89609,0.00282
1672.93186,0.00260
1671.96763,0.00240
1671.00341,0.00234
1670.03918,0.00248
1669.07496,0.00281
1668.11073,0.00319
1667.14651,0.00348
1666.18228,0.00356
1665.21805,0.00348
1664.25383,0.00334
1663.28960,0.00324
1662.32538,0.00319
1661.36115,0.00315
1660.39692,0.00309
1659.43270,0.00302
1658.46847,0.00299
1657.50425,0.00301
1656.54002,0.00305
1655.57579,0.00308
1654.61157,0.00314
1653.64734,0.00325
1652.68312,0.00338
1651.71889,0.00339
1650.75467,0.00321
1649.79044,0.00292
1648.82621,0.00273
1647.86199,0.00282
1646.89776,0.00316
1645.93354,0.00353
1644.96931,0.00368
1644.00508,0.00351
1643.04086,0.00315
1642.07663,0.00280
1641.11241,0.00266
1640.14818,0.00275
1639.18396,0.00298
1638.21973,0.00316
1637.25550,0.00320
1636.29128,0.00311
1635.32705,0.00298
1634.36283,0.00287
1633.39860,0.00278
1632.43437,0.00275
1631.47015,0.00283
1630.50592,0.00305
1629.54170,0.00332
1628.57747,0.00344
1627.61325,0.00328
1626.64902,0.00297
1625.68479,0.00274
1624.72057,0.00275
1623.75634,0.00292
1622.79212,0.00303
1621.82789,0.00299
1620.86366,0.00289
1619.89944,0.00285
1618.93521,0.00290
1617.97099,0.00292
1617.00676,0.00284
1616.04253,0.00268
1615.07831,0.00258
1614.11408,0.00256
1613.14986,0.00255
1612.18563,0.00245
1611.22141,0.00224
1610.25718,0.00205
1609.29295,0.00198
1608.32873,0.00198
1607.36450,0.00194
1606.40028,0.00176
1605.43605,0.00153
1604.47182,0.00142
1603.50760,0.00156
1602.54337,0.00187
1601.57915,0.00214
1600.61492,0.00223
1599.65070,0.00212
1598.68647,0.00195
1597.72224,0.00184
1596.75802,0.00180
1595.79379,0.00177
1594.82957,0.00173
1593.86534,0.00173
1592.90111,0.00183
1591.93689,0.00199
1590.97266,0.00209
1590.00844,0.00199
1589.04421,0.00165
1588.07999,0.00120
1587.11576,0.00085
1586.15153,0.00075
1585.18731,0.00087
1584.22308,0.00110
1583.25886,0.00132
1582.29463,0.00150
1581.33040,0.00164
1580.36618,0.00174
1579.40195,0.00171
1578.43773,0.00150
1577.47350,0.00113
1576.50927,0.00073
1575.54505,0.00045
1574.58082,0.00040
1573.61660,0.00057
1572.65237,0.00086
1571.68815,0.00113
1570.72392,0.00128
1569.75969,0.00125
1568.79547,0.00109
1567.83124,0.00082
1566.86702,0.00048
1565.90279,0.00014
1564.93856,-0.00008
1563.97434,-0.00005
1563.01011,0.00020
1562.04589,0.00050
1561.08166,0.00068
1560.11744,0.00073
1559.15321,0.00077
1558.18898,0.00084
1557.22476,0.00080
1556.26053,0.00045
1555.29631,-0.00014
1554.33208,-0.00064
1553.36785,-0.00073
1552.40363,-0.00038
1551.43940,0.00013
1550.47518,0.00045
1549.51095,0.00048
1548.54672,0.00040
1547.58250,0.00042
1546.61827,0.00065
1545.65405,0.00102
1544.68982,0.00138
1543.72560,0.00158
1542.76137,0.00159
1541.79714,0.00149
1540.83292,0.00136
1539.86869,0.00127
1538.90447,0.00117
1537.94024,0.00101
1536.97601,0.00085
1536.01179,0.00079
1535.04756,0.00090
1534.08334,0.00111
1533.11911,0.00127
1532.15489,0.00127
1531.19066,0.00114
1530.22643,0.00098
1529.26221,0.00089
1528.29798,0.00085
1527.33376,0.00081
1526.36953,0.00072
1525.40530,0.00057
1524.44108,0.00043
1523.47685,0.00040
1522.51263,0.00047
1521.54840,0.00057
1520.58418,0.00056
1519.61995,0.00041
1518.65572,0.00026
1517.69150,0.00029
1516.72727,0.00051
1515.76305,0.00080
1514.79882,0.00098
1513.83459,0.00098
1512.87037,0.00091
1511.90614,0.00084
1510.94192,0.00080
1509.97769,0.00074
1509.01346,0.00069
1508.04924,0.00070
1507.08501,0.00074
1506.12079,0.00072
1505.15656,0.00057
1504.19234,0.00033
1503.22811,0.00017
1502.26388,0.00018
1501.29966,0.00029
1500.33543,0.00040
1499.37121,0.00044
1498.40698,0.00044
1497.44275,0.00047
1496.47853,0.00054
1495.51430,0.00060
1494.55008,0.00056
1493.58585,0.00037
1492.62163,0.00007
1491.65740,-0.00022
1490.69317,-0.00034
1489.72895,-0.00015
1488.76472,0.00030
1487.80050,0.00081
1486.83627,0.00113
1485.87204,0.00111
1484.90782,0.00081
1483.94359,0.00044
1482.97937,0.00021
1482.01514,0.00023
1481.05092,0.00044
1480.08669,0.00066
1479.12246,0.00073
1478.15824,0.00061
1477.19401,0.00043
1476.22979,0.00041
1475.26556,0.00065
1474.30133,0.00104
1473.33711,0.00135
1472.37288,0.00140
1471.40866,0.00123
1470.44443,0.00094
1469.48020,0.00056
1468.51598,0.00005
1467.55175,-0.00057
1466.58753,-0.00113
1465.62330,-0.00138
1464.65908,-0.00123
1463.69485,-0.00084
1462.73062,-0.00040
1461.76640,0.00001
1460.80217,0.00042
1459.83795,0.00080
1458.87372,0.00099
1457.90949,0.00080
1456.94527,0.00024
1455.98104,-0.00050
1455.01682,-0.00118
1454.05259,-0.00170
1453.08837,-0.00202
1452.12414,-0.00210
1451.15991,-0.00194
1450.19569,-0.00166
1449.23146,-0.00147
1448.26724,-0.00151
1447.30301,-0.00165
1446.33878,-0.00168
1445.37456,-0.00145
1444.41033,-0.00097
1443.44611,-0.00038
1442.48188,0.00018
1441.51765,0.00059
1440.55343,0.00076
1439.58920,0.00070
1438.62498,0.00052
1437.66075,0.00037
1436.69653,0.00034
1435.73230,0.00045
1434.76807,0.00080
1433.80385,0.00151
1432.83962,0.00250
1431.87540,0.00337
1430.91117,0.00361
1429.94694,0.00303
1428.98272,0.00202
1428.01849,0.00122
1427.05427,0.00105
1426.09004,0.00143
1425.12582,0.00202
1424.16159,0.00251
1423.19736,0.00284
1422.23314,0.00302
1421.26891,0.00301
1420.30469,0.00273
1419.34046,0.00214
1418.37623,0.00134
1417.41201,0.00052
1416.44778,-0.00016
1415.48356,-0.00060
1414.51933,-0.00077
1413.55511,-0.00071
1412.59088,-0.00051
1411.62665,-0.00021
1410.66243,0.00019
1409.69820,0.00070
1408.73398,0.00124
1407.76975,0.00160
1406.80552,0.00160
1405.84130,0.00122
1404.87707,0.00069
1403.91285,0.00029
1402.94862,0.00016
1401.98439,0.00023
1401.02017,0.00030
1400.05594,0.00029
1399.09172,0.00022
1398.12749,0.00016
1397.16327,0.00011
1396.19904,0.00000
1395.23481,-0.00021
1394.27059,-0.00044
1393.30636,-0.00056
1392.34214,-0.00051
1391.37791,-0.00034
1390.41368,-0.00017
1389.44946,-0.00013
1388.48523,-0.00025
1387.52101,-0.00048
1386.55678,-0.00073
1385.59256,-0.00095
1384.62833,-0.00114
1383.66410,-0.00134
1382.69988,-0.00157
1381.73565,-0.00177
1380.77143,-0.00183
1379.80720,-0.00168
1378.84297,-0.00132
1377.87875,-0.00086
1376.91452,-0.00042
1375.95030,-0.00006
1374.98607,0.00016
1374.02184,0.00024
1373.05762,0.00021
1372.09339,0.00013
1371.12917,0.00001
1370.16494,-0.00023
1369.20072,-0.00067
1368.23649,-0.00122
1367.27226,-0.00161
1366.30804,-0.00163
1365.34381,-0.00123
1364.37959,-0.00054
1363.41536,0.00027
1362.45113,0.00110
1361.48691,0.00181
1360.52268,0.00215
1359.55846,0.00196
1358.59423,0.00133
1357.63001,0.00061
1356.66578,0.00016
1355.70155,0.00007
1354.73733,0.00020
1353.77310,0.00036
1352.80888,0.00049
1351.84465,0.00062
1350.88042,0.00076
1349.91620,0.00089
1348.95197,0.00102
1347.98775,0.00112
1347.02352,0.00117
1346.05930,0.00116
1345.09507,0.00115
1344.13084,0.00117
1343.16662,0.00115
1342.20239,0.00089
1341.23817,0.00032
1340.27394,-0.00033
1339.30971,-0.00058
1338.34549,-0.00024
1337.38126,0.00041
1336.41704,0.00080
1335.45281,0.00062
1334.48858,0.00009
1333.52436,-0.00033
1332.56013,-0.00031
1331.59591,0.00008
1330.63168,0.00057
1329.66746,0.00092
1328.70323,0.00099
1327.73900,0.00073
1326.77478,0.00023
1325.81055,-0.00022
1324.84633,-0.00022
1323.88210,0.00045
1322.91787,0.00158
1321.95365,0.00260
1320.98942,0.00297
1320.02520,0.00252
1319.06097,0.00156
1318.09675,0.00065
1317.13252,0.00021
1316.16829,0.00030
1315.20407,0.00070
1314.23984,0.00113
1313.27562,0.00147
1312.31139,0.00166
1311.34716,0.00161
1310.38294,0.00126
1309.41871,0.00077
1308.45449,0.00051
1307.49026,0.00074
1306.52604,0.00133
1305.56181,0.00188
1304.59758,0.00213
1303.63336,0.00220
1302.66913,0.00237
1301.70491,0.00264
1300.74068,0.00269
1299.77645,0.00225
1298.81223,0.00140
1297.84800,0.00045
1296.88378,-0.00038
1295.91955,-0.00107
1294.95532,-0.00160
1293.99110,-0.00184
1293.02687,-0.00159
1292.06265,-0.00086
1291.09842,0.00020
1290.13420,0.00140
1289.16997,0.00251
1288.20574,0.00324
1287.24152,0.00343
1286.27729,0.00318
1285.31307,0.00287
1284.34884,0.00279
1283.38461,0.00287
1282.42039,0.00278
1281.45616,0.00236
1280.49194,0.00180
1279.52771,0.00140
1278.56349,0.00124
1277.59926,0.00118
1276.63503,0.00114
1275.67081,0.00118
1274.70658,0.00136
1273.74236,0.00146
1272.77813,0.00119
1271.81390,0.00058
1270.84968,-0.00000
1269.88545,-0.00012
1268.92123,0.00026
1267.95700,0.00080
1266.99277,0.00106
1266.02855,0.00086
1265.06432,0.00029
1264.10010,-0.00033
1263.13587,-0.00064
1262.17165,-0.00044
1261.20742,0.00014
1260.24319,0.00069
1259.27897,0.00083
1258.31474,0.00059
1257.35052,0.00030
1256.38629,0.00027
1255.42206,0.00047
1254.45784,0.00062
1253.49361,0.00054
1252.52939,0.00033
1251.56516,0.00019
1250.60094,0.00016
1249.63671,0.00013
1248.67248,0.00004
1247.70826,-0.00009
1246.74403,-0.00016
1245.77981,-0.00012
1244.81558,0.00004
1243.85135,0.00037
1242.88713,0.00088
1241.92290,0.00151
1240.95868,0.00208
1239.99445,0.00242
1239.03023,0.00238
1238.06600,0.00187
1237.10177,0.00091
1236.13755,-0.00022
1235.17332,-0.00103
1234.20910,-0.00118
1233.24487,-0.00075
1232.28064,-0.00022
1231.31642,0.00001
1230.35219,-0.00008
1229.38797,-0.00021
1228.42374,-0.00022
1227.45951,-0.00018
1226.49529,-0.00026
1225.53106,-0.00044
1224.56684,-0.00054
1223.60261,-0.00040
1222.63839,0.00002
1221.67416,0.00067
1220.70993,0.00153
1219.74571,0.00253
1218.78148,0.00345
1217.81726,0.00401
1216.85303,0.00401
1215.88880,0.00348
1214.92458,0.00261
1213.96035,0.00162
1212.99613,0.00067
1212.03190,-0.00010
1211.06768,-0.00065
1210.10345,-0.00101
1209.13922,-0.00119
1208.17500,-0.00120
1207.21077,-0.00109
1206.24655,-0.00103
1205.28232,-0.00120
1204.31809,-0.00150
1203.35387,-0.00157
1202.38964,-0.00114
1201.42542,-0.00039
1200.46119,0.00019
1199.49697,0.00039
1198.53274,0.00053
1197.56851,0.00097
1196.60429,0.00157
1195.64006,0.00165
1194.67584,0.00078
1193.71161,-0.00067
1192.74738,-0.00188
1191.78316,-0.00236
1190.81893,-0.00231
1189.85471,-0.00215
1188.89048,-0.00185
1187.92625,-0.00114
1186.96203,-0.00005
1185.99780,0.00080
1185.03358,0.00072
1184.06935,-0.00042
1183.10513,-0.00206
1182.14090,-0.00347
1181.17667,-0.00422
1180.21245,-0.00429
1179.24822,-0.00381
1178.28400,-0.00295
1177.31977,-0.00192
1176.35554,-0.00097
1175.39132,-0.00039
1174.42709,-0.00042
1173.46287,-0.00114
1172.49864,-0.00229
1171.53442,-0.00337
1170.57019,-0.00391
1169.60596,-0.00378
1168.64174,-0.00318
1167.67751,-0.00232
1166.71329,-0.00119
1165.74906,0.00022
1164.78483,0.00157
1163.82061,0.00231
1162.85638,0.00222
1161.89216,0.00166
1160.92793,0.00124
1159.96370,0.00109
1158.99948,0.00081
1158.03525,0.00009
1157.07103,-0.00086
1156.10680,-0.00149
1155.14258,-0.00163
1154.17835,-0.00163
1153.21412,-0.00188
1152.24990,-0.00222
1151.28567,-0.00206
1150.32145,-0.00102
1149.35722,0.00061
1148.39299,0.00202
1147.42877,0.00235
1146.46454,0.00119
1145.50032,-0.00123
1144.53609,-0.00405
1143.57187,-0.00610
1142.60764,-0.00661
1141.64341,-0.00566
1140.67919,-0.00402
1139.71496,-0.00247
1138.75074,-0.00125
1137.78651,-0.00009
1136.82228,0.00118
1135.85806,0.00231
1134.89383,0.00282
1133.92961,0.00246
1132.96538,0.00146
1132.00116,0.00036
1131.03693,-0.00030
1130.07270,-0.00028
1129.10848,0.00023
1128.14425,0.00068
1127.18003,0.00056
1126.21580,-0.00032
1125.25157,-0.00167
1124.28735,-0.00294
1123.32312,-0.00366
1122.35890,-0.00368
1121.39467,-0.00316
1120.43044,-0.00244
1119.46622,-0.00177
1118.50199,-0.00106
1117.53777,-0.00006
1116.57354,0.00117
1115.60932,0.00194
1114.64509,0.00136
1113.68086,-0.00078
1112.71664,-0.00348
1111.75241,-0.00520
1110.78819,-0.00506
1109.82396,-0.00347
1108.85973,-0.00156
1107.89551,-0.00019
1106.93128,0.00044
1105.96706,0.00037
1105.00283,-0.00037
1104.03861,-0.00153
1103.07438,-0.00252
1102.11015,-0.00272
1101.14593,-0.00225
1100.18170,-0.00202
1099.21748,-0.00288
1098.25325,-0.00477
1097.28902,-0.00671
1096.32480,-0.00764
1095.36057,-0.00726
1094.39635,-0.00610
1093.43212,-0.00490
1092.46790,-0.00405
1091.50367,-0.00339
1090.53944,-0.00253
1089.57522,-0.00133
1088.61099,-0.00012
1087.64677,0.00058
1086.68254,0.00054
1085.71831,0.00016
1084.75409,0.00016
1083.78986,0.00090
1082.82564,0.00209
1081.86141,0.00299
1080.89718,0.00299
1079.93296,0.00192
1078.96873,0.00011
1078.00451,-0.00173
1077.04028,-0.00267
1076.07606,-0.00202
1075.11183,0.00012
1074.14760,0.00281
1073.18338,0.00487
1072.21915,0.00567
1071.25493,0.00532
1070.29070,0.00421
1069.32647,0.00249
1068.36225,0.00022
1067.39802,-0.00222
1066.43380,-0.00410
1065.46957,-0.00479
1064.50535,-0.00423
1063.54112,-0.00283
1062.57689,-0.00112
1061.61267,0.00042
1060.64844,0.00128
1059.68422,0.00105
1058.71999,-0.00014
1057.75576,-0.00154
1056.79154,-0.00230
1055.82731,-0.00212
1054.86309,-0.00131
1053.89886,-0.00031
1052.93463,0.00072
1051.97041,0.00170
1051.00618,0.00219
1050.04196,0.00166
1049.07773,0.00015
1048.11351,-0.00153
1047.14928,-0.00234
1046.18505,-0.00188
1045.22083,-0.00058
1044.25660,0.00083
1043.29238,0.00192
1042.32815,0.00257
1041.36392,0.00275
1040.39970,0.00238
1039.43547,0.00156
1038.47125,0.00061
1037.50702,-0.00021
1036.54280,-0.00098
1035.57857,-0.00186
1034.61434,-0.00276
1033.65012,-0.00325
1032.68589,-0.00302
1031.72167,-0.00221
1030.75744,-0.00130
1029.79321,-0.00063
1028.82899,-0.00019
1027.86476,0.00016
1026.90054,0.00034
1025.93631,0.00013
1024.97209,-0.00041
1024.00786,-0.00079
1023.04363,-0.00047
1022.07941,0.00063
1021.11518,0.00192
1020.15096,0.00267
1019.18673,0.00254
1018.22250,0.00174
1017.25828,0.00063
1016.29405,-0.00068
1015.32983,-0.00227
1014.36560,-0.00400
1013.40137,-0.00522
1012.43715,-0.00516
1011.47292,-0.00352
1010.50870,-0.00078
1009.54447,0.00219
1008.58025,0.00467
1007.61602,0.00631
1006.65179,0.00693
1005.68757,0.00646
1004.72334,0.00507
1003.75912,0.00341
1002.79489,0.00226
1001.83066,0.00199
1000.86644,0.00227
999.90221,0.00248
998.93799,0.00222
997.97376,0.00151
997.00954,0.00057
996.04531,-0.00035
995.08108,-0.00086
994.11686,-0.00053
993.15263,0.00062
992.18841,0.00181
991.22418,0.00191
990.25995,0.00041
989.29573,-0.00201
988.33150,-0.00391
987.36728,-0.00430
986.40305,-0.00330
985.43882,-0.00176
984.47460,-0.00047
983.51037,0.00027
982.54615,0.00057
981.58192,0.00059
980.61770,0.00044
979.65347,0.00026
978.68924,0.00026
977.72502,0.00056
976.76079,0.00095
975.79657,0.00089
974.83234,-0.00006
973.86811,-0.00170
972.90389,-0.00291
971.93966,-0.00244
970.97544,-0.00023
970.01121,0.00231
969.04699,0.00335
968.08276,0.00232
967.11853,0.00049
966.15431,-0.00038
965.19008,0.00030
964.22586,0.00148
963.26163,0.00174
962.29740,0.00057
961.33318,-0.00150
960.36895,-0.00358
959.40473,-0.00492
958.44050,-0.00501
957.47628,-0.00381
956.51205,-0.00199
955.54782,-0.00074
954.58360,-0.00070
953.61937,-0.00136
952.65515,-0.00167
951.69092,-0.00129
950.72669,-0.00091
949.76247,-0.00114
948.79824,-0.00153
947.83402,-0.00109
946.86979,0.00035
945.90556,0.00184
944.94134,0.00247
943.97711,0.00262
943.01289,0.00341
942.04866,0.00517
941.08444,0.00679
940.12021,0.00685
939.15598,0.00521
938.19176,0.00291
937.22753,0.00099
936.26331,-0.00038
935.29908,-0.00139
934.33485,-0.00170
933.37063,-0.00064
932.40640,0.00168
931.44218,0.00382
930.47795,0.00402
929.51373,0.00175
928.54950,-0.00164
927.58527,-0.00401
926.62105,-0.00412
925.65682,-0.00237
924.69260,-0.00013
923.72837,0.00160
922.76414,0.00287
921.79992,0.00417
920.83569,0.00549
919.87147,0.00609
918.90724,0.00529
917.94302,0.00342
916.97879,0.00157
916.01456,0.00057
915.05034,0.00025
914.08611,-0.00007
913.12189,-0.00068
912.15766,-0.00127
911.19343,-0.00148
910.22921,-0.00132
909.26498,-0.00089
908.30076,0.00003
907.33653,0.00169
906.37230,0.00374
905.40808,0.00530
904.44385,0.00591
903.47963,0.00592
902.51540,0.00591
901.55118,0.00566
900.58695,0.00438
899.62272,0.00208
898.65850,0.00011
897.69427,0.00004
896.73005,0.00185
895.76582,0.00376
894.80159,0.00396
893.83737,0.00257
892.87314,0.00143
891.90892,0.00228
890.94469,0.00517
889.98047,0.00846
889.01624,0.01010
888.05201,0.00902
887.08779,0.00564
886.12356,0.00140
885.15934,-0.00215
884.19511,-0.00430
883.23088,-0.00530
882.26666,-0.00566
881.30243,-0.00554
880.33821,-0.00480
879.37398,-0.00361
878.40975,-0.00261
877.44553,-0.00235
876.48130,-0.00268
875.51708,-0.00300
874.55285,-0.00292
873.58863,-0.00265
872.62440,-0.00241
871.66017,-0.00207
870.69595,-0.00126
869.73172,0.00010
868.76750,0.00184
867.80327,0.00396
866.83904,0.00648
865.87482,0.00875
864.91059,0.00913
863.94637,0.00622
862.98214,0.00053
862.01792,-0.00527
861.05369,-0.00834
860.08946,-0.00797
859.12524,-0.00571
858.16101,-0.00347
857.19679,-0.00196
856.23256,-0.00082
855.26833,0.00017
854.30411,0.00064
853.33988,0.00035
852.37566,-0.00035
851.41143,-0.00100
850.44721,-0.00185
849.48298,-0.00352
848.51875,-0.00571
847.55453,-0.00674
846.59030,-0.00491
845.62608,-0.00045
844.66185,0.00436
843.69762,0.00722
842.73340,0.00782
841.76917,0.00760
840.80495,0.00762
839.84072,0.00718
838.87649,0.00468
837.91227,-0.00043
836.94804,-0.00676
835.98382,-0.01196
835.01959,-0.01442
834.05537,-0.01380
833.09114,-0.01068
832.12691,-0.00625
831.16269,-0.00239
830.19846,-0.00100
829.23424,-0.00237
828.27001,-0.00444
827.30578,-0.00440
826.34156,-0.00139
825.37733,0.00243
824.41311,0.00417
823.44888,0.00321
822.48466,0.00172
821.52043,0.00211
820.55620,0.00451
819.59198,0.00664
818.62775,0.00617
817.66353,0.00265
816.69930,-0.00234
815.73507,-0.00635
814.77085,-0.00734
813.80662,-0.00482
812.84240,-0.00019
811.87817,0.00414
810.91395,0.00634
809.94972,0.00623
808.98549,0.00470
808.02127,0.00246
807.05704,-0.00051
806.09282,-0.00412
805.12859,-0.00727
804.16436,-0.00838
803.20014,-0.00679
802.23591,-0.00326
801.27169,0.00087
800.30746,0.00467
799.34323,0.00743
798.37901,0.00819
797.41478,0.00635
796.45056,0.00286
795.48633,0.00027
794.52211,0.00061
793.55788,0.00331
792.59365,0.00564
791.62943,0.00528
790.66520,0.00235
789.70098,-0.00105
788.73675,-0.00285
787.77252,-0.00249
786.80830,-0.00071
785.84407,0.00134
784.87985,0.00266
783.91562,0.00275
782.95140,0.00178
781.98717,0.00046
781.02294,-0.00066
780.05872,-0.00167
779.09449,-0.00306
778.13027,-0.00471
777.16604,-0.00559
776.20181,-0.00471
775.23759,-0.00234
774.27336,0.00009
773.30914,0.00130
772.34491,0.00136
771.38068,0.00156
770.41646,0.00306
769.45223,0.00576
768.48801,0.00825
767.52378,0.00887
766.55956,0.00698
765.59533,0.00347
764.63110,0.00029
763.66688,-0.00069
762.70265,0.00120
761.73843,0.00501
760.77420,0.00875
759.80997,0.01051
758.84575,0.00938
757.88152,0.00587
756.91730,0.00170
755.95307,-0.00119
754.98885,-0.00193
754.02462,-0.00130
753.06039,-0.00090
752.09617,-0.00140
751.13194,-0.00195
750.16772,-0.00113
749.20349,0.00132
748.23926,0.00407
747.27504,0.00540
746.31081,0.00463
745.34659,0.00228
744.38236,-0.00071
743.41814,-0.00361
742.45391,-0.00570
741.48968,-0.00626
740.52546,-0.00509
739.56123,-0.00296
738.59701,-0.00127
737.63278,-0.00102
736.66855,-0.00223
735.70433,-0.00411
734.74010,-0.00542
733.77588,-0.00499
732.81165,-0.00243
731.84742,0.00106
730.88320,0.00316
729.91897,0.00260
728.95475,0.00086
727.99052,0.00102
727.02630,0.00449
726.06207,0.00903
725.09784,0.01076
724.13362,0.00820
723.16939,0.00405
722.20517,0.00246
721.24094,0.00481
720.27671,0.00859
719.31249,0.01025
718.34826,0.00854
717.38404,0.00510
716.41981,0.00249
715.45559,0.00195
714.49136,0.00295
713.52713,0.00403
712.56291,0.00413
711.59868,0.00326
710.63446,0.00217
709.67023,0.00152
708.70600,0.00117
707.74178,0.00051
706.77755,-0.00059
705.81333,-0.00135
704.84910,-0.00092
703.88487,0.00065
702.92065,0.00232
701.95642,0.00331
700.99220,0.00392
700.02797,0.00490
699.06375,0.00620
698.09952,0.00677
697.13529,0.00580
696.17107,0.00391
695.20684,0.00259
694.24262,0.00264
693.27839,0.00329
692.31416,0.00313
691.34994,0.00147
690.38571,-0.00140
689.42149,-0.00475
688.45726,-0.00776
687.49304,-0.00937
686.52881,-0.00861
685.56458,-0.00567
684.60036,-0.00242
683.63613,-0.00113
682.67191,-0.00255
681.70768,-0.00529
680.74345,-0.00719
679.77923,-0.00727
678.81500,-0.00608
677.85078,-0.00448
676.88655,-0.00245
675.92233,0.00040
674.95810,0.00364
673.99387,0.00558
673.02965,0.00459
672.06542,0.00078
671.10120,-0.00359
670.13697,-0.00587
669.17274,-0.00513
668.20852,-0.00302
667.24429,-0.00258
666.28007,-0.00535
665.31584,-0.00969
664.35161,-0.01256
663.38739,-0.01204
662.42316,-0.00846
661.45894,-0.00406
660.49471,-0.00127
659.53049,-0.00083
658.56626,-0.00146
657.60203,-0.00110
656.63781,0.00129
655.67358,0.00454
654.70936,0.00610
653.74513,0.00448
652.78090,0.00091
651.81668,-0.00163
650.85245,-0.00126
649.88823,0.00104
648.92400,0.00287
647.95978,0.00322
646.99555,0.00344
646.03132,0.00519
645.06710,0.00803
644.10287,0.00947
643.13865,0.00743
642.17442,0.00244
641.21019,-0.00279
640.24597,-0.00557
639.28174,-0.00481
638.31752,-0.00117
637.35329,0.00353
636.38907,0.00721
635.42484,0.00857
634.46061,0.00815
633.49639,0.00826
632.53216,0.01076
631.56794,0.01481
630.60371,0.01723
629.63948,0.01533
628.67526,0.00930
627.71103,0.00192
626.74681,-0.00378
625.78258,-0.00612
624.81835,-0.00478
623.85413,-0.00065
622.88990,0.00429
621.92568,0.00761
620.96145,0.00764
619.99723,0.00450
619.03300,-0.00036
618.06877,-0.00528
617.10455,-0.00891
616.14032,-0.00989
615.17610,-0.00724
614.21187,-0.00187
613.24764,0.00312
612.28342,0.00447
611.31919,0.00157
610.35497,-0.00304
609.39074,-0.00609
608.42652,-0.00606
607.46229,-0.00356
606.49806,0.00013
605.53384,0.00329
604.56961,0.00385
603.60539,0.00093
602.64116,-0.00324
601.67693,-0.00458
600.71271,-0.00129
599.74848,0.00335
598.78426,0.00443
597.82003,0.00049
596.85580,-0.00565
595.89158,-0.01084
594.92735,-0.01555
593.96313,-0.02181
592.99890,-0.02847
592.03468,-0.03056
591.07045,-0.02468
590.10622,-0.01365
589.14200,-0.00389
588.17777,0.00135
587.21355,0.00421
586.24932,0.00780
585.28509,0.01123
584.32087,0.01057
583.35664,0.00435
582.39242,-0.00336
581.42819,-0.00639
580.46397,-0.00243
579.49974,0.00478
578.53551,0.00938
577.57129,0.00894
576.60706,0.00605
575.64284,0.00412
574.67861,0.00344
573.71438,0.00146
572.75016,-0.00294
571.78593,-0.00666
570.82171,-0.00498
569.85748,0.00293
568.89326,0.01125
567.92903,0.01165
566.96480,0.00136
566.00058,-0.01322
565.03635,-0.02160
564.07213,-0.01786
563.10790,-0.00353
562.14367,0.01726
561.17945,0.04143
560.21522,0.06682
559.25100,0.08757
558.28677,0.09479
557.32254,0.08484
556.35832,0.06194
555.39409,0.03221
554.42987,0.00084
553.46564,-0.02577
552.50142,-0.03759
551.53719,-0.02899
550.57296,-0.00768
549.60874,0.01026
548.64451,0.01343
547.68029,0.00784
546.71606,0.00479
545.75183,0.00520
544.78761,0.00195
543.82338,-0.00717
542.85916,-0.00674
541.89493,0.01201
540.93071,0.03825
539.96648,0.06050
539.00225,0.08009
538.03803,0.12508
537.07380,0.20014
536.10958,0.25111
535.14535,0.22096
534.18112,0.12874
533.21690,0.02552
532.25267,-0.04853
531.28845,-0.07559
530.32422,-0.05509
529.36000,-0.00090
528.39577,0.05458
527.43154,0.06353
526.46732,-0.00512
525.50309,-0.10341
524.53887,-0.15992
523.57464,-0.14207
522.61041,-0.04478
521.64619,0.08052
520.68196,0.16731
519.71774,0.18072
518.75351,0.12494
517.78928,0.03513
516.82506,-0.02250
515.86083,0.01254
514.89661,0.13945
513.93238,0.27907
512.96816,0.37241
512.00393,0.41035
511.03970,0.39295
510.07548,0.30032
509.11125,0.16401
508.14703,0.06469
507.18280,0.04295
506.21857,0.09116
505.25435,0.14189
504.29012,0.13555
503.32590,0.09862
502.36167,0.06514
501.39745,0.04642
500.43322,0.03869
499.46899,0.01914
498.50477,0.00043
497.54054,0.01056
496.57632,0.05639
495.61209,0.12018
494.64786,0.14751
493.68364,0.10862
492.71941,0.06238
491.75519,0.07057
490.79096,0.14110
489.82673,0.24668
488.86251,0.33921
487.89828,0.38053
486.93406,0.33888
485.96983,0.23896
485.00561,0.14565
484.04138,0.07625
483.07715,0.02908
482.11293,0.00744
481.14870,0.02451
480.18448,0.08528
479.22025,0.16232
478.25602,0.21819
477.29180,0.23889
476.32757,0.22197
475.36335,0.15883
474.39912,0.03252
473.43490,-0.14696
472.47067,-0.31149
471.50644,-0.39392
470.54222,-0.36765
469.57799,-0.23717
468.61377,-0.03230
467.64954,0.13194
466.68531,0.16634
465.72109,0.13955
464.75686,0.11519
463.79264,0.10260
462.82841,0.09098
461.86419,0.07600
460.89996,0.04527
459.93573,0.01241
458.97151,0.02275
458.00728,0.10979
457.04306,0.25022
456.07883,0.34530
455.11460,0.34931
454.15038,0.30279
453.18615,0.21286
452.22193,0.12029
451.25770,0.08674
450.29347,0.10945
449.32925,0.14129
448.36502,0.15364
447.40080,0.12315
446.43657,0.05780
445.47235,-0.00139
444.50812,0.04902
443.54389,0.20967
442.57967,0.32267
441.61544,0.32555
440.65122,0.26317
439.68699,0.15430
438.72276,0.04609
437.75854,-0.01666
436.79431,-0.02792
435.83009,-0.00284
434.86586,0.05333
433.90164,0.11562
432.93741,0.17470
431.97318,0.22476
431.00896,0.28801
430.04473,0.34974
429.08051,0.30369
428.11628,-0.03276
427.15205,-0.35700
426.18783,-0.31702
425.22360,-0.14426
424.25938,-0.01820
423.29515,0.02506
422.33092,0.06498
421.36670,0.16398
420.40247,0.32560
419.43825,0.43877
418.47402,0.35066
417.50980,0.11502
416.54557,-0.11335
415.58134,-0.24471
414.61712,-0.26998
413.65289,-0.24710
412.68867,-0.21901
411.72444,-0.17642
410.76021,-0.07804
409.79599,0.09794
408.83176,0.13923
407.86754,0.03436
406.90331,-0.01946
405.93909,0.02542
404.97486,0.15474
404.01063,0.35613
403.04641,0.46939
402.08218,0.40708
401.11796,0.19049
400.15373,-0.01883
399.18950,-0.10561
398.22528,-0.07500
397.26105,-0.03067
396.29683,-0.04931
395.33260,-0.12676
394.36838,-0.20001
393.40415,-0.21223
392.43992,-0.16942
391.47570,-0.08088
390.51147,0.01370
389.54725,0.05988
388.58302,0.03779
387.61879,-0.05460
386.65457,-0.18495
385.69034,-0.32216
384.72612,-0.38351
383.76189,-0.31184
382.79766,-0.16208
381.83344,-0.01660
380.86921,0.06745
379.90499,0.07583
378.94076,0.04173
377.97654,0.03481
377.01231,0.10159
376.04808,0.20591
375.08386,0.29433
374.11963,0.30891
373.15541,0.23078
372.19118,0.15785
371.22695,0.18694
370.26273,0.28442
369.29850,0.34221
368.33428,0.32617
367.37005,0.25957
366.40583,0.15511
365.44160,0.00980
364.47737,-0.20730
363.51315,-0.39169
362.54892,-0.43610
361.58470,-0.48191
360.62047,-0.33685
359.65624,-0.07989
358.69202,0.06310
357.72779,0.12317
356.76357,0.22794
355.79934,0.41144
354.83512,0.55509
353.87089,0.48960
352.90666,0.25627
351.94244,0.14189
350.97821,0.11533
350.01399,0.08905
349.04976,0.06179
