3946.57643,0.00341
3945.61220,0.00232
3944.64798,0.00130
3943.68375,0.00086
3942.71953,0.00108
3941.75530,0.00151
3940.79107,0.00166
3939.82685,0.00143
3938.86262,0.00103
3937.89840,0.00063
3936.93417,0.00030
3935.96994,0.00015
3935.00572,0.00041
3934.04149,0.00111
3933.07727,0.00186
3932.11304,0.00210
3931.14882,0.00164
3930.18459,0.00086
3929.22036,0.00037
3928.25614,0.00043
3927.29191,0.00084
3926.32769,0.00120
3925.36346,0.00122
3924.39923,0.00082
3923.43501,0.00006
3922.47078,-0.00081
3921.50656,-0.00136
3920.54233,-0.00126
3919.57811,-0.00058
3918.61388,0.00020
3917.64965,0.00063
3916.68543,0.00071
3915.72120,0.00075
3914.75698,0.00092
3913.79275,0.00102
3912.82852,0.00077
3911.86430,0.00025
3910.90007,-0.00015
3909.93585,-0.00005
3908.97162,0.00051
3908.00739,0.00122
3907.04317,0.00182
3906.07894,0.00228
3905.11472,0.00264
3904.15049,0.00288
3903.18627,0.00283
3902.22204,0.00237
3901.25781,0.00151
3900.29359,0.00050
3899.32936,-0.00027
3898.36514,-0.00042
3897.40091,0.00013
3896.43668,0.00106
3895.47246,0.00186
3894.50823,0.00218
3893.54401,0.00203
3892.57978,0.00155
3891.61556,0.00085
3890.65133,-0.00005
3889.68710,-0.00099
3888.72288,-0.00161
3887.75865,-0.00151
3886.79443,-0.00069
3885.83020,0.00038
3884.86597,0.00106
3883.90175,0.00104
3882.93752,0.00055
3881.97330,0.00012
3881.00907,0.00011
3880.04485,0.00046
3879.08062,0.00079
3878.11639,0.00081
3877.15217,0.00054
3876.18794,0.00021
3875.22372,0.00001
3874.25949,-0.00012
3873.29526,-0.00037
3872.33104,-0.00084
3871.36681,-0.00136
3870.40259,-0.00162
3869.43836,-0.00142
3868.47413,-0.00079
3867.50991,0.00003
3866.54568,0.00076
3865.58146,0.00122
3864.61723,0.00132
3863.65301,0.00111
3862.68878,0.00068
3861.72455,0.00007
3860.76033,-0.00068
3859.79610,-0.00151
3858.83188,-0.00222
3857.86765,-0.00254
3856.90342,-0.00238
3855.93920,-0.00188
3854.97497,-0.00131
3854.01075,-0.00085
3853.04652,-0.00048
3852.08230,-0.00013
3851.11807,0.00011
3850.15384,-0.00002
3849.18962,-0.00063
3848.22539,-0.00150
3847.26117,-0.00211
3846.29694,-0.00201
3845.33271,-0.00120
3844.36849,-0.00007
3843.40426,0.00079
3842.44004,0.00108
3841.47581,0.00089
3840.51159,0.00055
3839.54736,0.00034
3838.58313,0.00029
3837.61891,0.00025
3836.65468,0.00007
3835.69046,-0.00024
3834.72623,-0.00057
3833.76200,-0.00088
3832.79778,-0.00119
3831.83355,-0.00149
3830.86933,-0.00165
3829.90510,-0.00156
3828.94087,-0.00126
3827.97665,-0.00096
3827.01242,-0.00086
3826.04820,-0.00099
3825.08397,-0.00116
3824.11975,-0.00114
3823.15552,-0.00080
3822.19129,-0.00019
3821.22707,0.00042
3820.26284,0.00068
3819.29862,0.00039
3818.33439,-0.00031
3817.37016,-0.00104
3816.40594,-0.00137
3815.44171,-0.00115
3814.47749,-0.00053
3813.51326,0.00021
3812.54904,0.00082
3811.58481,0.00112
3810.62058,0.00099
3809.65636,0.00051
3808.69213,-0.00004
3807.72791,-0.00021
3806.76368,0.00021
3805.79945,0.00095
3804.83523,0.00151
3803.87100,0.00155
3802.90678,0.00115
3801.94255,0.00065
3800.97832,0.00035
3800.01410,0.00024
3799.04987,0.00011
3798.08565,-0.00013
3797.12142,-0.00042
3796.15720,-0.00059
3795.19297,-0.00050
3794.22874,-0.00019
3793.26452,0.00022
3792.30029,0.00062
3791.33607,0.00096
3790.37184,0.00127
3789.40761,0.00153
3788.44339,0.00162
3787.47916,0.00138
3786.51494,0.00081
3785.55071,0.00011
3784.58649,-0.00041
3783.62226,-0.00060
3782.65803,-0.00047
3781.69381,-0.00009
3780.72958,0.00054
3779.76536,0.00135
3778.80113,0.00214
3777.83690,0.00254
3776.87268,0.00238
3775.90845,0.00186
3774.94423,0.00139
3773.98000,0.00120
3773.01578,0.00116
3772.05155,0.00098
3771.08732,0.00051
3770.12310,-0.00009
3769.15887,-0.00057
3768.19465,-0.00081
3767.23042,-0.00088
3766.26619,-0.00082
3765.30197,-0.00060
3764.33774,-0.00017
3763.37352,0.00038
3762.40929,0.00083
3761.44506,0.00093
3760.48084,0.00059
3759.51661,-0.00002
3758.55239,-0.00056
3757.58816,-0.00071
3756.62394,-0.00041
3755.65971,0.00013
3754.69548,0.00059
3753.73126,0.00083
3752.76703,0.00096
3751.80281,0.00110
3750.83858,0.00125
3749.87435,0.00126
3748.91013,0.00106
3747.94590,0.00078
3746.98168,0.00062
3746.01745,0.00061
3745.05323,0.00059
3744.08900,0.00039
3743.12477,0.00005
3742.16055,-0.00025
3741.19632,-0.00031
3740.23210,-0.00009
3739.26787,0.00035
3738.30364,0.00086
3737.33942,0.00126
3736.37519,0.00139
3735.41097,0.00127
3734.44674,0.00107
3733.48251,0.00095
3732.51829,0.00093
3731.55406,0.00083
3730.58984,0.00056
3729.62561,0.00026
3728.66139,0.00020
3727.69716,0.00048
3726.73293,0.00090
3725.76871,0.00113
3724.80448,0.00106
3723.84026,0.00084
3722.87603,0.00074
3721.91180,0.00080
3720.94758,0.00086
3719.98335,0.00074
3719.01913,0.00047
3718.05490,0.00021
3717.09068,0.00012
3716.12645,0.00018
3715.16222,0.00026
3714.19800,0.00024
3713.23377,0.00013
3712.26955,0.00004
3711.30532,0.00011
3710.34109,0.00037
3709.37687,0.00070
3708.41264,0.00086
3707.44842,0.00066
3706.48419,0.00015
3705.51997,-0.00043
3704.55574,-0.00078
3703.59151,-0.00073
3702.62729,-0.00041
3701.66306,-0.00001
3700.69884,0.00035
3699.73461,0.00070
3698.77038,0.00108
3697.80616,0.00137
3696.84193,0.00139
3695.87771,0.00110
3694.91348,0.00067
3693.94925,0.00033
3692.98503,0.00015
3692.02080,-0.00002
3691.05658,-0.00028
3690.09235,-0.00046
3689.12813,-0.00030
3688.16390,0.00029
3687.19967,0.00105
3686.23545,0.00164
3685.27122,0.00193
3684.30700,0.00202
3683.34277,0.00201
3682.37854,0.00187
3681.41432,0.00154
3680.45009,0.00116
3679.48587,0.00098
3678.52164,0.00113
3677.55742,0.00144
3676.59319,0.00159
3675.62896,0.00147
3674.66474,0.00134
3673.70051,0.00146
3672.73629,0.00186
3671.77206,0.00223
3670.80783,0.00232
3669.84361,0.00216
3668.87938,0.00196
3667.91516,0.00191
3666.95093,0.00195
3665.98671,0.00190
3665.02248,0.00172
3664.05825,0.00153
3663.09403,0.00153
3662.12980,0.00176
3661.16558,0.00213
3660.20135,0.00258
3659.23712,0.00314
3658.27290,0.00385
3657.30867,0.00457
3656.34445,0.00504
3655.38022,0.00509
3654.41599,0.00475
3653.45177,0.00422
3652.48754,0.00367
3651.52332,0.00313
3650.55909,0.00268
3649.59487,0.00242
3648.63064,0.00239
3647.66641,0.00244
3646.70219,0.00236
3645.73796,0.00216
3644.77374,0.00216
3643.80951,0.00264
3642.84528,0.00352
3641.88106,0.00427
3640.91683,0.00442
3639.95261,0.00392
3638.98838,0.00317
3638.02416,0.00265
3637.05993,0.00257
3636.09570,0.00282
3635.13148,0.00317
3634.16725,0.00336
3633.20303,0.00326
3632.23880,0.00299
3631.27457,0.00284
3630.31035,0.00314
3629.34612,0.00387
3628.38190,0.00462
3627.41767,0.00491
3626.45344,0.00461
3625.48922,0.00400
3624.52499,0.00349
3623.56077,0.00331
3622.59654,0.00346
3621.63232,0.00383
3620.66809,0.00430
3619.70386,0.00470
3618.73964,0.00488
3617.77541,0.00480
3616.81119,0.00457
3615.84696,0.00441
3614.88273,0.00445
3613.91851,0.00465
3612.95428,0.00489
3611.99006,0.00506
3611.02583,0.00507
3610.06161,0.00492
3609.09738,0.00468
3608.13315,0.00445
3607.16893,0.00425
3606.20470,0.00410
3605.24048,0.00404
3604.27625,0.00419
3603.31202,0.00456
3602.34780,0.00498
3601.38357,0.00518
3600.41935,0.00510
3599.45512,0.00497
3598.49090,0.00494
3597.52667,0.00486
3596.56244,0.00440
3595.59822,0.00358
3594.63399,0.00301
3593.66977,0.00330
3592.70554,0.00445
3591.74131,0.00571
3590.77709,0.00633
3589.81286,0.00621
3588.84864,0.00583
3587.88441,0.00564
3586.92018,0.00564
3585.95596,0.00555
3584.99173,0.00530
3584.02751,0.00504
3583.06328,0.00493
3582.09906,0.00499
3581.13483,0.00520
3580.17060,0.00554
3579.20638,0.00599
3578.24215,0.00634
3577.27793,0.00636
3576.31370,0.00603
3575.34947,0.00561
3574.38525,0.00536
3573.42102,0.00535
3572.45680,0.00546
3571.49257,0.00562
3570.52835,0.00586
3569.56412,0.00616
3568.59989,0.00631
3567.63567,0.00607
3566.67144,0.00548
3565.70722,0.00486
3564.74299,0.00455
3563.77876,0.00465
3562.81454,0.00494
3561.85031,0.00516
3560.88609,0.00522
3559.92186,0.00518
3558.95764,0.00517
3557.99341,0.00524
3557.02918,0.00537
3556.06496,0.00548
3555.10073,0.00555
3554.13651,0.00561
3553.17228,0.00569
3552.20805,0.00578
3551.24383,0.00579
3550.27960,0.00566
3549.31538,0.00540
3548.35115,0.00511
3547.38692,0.00485
3546.42270,0.00466
3545.45847,0.00454
3544.49425,0.00450
3543.53002,0.00453
3542.56580,0.00465
3541.60157,0.00487
3540.63734,0.00520
3539.67312,0.00559
3538.70889,0.00594
3537.74467,0.00614
3536.78044,0.00628
3535.81621,0.00657
3534.85199,0.00712
3533.88776,0.00774
3532.92354,0.00803
3531.95931,0.00777
3530.99509,0.00719
3530.03086,0.00677
3529.06663,0.00673
3528.10241,0.00684
3527.13818,0.00671
3526.17396,0.00625
3525.20973,0.00576
3524.24550,0.00554
3523.28128,0.00558
3522.31705,0.00564
3521.35283,0.00559
3520.38860,0.00560
3519.42437,0.00587
3518.46015,0.00634
3517.49592,0.00665
3516.53170,0.00654
3515.56747,0.00611
3514.60325,0.00571
3513.63902,0.00559
3512.67479,0.00570
3511.71057,0.00586
3510.74634,0.00597
3509.78212,0.00603
3508.81789,0.00603
3507.85366,0.00588
3506.88944,0.00559
3505.92521,0.00538
3504.96099,0.00552
3503.99676,0.00597
3503.03254,0.00642
3502.06831,0.00655
3501.10408,0.00642
3500.13986,0.00644
3499.17563,0.00693
3498.21141,0.00777
3497.24718,0.00844
3496.28295,0.00847
3495.31873,0.00780
3494.35450,0.00678
3493.39028,0.00598
3492.42605,0.00580
3491.46183,0.00634
3490.49760,0.00731
3489.53337,0.00823
3488.56915,0.00865
3487.60492,0.00840
3486.64070,0.00763
3485.67647,0.00667
3484.71224,0.00584
3483.74802,0.00537
3482.78379,0.00536
3481.81957,0.00576
3480.85534,0.00634
3479.89111,0.00684
3478.92689,0.00705
3477.96266,0.00699
3476.99844,0.00678
3476.03421,0.00652
3475.06999,0.00627
3474.10576,0.00606
3473.14153,0.00600
3472.17731,0.00622
3471.21308,0.00681
3470.24886,0.00771
3469.28463,0.00871
3468.32040,0.00941
3467.35618,0.00943
3466.39195,0.00871
3465.42773,0.00760
3464.46350,0.00668
3463.49928,0.00630
3462.53505,0.00638
3461.57082,0.00661
3460.60660,0.00687
3459.64237,0.00731
3458.67815,0.00805
3457.71392,0.00889
3456.74969,0.00943
3455.78547,0.00946
3454.82124,0.00910
3453.85702,0.00859
3452.89279,0.00803
3451.92856,0.00744
3450.96434,0.00698
3450.00011,0.00697
3449.03589,0.00755
3448.07166,0.00842
3447.10744,0.00901
3446.14321,0.00890
3445.17898,0.00822
3444.21476,0.00744
3443.25053,0.00700
3442.28631,0.00695
3441.32208,0.00705
3440.35785,0.00707
3439.39363,0.00698
3438.42940,0.00695
3437.46518,0.00713
3436.50095,0.00748
3435.53673,0.00785
3434.57250,0.00819
3433.60827,0.00861
3432.64405,0.00922
3431.67982,0.00990
3430.71560,0.01031
3429.75137,0.01019
3428.78714,0.00958
3427.82292,0.00878
3426.85869,0.00808
3425.89447,0.00759
3424.93024,0.00730
3423.96602,0.00721
3423.00179,0.00733
3422.03756,0.00756
3421.07334,0.00779
3420.10911,0.00797
3419.14489,0.00813
3418.18066,0.00825
3417.21643,0.00814
3416.25221,0.00771
3415.28798,0.00711
3414.32376,0.00669
3413.35953,0.00664
3412.39530,0.00683
3411.43108,0.00701
3410.46685,0.00717
3409.50263,0.00755
3408.53840,0.00829
3407.57418,0.00916
3406.60995,0.00973
3405.64572,0.00979
3404.68150,0.00948
3403.71727,0.00906
3402.75305,0.00862
3401.78882,0.00814
3400.82459,0.00770
3399.86037,0.00755
3398.89614,0.00792
3397.93192,0.00873
3396.96769,0.00961
3396.00347,0.01015
3395.03924,0.01021
3394.07501,0.00991
3393.11079,0.00950
3392.14656,0.00919
3391.18234,0.00910
3390.21811,0.00928
3389.25388,0.00966
3388.28966,0.01003
3387.32543,0.01012
3386.36121,0.00977
3385.39698,0.00912
3384.43276,0.00845
3383.46853,0.00803
3382.50430,0.00787
3381.54008,0.00784
3380.57585,0.00784
3379.61163,0.00799
3378.64740,0.00835
3377.68317,0.00878
3376.71895,0.00893
3375.75472,0.00856
3374.79050,0.00781
3373.82627,0.00706
3372.86204,0.00664
3371.89782,0.00660
3370.93359,0.00678
3369.96937,0.00703
3369.00514,0.00728
3368.04092,0.00746
3367.07669,0.00751
3366.11246,0.00745
3365.14824,0.00744
3364.18401,0.00759
3363.21979,0.00788
3362.25556,0.00809
3361.29133,0.00811
3360.32711,0.00796
3359.36288,0.00772
3358.39866,0.00734
3357.43443,0.00675
3356.47021,0.00607
3355.50598,0.00561
3354.54175,0.00568
3353.57753,0.00630
3352.61330,0.00710
3351.64908,0.00772
3350.68485,0.00797
3349.72062,0.00795
3348.75640,0.00777
3347.79217,0.00749
3346.82795,0.00715
3345.86372,0.00684
3344.89949,0.00667
3343.93527,0.00670
3342.97104,0.00688
3342.00682,0.00715
3341.04259,0.00745
3340.07837,0.00775
3339.11414,0.00793
3338.14991,0.00791
3337.18569,0.00774
3336.22146,0.00765
3335.25724,0.00791
3334.29301,0.00852
3333.32878,0.00918
3332.36456,0.00950
3331.40033,0.00934
3330.43611,0.00891
3329.47188,0.00855
3328.50766,0.00839
3327.54343,0.00834
3326.57920,0.00823
3325.61498,0.00805
3324.65075,0.00794
3323.68653,0.00799
3322.72230,0.00818
3321.75807,0.00839
3320.79385,0.00859
3319.82962,0.00876
3318.86540,0.00893
3317.90117,0.00910
3316.93695,0.00934
3315.97272,0.00965
3315.00849,0.00994
3314.04427,0.00995
3313.08004,0.00952
3312.11582,0.00873
3311.15159,0.00793
3310.18736,0.00753
3309.22314,0.00767
3308.25891,0.00821
3307.29469,0.00887
3306.33046,0.00942
3305.36623,0.00974
3304.40201,0.00980
3303.43778,0.00969
3302.47356,0.00953
3301.50933,0.00942
3300.54511,0.00928
3299.58088,0.00890
3298.61665,0.00814
3297.65243,0.00714
3296.68820,0.00633
3295.72398,0.00613
3294.75975,0.00666
3293.79552,0.00766
3292.83130,0.00858
3291.86707,0.00893
3290.90285,0.00855
3289.93862,0.00768
3288.97440,0.00679
3288.01017,0.00628
3287.04594,0.00626
3286.08172,0.00659
3285.11749,0.00704
3284.15327,0.00745
3283.18904,0.00773
3282.22481,0.00781
3281.26059,0.00766
3280.29636,0.00741
3279.33214,0.00723
3278.36791,0.00718
3277.40369,0.00712
3276.43946,0.00681
3275.47523,0.00628
3274.51101,0.00585
3273.54678,0.00588
3272.58256,0.00637
3271.61833,0.00694
3270.65410,0.00720
3269.68988,0.00709
3268.72565,0.00686
3267.76143,0.00684
3266.79720,0.00710
3265.83297,0.00751
3264.86875,0.00791
3263.90452,0.00813
3262.94030,0.00805
3261.97607,0.00767
3261.01185,0.00717
3260.04762,0.00694
3259.08339,0.00717
3258.11917,0.00769
3257.15494,0.00807
3256.19072,0.00801
3255.22649,0.00765
3254.26226,0.00734
3253.29804,0.00726
3252.33381,0.00728
3251.36959,0.00715
3250.40536,0.00687
3249.44114,0.00663
3248.47691,0.00653
3247.51268,0.00652
3246.54846,0.00642
3245.58423,0.00623
3244.62001,0.00607
3243.65578,0.00604
3242.69155,0.00610
3241.72733,0.00616
3240.76310,0.00622
3239.79888,0.00632
3238.83465,0.00647
3237.87042,0.00656
3236.90620,0.00654
3235.94197,0.00650
3234.97775,0.00655
3234.01352,0.00668
3233.04930,0.00676
3232.08507,0.00669
3231.12084,0.00655
3230.15662,0.00648
3229.19239,0.00653
3228.22817,0.00653
3227.26394,0.00632
3226.29971,0.00586
3225.33549,0.00536
3224.37126,0.00509
3223.40704,0.00516
3222.44281,0.00548
3221.47859,0.00580
3220.51436,0.00597
3219.55013,0.00595
3218.58591,0.00584
3217.62168,0.00576
3216.65746,0.00584
3215.69323,0.00617
3214.72900,0.00666
3213.76478,0.00702
3212.80055,0.00696
3211.83633,0.00643
3210.87210,0.00575
3209.90788,0.00543
3208.94365,0.00570
3207.97942,0.00626
3207.01520,0.00660
3206.05097,0.00641
3205.08675,0.00583
3204.12252,0.00528
3203.15829,0.00502
3202.19407,0.00503
3201.22984,0.00510
3200.26562,0.00510
3199.30139,0.00509
3198.33716,0.00521
3197.37294,0.00548
3196.40871,0.00584
3195.44449,0.00613
3194.48026,0.00625
3193.51604,0.00626
3192.55181,0.00629
3191.58758,0.00642
3190.62336,0.00657
3189.65913,0.00658
3188.69491,0.00645
3187.73068,0.00640
3186.76645,0.00664
3185.80223,0.00703
3184.83800,0.00718
3183.87378,0.00679
3182.90955,0.00600
3181.94533,0.00531
3180.98110,0.00513
3180.01687,0.00537
3179.05265,0.00562
3178.08842,0.00552
3177.12420,0.00503
3176.15997,0.00447
3175.19574,0.00417
3174.23152,0.00432
3173.26729,0.00488
3172.30307,0.00557
3171.33884,0.00612
3170.37461,0.00640
3169.41039,0.00645
3168.44616,0.00637
3167.48194,0.00617
3166.51771,0.00583
3165.55349,0.00537
3164.58926,0.00491
3163.62503,0.00462
3162.66081,0.00455
3161.69658,0.00469
3160.73236,0.00503
3159.76813,0.00549
3158.80390,0.00592
3157.83968,0.00608
3156.87545,0.00587
3155.91123,0.00550
3154.94700,0.00529
3153.98278,0.00538
3153.01855,0.00556
3152.05432,0.00556
3151.09010,0.00533
3150.12587,0.00500
3149.16165,0.00471
3148.19742,0.00443
3147.23319,0.00414
3146.26897,0.00394
3145.30474,0.00393
3144.34052,0.00403
3143.37629,0.00405
3142.41207,0.00393
3141.44784,0.00383
3140.48361,0.00394
3139.51939,0.00427
3138.55516,0.00460
3137.59094,0.00477
3136.62671,0.00478
3135.66248,0.00474
3134.69826,0.00468
3133.73403,0.00463
3132.76981,0.00464
3131.80558,0.00479
3130.84135,0.00498
3129.87713,0.00493
3128.91290,0.00450
3127.94868,0.00382
3126.98445,0.00324
3126.02023,0.00299
3125.05600,0.00302
3124.09177,0.00312
3123.12755,0.00324
3122.16332,0.00344
3121.19910,0.00378
3120.23487,0.00416
3119.27064,0.00447
3118.30642,0.00462
3117.34219,0.00462
3116.37797,0.00445
3115.41374,0.00416
3114.44952,0.00385
3113.48529,0.00374
3112.52106,0.00391
3111.55684,0.00421
3110.59261,0.00440
3109.62839,0.00436
3108.66416,0.00420
3107.69993,0.00410
3106.73571,0.00412
3105.77148,0.00415
3104.80726,0.00400
3103.84303,0.00361
3102.87881,0.00311
3101.91458,0.00271
3100.95035,0.00257
3099.98613,0.00270
3099.02190,0.00293
3098.05768,0.00303
3097.09345,0.00296
3096.12922,0.00284
3095.16500,0.00289
3094.20077,0.00318
3093.23655,0.00358
3092.27232,0.00392
3091.30809,0.00415
3090.34387,0.00434
3089.37964,0.00455
3088.41542,0.00474
3087.45119,0.00481
3086.48697,0.00474
3085.52274,0.00457
3084.55851,0.00437
3083.59429,0.00417
3082.63006,0.00400
3081.66584,0.00386
3080.70161,0.00376
3079.73738,0.00359
3078.77316,0.00326
3077.80893,0.00274
3076.84471,0.00210
3075.88048,0.00155
3074.91626,0.00129
3073.95203,0.00146
3072.98780,0.00202
3072.02358,0.00281
3071.05935,0.00352
3070.09513,0.00393
3069.13090,0.00400
3068.16667,0.00382
3067.20245,0.00354
3066.23822,0.00325
3065.27400,0.00303
3064.30977,0.00297
3063.34554,0.00314
3062.38132,0.00344
3061.41709,0.00365
3060.45287,0.00364
3059.48864,0.00349
3058.52442,0.00337
3057.56019,0.00334
3056.59596,0.00326
3055.63174,0.00301
3054.66751,0.00271
3053.70329,0.00255
3052.73906,0.00260
3051.77483,0.00271
3050.81061,0.00275
3049.84638,0.00278
3048.88216,0.00296
3047.91793,0.00328
3046.95371,0.00347
3045.98948,0.00329
3045.02525,0.00285
3044.06103,0.00251
3043.09680,0.00259
3042.13258,0.00303
3041.16835,0.00349
3040.20412,0.00369
3039.23990,0.00358
3038.27567,0.00336
3037.31145,0.00328
3036.34722,0.00345
3035.38300,0.00378
3034.41877,0.00403
3033.45454,0.00394
3032.49032,0.00348
3031.52609,0.00292
3030.56187,0.00261
3029.59764,0.00268
3028.63341,0.00293
3027.66919,0.00306
3026.70496,0.00297
3025.74074,0.00281
3024.77651,0.00276
3023.81228,0.00280
3022.84806,0.00275
3021.88383,0.00253
3020.91961,0.00224
3019.95538,0.00206
3018.99116,0.00206
3018.02693,0.00217
3017.06270,0.00228
3016.09848,0.00227
3015.13425,0.00211
3014.17003,0.00180
3013.20580,0.00148
3012.24157,0.00137
3011.27735,0.00165
3010.31312,0.00228
3009.34890,0.00302
3008.38467,0.00354
3007.42045,0.00363
3006.45622,0.00331
3005.49199,0.00282
3004.52777,0.00244
3003.56354,0.00233
3002.59932,0.00246
3001.63509,0.00263
3000.67086,0.00268
2999.70664,0.00254
2998.74241,0.00232
2997.77819,0.00213
2996.81396,0.00200
2995.84974,0.00190
2994.88551,0.00176
2993.92128,0.00159
2992.95706,0.00144
2991.99283,0.00136
2991.02861,0.00138
2990.06438,0.00152
2989.10015,0.00176
2988.13593,0.00205
2987.17170,0.00230
2986.20748,0.00242
2985.24325,0.00233
2984.27902,0.00203
2983.31480,0.00165
2982.35057,0.00136
2981.38635,0.00132
2980.42212,0.00153
2979.45790,0.00181
2978.49367,0.00191
2977.52944,0.00169
2976.56522,0.00123
2975.60099,0.00081
2974.63677,0.00075
2973.67254,0.00116
2972.70831,0.00192
2971.74409,0.00267
2970.77986,0.00311
2969.81564,0.00312
2968.85141,0.00288
2967.88719,0.00261
2966.92296,0.00246
2965.95873,0.00239
2964.99451,0.00231
2964.03028,0.00221
2963.06606,0.00216
2962.10183,0.00216
2961.13760,0.00211
2960.17338,0.00198
2959.20915,0.00184
2958.24493,0.00186
2957.28070,0.00211
2956.31647,0.00245
2955.35225,0.00271
2954.38802,0.00276
2953.42380,0.00260
2952.45957,0.00233
2951.49535,0.00206
2950.53112,0.00194
2949.56689,0.00203
2948.60267,0.00222
2947.63844,0.00232
2946.67422,0.00223
2945.70999,0.00210
2944.74576,0.00215
2943.78154,0.00246
2942.81731,0.00281
2941.85309,0.00292
2940.88886,0.00274
2939.92464,0.00249
2938.96041,0.00237
2937.99618,0.00241
2937.03196,0.00247
2936.06773,0.00249
2935.10351,0.00254
2934.13928,0.00272
2933.17505,0.00304
2932.21083,0.00334
2931.24660,0.00350
2930.28238,0.00347
2929.31815,0.00330
2928.35393,0.00310
2927.38970,0.00293
2926.42547,0.00283
2925.46125,0.00278
2924.49702,0.00273
2923.53280,0.00267
2922.56857,0.00266
2921.60434,0.00276
2920.64012,0.00294
2919.67589,0.00309
2918.71167,0.00309
2917.74744,0.00293
2916.78321,0.00264
2915.81899,0.00231
2914.85476,0.00202
2913.89054,0.00184
2912.92631,0.00181
2911.96209,0.00189
2910.99786,0.00200
2910.03363,0.00214
2909.06941,0.00236
2908.10518,0.00270
2907.14096,0.00310
2906.17673,0.00335
2905.21250,0.00330
2904.24828,0.00301
2903.28405,0.00262
2902.31983,0.00228
2901.35560,0.00200
2900.39138,0.00174
2899.42715,0.00150
2898.46292,0.00131
2897.49870,0.00121
2896.53447,0.00124
2895.57025,0.00149
2894.60602,0.00204
2893.64179,0.00280
2892.67757,0.00350
2891.71334,0.00383
2890.74912,0.00368
2889.78489,0.00319
2888.82066,0.00264
2887.85644,0.00223
2886.89221,0.00199
2885.92799,0.00188
2884.96376,0.00183
2883.99954,0.00181
2883.03531,0.00183
2882.07108,0.00192
2881.10686,0.00208
2880.14263,0.00231
2879.17841,0.00247
2878.21418,0.00245
2877.24995,0.00227
2876.28573,0.00213
2875.32150,0.00227
2874.35728,0.00275
2873.39305,0.00332
2872.42883,0.00360
2871.46460,0.00330
2870.50037,0.00246
2869.53615,0.00144
2868.57192,0.00066
2867.60770,0.00039
2866.64347,0.00063
2865.67924,0.00117
2864.71502,0.00175
2863.75079,0.00216
2862.78657,0.00232
2861.82234,0.00219
2860.85812,0.00187
2859.89389,0.00147
2858.92966,0.00118
2857.96544,0.00113
2857.00121,0.00134
2856.03699,0.00164
2855.07276,0.00180
2854.10853,0.00168
2853.14431,0.00136
2852.18008,0.00110
2851.21586,0.00111
2850.25163,0.00141
2849.28740,0.00179
2848.32318,0.00199
2847.35895,0.00191
2846.39473,0.00167
2845.43050,0.00148
2844.46628,0.00141
2843.50205,0.00139
2842.53782,0.00131
2841.57360,0.00118
2840.60937,0.00109
2839.64515,0.00111
2838.68092,0.00122
2837.71669,0.00133
2836.75247,0.00140
2835.78824,0.00142
2834.82402,0.00136
2833.85979,0.00119
2832.89557,0.00095
2831.93134,0.00074
2830.96711,0.00064
2830.00289,0.00062
2829.03866,0.00062
2828.07444,0.00066
2827.11021,0.00087
2826.14598,0.00132
2825.18176,0.00186
2824.21753,0.00219
2823.25331,0.00214
2822.28908,0.00184
2821.32486,0.00160
2820.36063,0.00157
2819.39640,0.00168
2818.43218,0.00177
2817.46795,0.00180
2816.50373,0.00186
2815.53950,0.00197
2814.57527,0.00201
2813.61105,0.00179
2812.64682,0.00128
2811.68260,0.00067
2810.71837,0.00024
2809.75414,0.00018
2808.78992,0.00047
2807.82569,0.00097
2806.86147,0.00147
2805.89724,0.00179
2804.93302,0.00182
2803.96879,0.00160
2803.00456,0.00123
2802.04034,0.00089
2801.07611,0.00071
2800.11189,0.00074
2799.14766,0.00093
2798.18343,0.00120
2797.21921,0.00142
2796.25498,0.00149
2795.29076,0.00143
2794.32653,0.00134
2793.36231,0.00133
2792.39808,0.00141
2791.43385,0.00147
2790.46963,0.00148
2789.50540,0.00152
2788.54118,0.00173
2787.57695,0.00211
2786.61272,0.00248
2785.64850,0.00259
2784.68427,0.00235
2783.72005,0.00189
2782.75582,0.00143
2781.79159,0.00116
2780.82737,0.00108
2779.86314,0.00107
2778.89892,0.00095
2777.93469,0.00067
2776.97047,0.00032
2776.00624,0.00007
2775.04201,0.00008
2774.07779,0.00035
2773.11356,0.00072
2772.14934,0.00099
2771.18511,0.00104
2770.22088,0.00092
2769.25666,0.00073
2768.29243,0.00064
2767.32821,0.00075
2766.36398,0.00112
2765.39976,0.00166
2764.43553,0.00215
2763.47130,0.00232
2762.50708,0.00203
2761.54285,0.00144
2760.57863,0.00087
2759.61440,0.00061
2758.65017,0.00070
2757.68595,0.00095
2756.72172,0.00112
2755.75750,0.00115
2754.79327,0.00107
2753.82905,0.00096
2752.86482,0.00083
2751.90059,0.00074
2750.93637,0.00083
2749.97214,0.00121
2749.00792,0.00184
2748.04369,0.00242
2747.07946,0.00266
2746.11524,0.00249
2745.15101,0.00210
2744.18679,0.00178
2743.22256,0.00163
2742.25833,0.00161
2741.29411,0.00163
2740.32988,0.00170
2739.36566,0.00183
2738.40143,0.00191
2737.43721,0.00180
2736.47298,0.00145
2735.50875,0.00104
2734.54453,0.00083
2733.58030,0.00098
2732.61608,0.00138
2731.65185,0.00181
2730.68762,0.00209
2729.72340,0.00215
2728.75917,0.00198
2727.79495,0.00165
2726.83072,0.00129
2725.86650,0.00106
2724.90227,0.00102
2723.93804,0.00106
2722.97382,0.00101
2722.00959,0.00080
2721.04537,0.00055
2720.08114,0.00045
2719.11691,0.00059
2718.15269,0.00088
2717.18846,0.00116
2716.22424,0.00133
2715.26001,0.00136
2714.29579,0.00129
2713.33156,0.00117
2712.36733,0.00105
2711.40311,0.00099
2710.43888,0.00104
2709.47466,0.00119
2708.51043,0.00138
2707.54620,0.00156
2706.58198,0.00169
2705.61775,0.00174
2704.65353,0.00171
2703.68930,0.00165
2702.72507,0.00162
2701.76085,0.00166
2700.79662,0.00172
2699.83240,0.00169
2698.86817,0.00150
2697.90395,0.00119
2696.93972,0.00092
2695.97549,0.00080
2695.01127,0.00079
2694.04704,0.00078
2693.08282,0.00068
2692.11859,0.00053
2691.15436,0.00045
2690.19014,0.00052
2689.22591,0.00072
2688.26169,0.00097
2687.29746,0.00120
2686.33324,0.00132
2685.36901,0.00126
2684.40478,0.00099
2683.44056,0.00063
2682.47633,0.00039
2681.51211,0.00045
2680.54788,0.00079
2679.58365,0.00120
2678.61943,0.00150
2677.65520,0.00164
2676.69098,0.00167
2675.72675,0.00164
2674.76252,0.00151
2673.79830,0.00124
2672.83407,0.00094
2671.86985,0.00074
2670.90562,0.00076
2669.94140,0.00095
2668.97717,0.00115
2668.01294,0.00119
2667.04872,0.00099
2666.08449,0.00057
2665.12027,0.00006
2664.15604,-0.00031
2663.19181,-0.00037
2662.22759,-0.00005
2661.26336,0.00052
2660.29914,0.00113
2659.33491,0.00157
2658.37069,0.00181
2657.40646,0.00187
2656.44223,0.00181
2655.47801,0.00164
2654.51378,0.00134
2653.54956,0.00092
2652.58533,0.00046
2651.62110,0.00011
2650.65688,-0.00001
2649.69265,0.00013
2648.72843,0.00040
2647.76420,0.00065
2646.79998,0.00079
2645.83575,0.00088
2644.87152,0.00102
2643.90730,0.00122
2642.94307,0.00134
2641.97885,0.00125
2641.01462,0.00095
2640.05039,0.00059
2639.08617,0.00038
2638.12194,0.00042
2637.15772,0.00061
2636.19349,0.00079
2635.22926,0.00091
2634.26504,0.00101
2633.30081,0.00110
2632.33659,0.00115
2631.37236,0.00106
2630.40814,0.00089
2629.44391,0.00081
2628.47968,0.00101
2627.51546,0.00150
2626.55123,0.00205
2625.58701,0.00239
2624.62278,0.00242
2623.65855,0.00223
2622.69433,0.00201
2621.73010,0.00186
2620.76588,0.00175
2619.80165,0.00163
2618.83743,0.00146
2617.87320,0.00130
2616.90897,0.00122
2615.94475,0.00125
2614.98052,0.00135
2614.01630,0.00141
2613.05207,0.00136
2612.08784,0.00124
2611.12362,0.00118
2610.15939,0.00128
2609.19517,0.00148
2608.23094,0.00167
2607.26672,0.00184
2606.30249,0.00209
2605.33826,0.00245
2604.37404,0.00272
2603.40981,0.00261
2602.44559,0.00207
2601.48136,0.00145
2600.51713,0.00115
2599.55291,0.00129
2598.58868,0.00160
2597.62446,0.00173
2596.66023,0.00166
2595.69600,0.00157
2594.73178,0.00161
2593.76755,0.00170
2592.80333,0.00165
2591.83910,0.00139
2590.87488,0.00107
2589.91065,0.00083
2588.94642,0.00071
2587.98220,0.00069
2587.01797,0.00070
2586.05375,0.00077
2585.08952,0.00091
2584.12529,0.00107
2583.16107,0.00120
2582.19684,0.00124
2581.23262,0.00120
2580.26839,0.00114
2579.30417,0.00113
2578.33994,0.00118
2577.37571,0.00122
2576.41149,0.00112
2575.44726,0.00092
2574.48304,0.00078
2573.51881,0.00091
2572.55458,0.00130
2571.59036,0.00179
2570.62613,0.00211
2569.66191,0.00218
2568.69768,0.00207
2567.73345,0.00185
2566.76923,0.00155
2565.80500,0.00124
2564.84078,0.00105
2563.87655,0.00111
2562.91233,0.00139
2561.94810,0.00167
2560.98387,0.00169
2560.01965,0.00136
2559.05542,0.00086
2558.09120,0.00045
2557.12697,0.00031
2556.16274,0.00041
2555.19852,0.00061
2554.23429,0.00076
2553.27007,0.00079
2552.30584,0.00070
2551.34162,0.00053
2550.37739,0.00029
2549.41316,0.00007
2548.44894,0.00003
2547.48471,0.00032
2546.52049,0.00089
2545.55626,0.00144
2544.59203,0.00168
2543.62781,0.00152
2542.66358,0.00120
2541.69936,0.00100
2540.73513,0.00097
2539.77091,0.00097
2538.80668,0.00090
2537.84245,0.00083
2536.87823,0.00089
2535.91400,0.00108
2534.94978,0.00127
2533.98555,0.00138
2533.02132,0.00141
2532.05710,0.00143
2531.09287,0.00139
2530.12865,0.00122
2529.16442,0.00092
2528.20019,0.00065
2527.23597,0.00052
2526.27174,0.00051
2525.30752,0.00054
2524.34329,0.00056
2523.37907,0.00056
2522.41484,0.00055
2521.45061,0.00053
2520.48639,0.00054
2519.52216,0.00068
2518.55794,0.00096
2517.59371,0.00128
2516.62948,0.00150
2515.66526,0.00155
2514.70103,0.00149
2513.73681,0.00140
2512.77258,0.00123
2511.80836,0.00094
2510.84413,0.00059
2509.87990,0.00040
2508.91568,0.00051
2507.95145,0.00090
2506.98723,0.00134
2506.02300,0.00164
2505.05877,0.00168
2504.09455,0.00149
2503.13032,0.00118
2502.16610,0.00094
2501.20187,0.00091
2500.23764,0.00112
2499.27342,0.00142
2498.30919,0.00159
2497.34497,0.00151
2496.38074,0.00129
2495.41652,0.00107
2494.45229,0.00095
2493.48806,0.00093
2492.52384,0.00096
2491.55961,0.00103
2490.59539,0.00116
2489.63116,0.00129
2488.66693,0.00139
2487.70271,0.00145
2486.73848,0.00147
2485.77426,0.00145
2484.81003,0.00136
2483.84581,0.00117
2482.88158,0.00090
2481.91735,0.00064
2480.95313,0.00049
2479.98890,0.00050
2479.02468,0.00065
2478.06045,0.00086
2477.09622,0.00103
2476.13200,0.00110
2475.16777,0.00107
2474.20355,0.00103
2473.23932,0.00101
2472.27510,0.00100
2471.31087,0.00095
2470.34664,0.00090
2469.38242,0.00090
2468.41819,0.00100
2467.45397,0.00116
2466.48974,0.00129
2465.52551,0.00136
2464.56129,0.00138
2463.59706,0.00131
2462.63284,0.00109
2461.66861,0.00072
2460.70438,0.00034
2459.74016,0.00017
2458.77593,0.00036
2457.81171,0.00083
2456.84748,0.00137
2455.88326,0.00181
2454.91903,0.00207
2453.95480,0.00218
2452.99058,0.00214
2452.02635,0.00195
2451.06213,0.00166
2450.09790,0.00138
2449.13367,0.00118
2448.16945,0.00107
2447.20522,0.00100
2446.24100,0.00092
2445.27677,0.00082
2444.31255,0.00072
2443.34832,0.00064
2442.38409,0.00063
2441.41987,0.00072
2440.45564,0.00086
2439.49142,0.00094
2438.52719,0.00090
2437.56296,0.00076
2436.59874,0.00070
2435.63451,0.00084
2434.67029,0.00113
2433.70606,0.00135
2432.74184,0.00135
2431.77761,0.00115
2430.81338,0.00097
2429.84916,0.00097
2428.88493,0.00115
2427.92071,0.00135
2426.95648,0.00142
2425.99225,0.00132
2425.02803,0.00109
2424.06380,0.00080
2423.09958,0.00052
2422.13535,0.00037
2421.17112,0.00044
2420.20690,0.00071
2419.24267,0.00101
2418.27845,0.00116
2417.31422,0.00109
2416.35000,0.00094
2415.38577,0.00088
2414.42154,0.00096
2413.45732,0.00104
2412.49309,0.00099
2411.52887,0.00083
2410.56464,0.00071
2409.60041,0.00078
2408.63619,0.00100
2407.67196,0.00126
2406.70774,0.00145
2405.74351,0.00157
2404.77929,0.00167
2403.81506,0.00177
2402.85083,0.00185
2401.88661,0.00188
2400.92238,0.00187
2399.95816,0.00183
2398.99393,0.00175
2398.02970,0.00161
2397.06548,0.00141
2396.10125,0.00115
2395.13703,0.00090
2394.17280,0.00074
2393.20857,0.00075
2392.24435,0.00094
2391.28012,0.00122
2390.31590,0.00144
2389.35167,0.00153
2388.38745,0.00155
2387.42322,0.00159
2386.45899,0.00168
2385.49477,0.00173
2384.53054,0.00168
2383.56632,0.00162
2382.60209,0.00164
2381.63786,0.00172
2380.67364,0.00168
2379.70941,0.00143
2378.74519,0.00112
2377.78096,0.00103
2376.81674,0.00125
2375.85251,0.00163
2374.88828,0.00188
2373.92406,0.00187
2372.95983,0.00172
2371.99561,0.00160
2371.03138,0.00162
2370.06715,0.00178
2369.10293,0.00201
2368.13870,0.00219
2367.17448,0.00217
2366.21025,0.00185
2365.24603,0.00137
2364.28180,0.00107
2363.31757,0.00121
2362.35335,0.00169
2361.38912,0.00211
2360.42490,0.00212
2359.46067,0.00173
2358.49644,0.00128
2357.53222,0.00113
2356.56799,0.00138
2355.60377,0.00186
2354.63954,0.00226
2353.67531,0.00242
2352.71109,0.00237
2351.74686,0.00226
2350.78264,0.00221
2349.81841,0.00223
2348.85419,0.00225
2347.88996,0.00220
2346.92573,0.00206
2345.96151,0.00185
2344.99728,0.00158
2344.03306,0.00129
2343.06883,0.00109
2342.10460,0.00104
2341.14038,0.00112
2340.17615,0.00119
2339.21193,0.00116
2338.24770,0.00111
2337.28348,0.00117
2336.31925,0.00136
2335.35502,0.00152
2334.39080,0.00147
2333.42657,0.00124
2332.46235,0.00106
2331.49812,0.00112
2330.53389,0.00136
2329.56967,0.00158
2328.60544,0.00162
2327.64122,0.00148
2326.67699,0.00129
2325.71277,0.00116
2324.74854,0.00115
2323.78431,0.00126
2322.82009,0.00147
2321.85586,0.00173
2320.89164,0.00195
2319.92741,0.00208
2318.96318,0.00211
2317.99896,0.00204
2317.03473,0.00189
2316.07051,0.00178
2315.10628,0.00183
2314.14205,0.00208
2313.17783,0.00236
2312.21360,0.00239
2311.24938,0.00208
2310.28515,0.00160
2309.32093,0.00128
2308.35670,0.00133
2307.39247,0.00163
2306.42825,0.00193
2305.46402,0.00205
2304.49980,0.00198
2303.53557,0.00182
2302.57134,0.00163
2301.60712,0.00143
2300.64289,0.00123
2299.67867,0.00109
2298.71444,0.00110
2297.75022,0.00130
2296.78599,0.00163
2295.82176,0.00187
2294.85754,0.00183
2293.89331,0.00150
2292.92909,0.00109
2291.96486,0.00091
2291.00063,0.00108
2290.03641,0.00145
2289.07218,0.00170
2288.10796,0.00165
2287.14373,0.00136
2286.17950,0.00103
2285.21528,0.00082
2284.25105,0.00078
2283.28683,0.00082
2282.32260,0.00082
2281.35838,0.00075
2280.39415,0.00065
2279.42992,0.00066
2278.46570,0.00086
2277.50147,0.00118
2276.53725,0.00144
2275.57302,0.00153
2274.60879,0.00153
2273.64457,0.00158
2272.68034,0.00168
2271.71612,0.00167
2270.75189,0.00142
2269.78767,0.00105
2268.82344,0.00082
2267.85921,0.00086
2266.89499,0.00105
2265.93076,0.00111
2264.96654,0.00096
2264.00231,0.00073
2263.03808,0.00062
2262.07386,0.00068
2261.10963,0.00084
2260.14541,0.00098
2259.18118,0.00107
2258.21696,0.00107
2257.25273,0.00101
2256.28850,0.00098
2255.32428,0.00111
2254.36005,0.00145
2253.39583,0.00190
2252.43160,0.00228
2251.46737,0.00255
2250.50315,0.00280
2249.53892,0.00307
2248.57470,0.00321
2247.61047,0.00296
2246.64624,0.00228
2245.68202,0.00141
2244.71779,0.00071
2243.75357,0.00040
2242.78934,0.00041
2241.82512,0.00056
2240.86089,0.00075
2239.89666,0.00093
2238.93244,0.00102
2237.96821,0.00092
2237.00399,0.00062
2236.03976,0.00033
2235.07553,0.00030
2234.11131,0.00061
2233.14708,0.00107
2232.18286,0.00140
2231.21863,0.00145
2230.25441,0.00133
2229.29018,0.00122
2228.32595,0.00126
2227.36173,0.00142
2226.39750,0.00163
2225.43328,0.00177
2224.46905,0.00178
2223.50482,0.00163
2222.54060,0.00136
2221.57637,0.00106
2220.61215,0.00089
2219.64792,0.00091
2218.68369,0.00108
2217.71947,0.00124
2216.75524,0.00119
2215.79102,0.00090
2214.82679,0.00050
2213.86257,0.00026
2212.89834,0.00034
2211.93411,0.00072
2210.96989,0.00116
2210.00566,0.00139
2209.04144,0.00134
2208.07721,0.00120
2207.11298,0.00119
2206.14876,0.00139
2205.18453,0.00167
2204.22031,0.00182
2203.25608,0.00183
2202.29186,0.00183
2201.32763,0.00192
2200.36340,0.00207
2199.39918,0.00212
2198.43495,0.00196
2197.47073,0.00161
2196.50650,0.00122
2195.54227,0.00095
2194.57805,0.00092
2193.61382,0.00112
2192.64960,0.00147
2191.68537,0.00176
2190.72115,0.00184
2189.75692,0.00169
2188.79269,0.00143
2187.82847,0.00121
2186.86424,0.00107
2185.90002,0.00096
2184.93579,0.00084
2183.97156,0.00072
2183.00734,0.00063
2182.04311,0.00059
2181.07889,0.00056
2180.11466,0.00053
2179.15043,0.00054
2178.18621,0.00063
2177.22198,0.00081
2176.25776,0.00105
2175.29353,0.00130
2174.32931,0.00154
2173.36508,0.00175
2172.40085,0.00191
2171.43663,0.00200
2170.47240,0.00200
2169.50818,0.00191
2168.54395,0.00178
2167.57972,0.00171
2166.61550,0.00173
2165.65127,0.00179
2164.68705,0.00178
2163.72282,0.00165
2162.75860,0.00152
2161.79437,0.00153
2160.83014,0.00167
2159.86592,0.00180
2158.90169,0.00176
2157.93747,0.00158
2156.97324,0.00144
2156.00901,0.00143
2155.04479,0.00149
2154.08056,0.00149
2153.11634,0.00147
2152.15211,0.00158
2151.18789,0.00188
2150.22366,0.00221
2149.25943,0.00235
2148.29521,0.00219
2147.33098,0.00186
2146.36676,0.00152
2145.40253,0.00128
2144.43830,0.00119
2143.47408,0.00128
2142.50985,0.00152
2141.54563,0.00173
2140.58140,0.00172
2139.61717,0.00147
2138.65295,0.00119
2137.68872,0.00115
2136.72450,0.00138
2135.76027,0.00168
2134.79605,0.00189
2133.83182,0.00198
2132.86759,0.00204
2131.90337,0.00208
2130.93914,0.00204
2129.97492,0.00191
2129.01069,0.00178
2128.04646,0.00172
2127.08224,0.00170
2126.11801,0.00165
2125.15379,0.00162
2124.18956,0.00172
2123.22534,0.00201
2122.26111,0.00231
2121.29688,0.00240
2120.33266,0.00218
2119.36843,0.00182
2118.40421,0.00155
2117.43998,0.00148
2116.47575,0.00162
2115.51153,0.00188
2114.54730,0.00222
2113.58308,0.00253
2112.61885,0.00276
2111.65462,0.00289
2110.69040,0.00302
2109.72617,0.00326
2108.76195,0.00365
2107.79772,0.00409
2106.83350,0.00447
2105.86927,0.00472
2104.90504,0.00483
2103.94082,0.00484
2102.97659,0.00482
2102.01237,0.00486
2101.04814,0.00503
2100.08391,0.00535
2099.11969,0.00577
2098.15546,0.00621
2097.19124,0.00660
2096.22701,0.00693
2095.26279,0.00716
2094.29856,0.00729
2093.33433,0.00730
2092.37011,0.00723
2091.40588,0.00708
2090.44166,0.00685
2089.47743,0.00656
2088.51320,0.00625
2087.54898,0.00594
2086.58475,0.00566
2085.62053,0.00542
2084.65630,0.00520
2083.69208,0.00495
2082.72785,0.00461
2081.76362,0.00413
2080.79940,0.00365
2079.83517,0.00335
2078.87095,0.00335
2077.90672,0.00354
2076.94249,0.00362
2075.97827,0.00343
2075.01404,0.00299
2074.04982,0.00252
2073.08559,0.00216
2072.12136,0.00195
2071.15714,0.00187
2070.19291,0.00196
2069.22869,0.00216
2068.26446,0.00236
2067.30024,0.00238
2066.33601,0.00223
2065.37178,0.00204
2064.40756,0.00190
2063.44333,0.00176
2062.47911,0.00150
2061.51488,0.00115
2060.55065,0.00092
2059.58643,0.00096
2058.62220,0.00123
2057.65798,0.00147
2056.69375,0.00154
2055.72953,0.00149
2054.76530,0.00152
2053.80107,0.00170
2052.83685,0.00191
2051.87262,0.00200
2050.90840,0.00195
2049.94417,0.00186
2048.97994,0.00181
2048.01572,0.00176
2047.05149,0.00165
2046.08727,0.00145
2045.12304,0.00123
2044.15882,0.00110
2043.19459,0.00108
2042.23036,0.00110
2041.26614,0.00105
2040.30191,0.00096
2039.33769,0.00091
2038.37346,0.00097
2037.40923,0.00113
2036.44501,0.00131
2035.48078,0.00143
2034.51656,0.00150
2033.55233,0.00153
2032.58810,0.00150
2031.62388,0.00143
2030.65965,0.00131
2029.69543,0.00121
2028.73120,0.00115
2027.76698,0.00111
2026.80275,0.00108
2025.83852,0.00103
2024.87430,0.00100
2023.91007,0.00101
2022.94585,0.00107
2021.98162,0.00120
2021.01739,0.00137
2020.05317,0.00149
2019.08894,0.00146
2018.12472,0.00123
2017.16049,0.00094
2016.19627,0.00076
2015.23204,0.00080
2014.26781,0.00098
2013.30359,0.00113
2012.33936,0.00116
2011.37514,0.00106
2010.41091,0.00091
2009.44668,0.00077
2008.48246,0.00066
2007.51823,0.00064
2006.55401,0.00072
2005.58978,0.00084
2004.62555,0.00095
2003.66133,0.00104
2002.69710,0.00121
2001.73288,0.00149
2000.76865,0.00177
1999.80443,0.00187
1998.84020,0.00171
1997.87597,0.00141
1996.91175,0.00116
1995.94752,0.00111
1994.98330,0.00121
1994.01907,0.00132
1993.05484,0.00130
1992.09062,0.00113
1991.12639,0.00090
1990.16217,0.00076
1989.19794,0.00080
1988.23372,0.00097
1987.26949,0.00112
1986.30526,0.00115
1985.34104,0.00109
1984.37681,0.00107
1983.41259,0.00115
1982.44836,0.00132
1981.48413,0.00152
1980.51991,0.00172
1979.55568,0.00193
1978.59146,0.00209
1977.62723,0.00212
1976.66301,0.00200
1975.69878,0.00182
1974.73455,0.00167
1973.77033,0.00156
1972.80610,0.00143
1971.84188,0.00121
1970.87765,0.00099
1969.91342,0.00085
1968.94920,0.00082
1967.98497,0.00084
1967.02075,0.00086
1966.05652,0.00088
1965.09229,0.00096
1964.12807,0.00112
1963.16384,0.00132
1962.19962,0.00151
1961.23539,0.00163
1960.27117,0.00166
1959.30694,0.00159
1958.34271,0.00147
1957.37849,0.00133
1956.41426,0.00120
1955.45004,0.00109
1954.48581,0.00103
1953.52158,0.00106
1952.55736,0.00113
1951.59313,0.00117
1950.62891,0.00115
1949.66468,0.00114
1948.70046,0.00122
1947.73623,0.00137
1946.77200,0.00141
1945.80778,0.00123
1944.84355,0.00091
1943.87933,0.00072
1942.91510,0.00078
1941.95087,0.00101
1940.98665,0.00116
1940.02242,0.00115
1939.05820,0.00106
1938.09397,0.00105
1937.12974,0.00114
1936.16552,0.00129
1935.20129,0.00141
1934.23707,0.00148
1933.27284,0.00146
1932.30862,0.00134
1931.34439,0.00120
1930.38016,0.00116
1929.41594,0.00134
1928.45171,0.00165
1927.48749,0.00187
1926.52326,0.00181
1925.55903,0.00144
1924.59481,0.00086
1923.63058,0.00027
1922.66636,-0.00013
1921.70213,-0.00021
1920.73791,0.00005
1919.77368,0.00052
1918.80945,0.00098
1917.84523,0.00126
1916.88100,0.00136
1915.91678,0.00132
1914.95255,0.00118
1913.98832,0.00095
1913.02410,0.00074
1912.05987,0.00067
1911.09565,0.00078
1910.13142,0.00097
1909.16720,0.00111
1908.20297,0.00117
1907.23874,0.00119
1906.27452,0.00118
1905.31029,0.00108
1904.34607,0.00089
1903.38184,0.00074
1902.41761,0.00074
1901.45339,0.00087
1900.48916,0.00095
1899.52494,0.00087
1898.56071,0.00069
1897.59648,0.00063
1896.63226,0.00076
1895.66803,0.00097
1894.70381,0.00113
1893.73958,0.00120
1892.77536,0.00124
1891.81113,0.00129
1890.84690,0.00128
1889.88268,0.00115
1888.91845,0.00097
1887.95423,0.00093
1886.99000,0.00113
1886.02577,0.00149
1885.06155,0.00179
1884.09732,0.00189
1883.13310,0.00178
1882.16887,0.00163
1881.20465,0.00158
1880.24042,0.00159
1879.27619,0.00152
1878.31197,0.00130
1877.34774,0.00102
1876.38352,0.00084
1875.41929,0.00080
1874.45506,0.00079
1873.49084,0.00070
1872.52661,0.00058
1871.56239,0.00058
1870.59816,0.00074
1869.63394,0.00092
1868.66971,0.00092
1867.70548,0.00076
1866.74126,0.00060
1865.77703,0.00055
1864.81281,0.00061
1863.84858,0.00068
1862.88435,0.00077
1861.92013,0.00095
1860.95590,0.00123
1859.99168,0.00146
1859.02745,0.00150
1858.06322,0.00134
1857.09900,0.00110
1856.13477,0.00087
1855.17055,0.00068
1854.20632,0.00056
1853.24210,0.00057
1852.27787,0.00072
1851.31364,0.00092
1850.34942,0.00104
1849.38519,0.00104
1848.42097,0.00102
1847.45674,0.00106
1846.49251,0.00118
1845.52829,0.00128
1844.56406,0.00131
1843.59984,0.00129
1842.63561,0.00125
1841.67139,0.00121
1840.70716,0.00117
1839.74293,0.00120
1838.77871,0.00129
1837.81448,0.00141
1836.85026,0.00147
1835.88603,0.00151
1834.92180,0.00159
1833.95758,0.00172
1832.99335,0.00180
1832.02913,0.00170
1831.06490,0.00145
1830.10067,0.00120
1829.13645,0.00108
1828.17222,0.00108
1827.20800,0.00112
1826.24377,0.00118
1825.27955,0.00127
1824.31532,0.00135
1823.35109,0.00134
1822.38687,0.00126
1821.42264,0.00124
1820.45842,0.00139
1819.49419,0.00165
1818.52996,0.00180
1817.56574,0.00172
1816.60151,0.00152
1815.63729,0.00142
1814.67306,0.00152
1813.70884,0.00173
1812.74461,0.00188
1811.78038,0.00193
1810.81616,0.00190
1809.85193,0.00184
1808.88771,0.00177
1807.92348,0.00169
1806.95925,0.00163
1805.99503,0.00163
1805.03080,0.00168
1804.06658,0.00175
1803.10235,0.00181
1802.13813,0.00189
1801.17390,0.00198
1800.20967,0.00203
1799.24545,0.00200
1798.28122,0.00187
1797.31700,0.00165
1796.35277,0.00139
1795.38854,0.00115
1794.42432,0.00102
1793.46009,0.00102
1792.49587,0.00113
1791.53164,0.00125
1790.56741,0.00134
1789.60319,0.00141
1788.63896,0.00150
1787.67474,0.00162
1786.71051,0.00170
1785.74629,0.00172
1784.78206,0.00170
1783.81783,0.00166
1782.85361,0.00160
1781.88938,0.00151
1780.92516,0.00144
1779.96093,0.00149
1778.99670,0.00169
1778.03248,0.00195
1777.06825,0.00216
1776.10403,0.00226
1775.13980,0.00230
1774.17558,0.00233
1773.21135,0.00232
1772.24712,0.00222
1771.28290,0.00208
1770.31867,0.00199
1769.35445,0.00203
1768.39022,0.00215
1767.42599,0.00225
1766.46177,0.00224
1765.49754,0.00211
1764.53332,0.00188
1763.56909,0.00160
1762.60487,0.00133
1761.64064,0.00115
1760.67641,0.00111
1759.71219,0.00118
1758.74796,0.00133
1757.78374,0.00151
1756.81951,0.00171
1755.85528,0.00190
1754.89106,0.00206
1753.92683,0.00220
1752.96261,0.00235
1751.99838,0.00249
1751.03415,0.00256
1750.06993,0.00252
1749.10570,0.00240
1748.14148,0.00232
1747.17725,0.00240
1746.21303,0.00262
1745.24880,0.00287
1744.28457,0.00302
1743.32035,0.00301
1742.35612,0.00286
1741.39190,0.00264
1740.42767,0.00244
1739.46344,0.00235
1738.49922,0.00245
1737.53499,0.00267
1736.57077,0.00290
1735.60654,0.00304
1734.64232,0.00311
1733.67809,0.00319
1732.71386,0.00330
1731.74964,0.00332
1730.78541,0.00318
1729.82119,0.00293
1728.85696,0.00274
1727.89273,0.00276
1726.92851,0.00297
1725.96428,0.00320
1725.00006,0.00330
1724.03583,0.00325
1723.07160,0.00317
1722.10738,0.00317
1721.14315,0.00326
1720.17893,0.00336
1719.21470,0.00340
1718.25048,0.00336
1717.28625,0.00333
1716.32202,0.00336
1715.35780,0.00343
1714.39357,0.00345
1713.42935,0.00336
1712.46512,0.00318
1711.50089,0.00300
1710.53667,0.00289
1709.57244,0.00286
1708.60822,0.00294
1707.64399,0.00314
1706.67977,0.00350
1705.71554,0.00392
1704.75131,0.00428
1703.78709,0.00448
1702.82286,0.00454
1701.85864,0.00455
1700.89441,0.00457
1699.93018,0.00465
1698.96596,0.00483
1698.00173,0.00513
1697.03751,0.00545
1696.07328,0.00561
1695.10906,0.00542
1694.14483,0.00493
1693.18060,0.00440
1692.21638,0.00409
1691.25215,0.00406
1690.28793,0.00416
1689.32370,0.00422
1688.35947,0.00418
1687.39525,0.00412
1686.43102,0.00412
1685.46680,0.00420
1684.50257,0.00430
1683.53834,0.00438
1682.57412,0.00441
1681.60989,0.00438
1680.64567,0.00428
1679.68144,0.00412
1678.71722,0.00400
1677.75299,0.00399
1676.78876,0.00408
1675.82454,0.00420
1674.86031,0.00425
1673.89609,0.00418
1672.93186,0.00402
1671.96763,0.00390
1671.00341,0.00394
1670.03918,0.00417
1669.07496,0.00448
1668.11073,0.00470
1667.14651,0.00472
1666.18228,0.00458
1665.21805,0.00445
1664.25383,0.00451
1663.28960,0.00479
1662.32538,0.00516
1661.36115,0.00544
1660.39692,0.00552
1659.43270,0.00545
1658.46847,0.00532
1657.50425,0.00522
1656.54002,0.00515
1655.57579,0.00506
1654.61157,0.00490
1653.64734,0.00463
1652.68312,0.00431
1651.71889,0.00403
1650.75467,0.00387
1649.79044,0.00389
1648.82621,0.00407
1647.86199,0.00434
1646.89776,0.00460
1645.93354,0.00476
1644.96931,0.00482
1644.00508,0.00482
1643.04086,0.00483
1642.07663,0.00488
1641.11241,0.00493
1640.14818,0.00493
1639.18396,0.00480
1638.21973,0.00458
1637.25550,0.00440
1636.29128,0.00438
1635.32705,0.00454
1634.36283,0.00471
1633.39860,0.00468
1632.43437,0.00441
1631.47015,0.00404
1630.50592,0.00376
1629.54170,0.00368
1628.57747,0.00374
1627.61325,0.00383
1626.64902,0.00387
1625.68479,0.00388
1624.72057,0.00386
1623.75634,0.00383
1622.79212,0.00381
1621.82789,0.00380
1620.86366,0.00381
1619.89944,0.00376
1618.93521,0.00362
1617.97099,0.00341
1617.00676,0.00327
1616.04253,0.00328
1615.07831,0.00344
1614.11408,0.00361
1613.14986,0.00365
1612.18563,0.00351
1611.22141,0.00326
1610.25718,0.00303
1609.29295,0.00290
1608.32873,0.00287
1607.36450,0.00290
1606.40028,0.00288
1605.43605,0.00279
1604.47182,0.00267
1603.50760,0.00261
1602.54337,0.00267
1601.57915,0.00285
1600.61492,0.00311
1599.65070,0.00339
1598.68647,0.00364
1597.72224,0.00375
1596.75802,0.00367
1595.79379,0.00342
1594.82957,0.00315
1593.86534,0.00302
1592.90111,0.00311
1591.93689,0.00330
1590.97266,0.00338
1590.00844,0.00319
1589.04421,0.00275
1588.07999,0.00227
1587.11576,0.00196
1586.15153,0.00194
1585.18731,0.00215
1584.22308,0.00247
1583.25886,0.00276
1582.29463,0.00297
1581.33040,0.00311
1580.36618,0.00316
1579.40195,0.00306
1578.43773,0.00280
1577.47350,0.00239
1576.50927,0.00198
1575.54505,0.00168
1574.58082,0.00159
1573.61660,0.00169
1572.65237,0.00191
1571.68815,0.00219
1570.72392,0.00245
1569.75969,0.00265
1568.79547,0.00271
1567.83124,0.00261
1566.86702,0.00234
1565.90279,0.00199
1564.93856,0.00171
1563.97434,0.00162
1563.01011,0.00170
1562.04589,0.00181
1561.08166,0.00185
1560.11744,0.00181
1559.15321,0.00173
1558.18898,0.00163
1557.22476,0.00140
1556.26053,0.00100
1555.29631,0.00057
1554.33208,0.00041
1553.36785,0.00066
1552.40363,0.00122
1551.43940,0.00179
1550.47518,0.00209
1549.51095,0.00212
1548.54672,0.00204
1547.58250,0.00204
1546.61827,0.00219
1545.65405,0.00241
1544.68982,0.00258
1543.72560,0.00256
1542.76137,0.00233
1541.79714,0.00203
1540.83292,0.00183
1539.86869,0.00182
1538.90447,0.00191
1537.94024,0.00191
1536.97601,0.00172
1536.01179,0.00148
1535.04756,0.00139
1534.08334,0.00158
1533.11911,0.00196
1532.15489,0.00225
1531.19066,0.00221
1530.22643,0.00182
1529.26221,0.00128
1528.29798,0.00085
1527.33376,0.00069
1526.36953,0.00072
1525.40530,0.00083
1524.44108,0.00096
1523.47685,0.00117
1522.51263,0.00149
1521.54840,0.00183
1520.58418,0.00198
1519.61995,0.00183
1518.65572,0.00149
1517.69150,0.00116
1516.72727,0.00098
1515.76305,0.00097
1514.79882,0.00104
1513.83459,0.00115
1512.87037,0.00126
1511.90614,0.00137
1510.94192,0.00151
1509.97769,0.00170
1509.01346,0.00192
1508.04924,0.00203
1507.08501,0.00187
1506.12079,0.00146
1505.15656,0.00104
1504.19234,0.00089
1503.22811,0.00105
1502.26388,0.00130
1501.29966,0.00134
1500.33543,0.00111
1499.37121,0.00078
1498.40698,0.00064
1497.44275,0.00081
1496.47853,0.00122
1495.51430,0.00165
1494.55008,0.00189
1493.58585,0.00180
1492.62163,0.00144
1491.65740,0.00104
1490.69317,0.00092
1489.72895,0.00127
1488.76472,0.00193
1487.80050,0.00250
1486.83627,0.00262
1485.87204,0.00220
1484.90782,0.00147
1483.94359,0.00072
1482.97937,0.00017
1482.01514,-0.00015
1481.05092,-0.00026
1480.08669,-0.00020
1479.12246,-0.00001
1478.15824,0.00026
1477.19401,0.00059
1476.22979,0.00092
1475.26556,0.00124
1474.30133,0.00153
1473.33711,0.00179
1472.37288,0.00207
1471.40866,0.00236
1470.44443,0.00265
1469.48020,0.00291
1468.51598,0.00308
1467.55175,0.00309
1466.58753,0.00287
1465.62330,0.00232
1464.65908,0.00150
1463.69485,0.00067
1462.73062,0.00023
1461.76640,0.00044
1460.80217,0.00117
1459.83795,0.00192
1458.87372,0.00220
1457.90949,0.00187
1456.94527,0.00123
1455.98104,0.00065
1455.01682,0.00025
1454.05259,-0.00011
1453.08837,-0.00051
1452.12414,-0.00082
1451.15991,-0.00094
1450.19569,-0.00095
1449.23146,-0.00100
1448.26724,-0.00105
1447.30301,-0.00089
1446.33878,-0.00041
1445.37456,0.00009
1444.41033,0.00023
1443.44611,-0.00003
1442.48188,-0.00030
1441.51765,-0.00016
1440.55343,0.00034
1439.58920,0.00080
1438.62498,0.00097
1437.66075,0.00102
1436.69653,0.00135
1435.73230,0.00207
1434.76807,0.00296
1433.80385,0.00364
1432.83962,0.00397
1431.87540,0.00396
1430.91117,0.00366
1429.94694,0.00310
1428.98272,0.00240
1428.01849,0.00181
1427.05427,0.00157
1426.09004,0.00174
1425.12582,0.00214
1424.16159,0.00255
1423.19736,0.00279
1422.23314,0.00283
1421.26891,0.00270
1420.30469,0.00240
1419.34046,0.00189
1418.37623,0.00117
1417.41201,0.00040
1416.44778,-0.00010
1415.48356,-0.00009
1414.51933,0.00038
1413.55511,0.00098
1412.59088,0.00133
1411.62665,0.00140
1410.66243,0.00141
1409.69820,0.00162
1408.73398,0.00199
1407.76975,0.00225
1406.80552,0.00217
1405.84130,0.00180
1404.87707,0.00138
1403.91285,0.00111
1402.94862,0.00103
1401.98439,0.00105
1401.02017,0.00112
1400.05594,0.00120
1399.09172,0.00122
1398.12749,0.00115
1397.16327,0.00096
1396.19904,0.00072
1395.23481,0.00051
1394.27059,0.00035
1393.30636,0.00029
1392.34214,0.00036
1391.37791,0.00058
1390.41368,0.00086
1389.44946,0.00104
1388.48523,0.00100
1387.52101,0.00077
1386.55678,0.00054
1385.59256,0.00049
1384.62833,0.00063
1383.66410,0.00082
1382.69988,0.00089
1381.73565,0.00080
1380.77143,0.00063
1379.80720,0.00049
1378.84297,0.00047
1377.87875,0.00061
1376.91452,0.00092
1375.95030,0.00137
1374.98607,0.00186
1374.02184,0.00220
1373.05762,0.00225
1372.09339,0.00202
1371.12917,0.00159
1370.16494,0.00107
1369.20072,0.00060
1368.23649,0.00025
1367.27226,0.00010
1366.30804,0.00014
1365.34381,0.00029
1364.37959,0.00045
1363.41536,0.00063
1362.45113,0.00093
1361.48691,0.00136
1360.52268,0.00179
1359.55846,0.00201
1358.59423,0.00192
1357.63001,0.00158
1356.66578,0.00115
1355.70155,0.00073
1354.73733,0.00039
1353.77310,0.00019
1352.80888,0.00018
1351.84465,0.00033
1350.88042,0.00051
1349.91620,0.00063
1348.95197,0.00068
1347.98775,0.00070
1347.02352,0.00075
1346.05930,0.00084
1345.09507,0.00100
1344.13084,0.00126
1343.16662,0.00152
1342.20239,0.00152
1341.23817,0.00110
1340.27394,0.00041
1339.30971,-0.00012
1338.34549,-0.00014
1337.38126,0.00026
1336.41704,0.00068
1335.45281,0.00081
1334.48858,0.00074
1333.52436,0.00075
1332.56013,0.00100
1331.59591,0.00140
1330.63168,0.00175
1329.66746,0.00191
1328.70323,0.00183
1327.73900,0.00145
1326.77478,0.00082
1325.81055,0.00023
1324.84633,0.00013
1323.88210,0.00081
1322.91787,0.00200
1321.95365,0.00294
1320.98942,0.00296
1320.02520,0.00196
1319.06097,0.00054
1318.09675,-0.00041
1317.13252,-0.00039
1316.16829,0.00051
1315.20407,0.00169
1314.23984,0.00259
1313.27562,0.00294
1312.31139,0.00276
1311.34716,0.00228
1310.38294,0.00174
1309.41871,0.00137
1308.45449,0.00132
1307.49026,0.00151
1306.52604,0.00168
1305.56181,0.00166
1304.59758,0.00154
1303.63336,0.00159
1302.66913,0.00192
1301.70491,0.00228
1300.74068,0.00229
1299.77645,0.00185
1298.81223,0.00111
1297.84800,0.00030
1296.88378,-0.00052
1295.91955,-0.00133
1294.95532,-0.00189
1293.99110,-0.00179
1293.02687,-0.00089
1292.06265,0.00052
1291.09842,0.00191
1290.13420,0.00291
1289.16997,0.00340
1288.20574,0.00343
1287.24152,0.00306
1286.27729,0.00247
1285.31307,0.00196
1284.34884,0.00182
1283.38461,0.00206
1282.42039,0.00241
1281.45616,0.00262
1280.49194,0.00264
1279.52771,0.00256
1278.56349,0.00235
1277.59926,0.00188
1276.63503,0.00118
1275.67081,0.00048
1274.70658,0.00009
1273.74236,0.00010
1272.77813,0.00032
1271.81390,0.00049
1270.84968,0.00051
1269.88545,0.00050
1268.92123,0.00061
1267.95700,0.00087
1266.99277,0.00105
1266.02855,0.00085
1265.06432,0.00017
1264.10010,-0.00070
1263.13587,-0.00125
1262.17165,-0.00114
1261.20742,-0.00052
1260.24319,0.00009
1259.27897,0.00034
1258.31474,0.00031
1257.35052,0.00040
1256.38629,0.00077
1255.42206,0.00125
1254.45784,0.00159
1253.49361,0.00176
1252.52939,0.00195
1251.56516,0.00224
1250.60094,0.00246
1249.63671,0.00236
1248.67248,0.00192
1247.70826,0.00128
1246.74403,0.00065
1245.77981,0.00019
1244.81558,0.00005
1243.85135,0.00034
1242.88713,0.00092
1241.92290,0.00147
1240.95868,0.00166
1239.99445,0.00152
1239.03023,0.00135
1238.06600,0.00138
1237.10177,0.00146
1236.13755,0.00130
1235.17332,0.00089
1234.20910,0.00059
1233.24487,0.00078
1232.28064,0.00145
1231.31642,0.00220
1230.35219,0.00265
1229.38797,0.00267
1228.42374,0.00238
1227.45951,0.00187
1226.49529,0.00122
1225.53106,0.00054
1224.56684,0.00002
1223.60261,-0.00017
1222.63839,0.00000
1221.67416,0.00045
1220.70993,0.00103
1219.74571,0.00159
1218.78148,0.00198
1217.81726,0.00206
1216.85303,0.00182
1215.88880,0.00138
1214.92458,0.00097
1213.96035,0.00080
1212.99613,0.00091
1212.03190,0.00123
1211.06768,0.00151
1210.10345,0.00152
1209.13922,0.00114
1208.17500,0.00053
1207.21077,-0.00003
1206.24655,-0.00034
1205.28232,-0.00039
1204.31809,-0.00032
1203.35387,-0.00012
1202.38964,0.00025
1201.42542,0.00075
1200.46119,0.00113
1199.49697,0.00115
1198.53274,0.00094
1197.56851,0.00088
1196.60429,0.00123
1195.64006,0.00174
1194.67584,0.00185
1193.71161,0.00117
1192.74738,-0.00013
1191.78316,-0.00144
1190.81893,-0.00213
1189.85471,-0.00193
1188.89048,-0.00093
1187.92625,0.00045
1186.96203,0.00162
1185.99780,0.00209
1185.03358,0.00182
1184.06935,0.00130
1183.10513,0.00124
1182.14090,0.00190
1181.17667,0.00294
1180.21245,0.00368
1179.24822,0.00376
1178.28400,0.00336
1177.31977,0.00285
1176.35554,0.00233
1175.39132,0.00160
1174.42709,0.00059
1173.46287,-0.00043
1172.49864,-0.00105
1171.53442,-0.00119
1170.57019,-0.00122
1169.60596,-0.00160
1168.64174,-0.00231
1167.67751,-0.00284
1166.71329,-0.00261
1165.74906,-0.00146
1164.78483,0.00020
1163.82061,0.00179
1162.85638,0.00294
1161.89216,0.00358
1160.92793,0.00368
1159.96370,0.00318
1158.99948,0.00213
1158.03525,0.00089
1157.07103,-0.00007
1156.10680,-0.00050
1155.14258,-0.00061
1154.17835,-0.00078
1153.21412,-0.00111
1152.24990,-0.00136
1151.28567,-0.00127
1150.32145,-0.00087
1149.35722,-0.00031
1148.39299,0.00042
1147.42877,0.00143
1146.46454,0.00264
1145.50032,0.00345
1144.53609,0.00316
1143.57187,0.00160
1142.60764,-0.00059
1141.64341,-0.00249
1140.67919,-0.00359
1139.71496,-0.00389
1138.75074,-0.00348
1137.78651,-0.00225
1136.82228,-0.00020
1135.85806,0.00216
1134.89383,0.00389
1133.92961,0.00427
1132.96538,0.00343
1132.00116,0.00217
1131.03693,0.00121
1130.07270,0.00064
1129.10848,0.00004
1128.14425,-0.00106
1127.18003,-0.00267
1126.21580,-0.00444
1125.25157,-0.00592
1124.28735,-0.00686
1123.32312,-0.00722
1122.35890,-0.00717
1121.39467,-0.00686
1120.43044,-0.00637
1119.46622,-0.00555
1118.50199,-0.00426
1117.53777,-0.00255
1116.57354,-0.00090
1115.60932,0.00007
1114.64509,0.00009
1113.68086,-0.00052
1112.71664,-0.00119
1111.75241,-0.00157
1110.78819,-0.00178
1109.82396,-0.00203
1108.85973,-0.00226
1107.89551,-0.00215
1106.93128,-0.00167
1105.96706,-0.00129
1105.00283,-0.00154
1104.03861,-0.00230
1103.07438,-0.00278
1102.11015,-0.00225
1101.14593,-0.00092
1100.18170,0.00017
1099.21748,0.00010
1098.25325,-0.00109
1097.28902,-0.00260
1096.32480,-0.00366
1095.36057,-0.00412
1094.39635,-0.00421
1093.43212,-0.00401
1092.46790,-0.00333
1091.50367,-0.00214
1090.53944,-0.00093
1089.57522,-0.00043
1088.61099,-0.00107
1087.64677,-0.00259
1086.68254,-0.00422
1085.71831,-0.00512
1084.75409,-0.00470
1083.78986,-0.00280
1082.82564,0.00030
1081.86141,0.00374
1080.89718,0.00631
1079.93296,0.00699
1078.96873,0.00572
1078.00451,0.00348
1077.04028,0.00168
1076.07606,0.00108
1075.11183,0.00138
1074.14760,0.00173
1073.18338,0.00156
1072.21915,0.00094
1071.25493,0.00021
1070.29070,-0.00047
1069.32647,-0.00120
1068.36225,-0.00197
1067.39802,-0.00251
1066.43380,-0.00260
1065.46957,-0.00236
1064.50535,-0.00215
1063.54112,-0.00211
1062.57689,-0.00197
1061.61267,-0.00146
1060.64844,-0.00067
1059.68422,-0.00004
1058.71999,0.00018
1057.75576,0.00019
1056.79154,0.00038
1055.82731,0.00090
1054.86309,0.00143
1053.89886,0.00157
1052.93463,0.00117
1051.97041,0.00039
1051.00618,-0.00047
1050.04196,-0.00111
1049.07773,-0.00132
1048.11351,-0.00100
1047.14928,-0.00032
1046.18505,0.00042
1045.22083,0.00102
1044.25660,0.00155
1043.29238,0.00217
1042.32815,0.00286
1041.36392,0.00338
1040.39970,0.00347
1039.43547,0.00311
1038.47125,0.00247
1037.50702,0.00170
1036.54280,0.00088
1035.57857,0.00018
1034.61434,-0.00006
1033.65012,0.00045
1032.68589,0.00161
1031.72167,0.00295
1030.75744,0.00392
1029.79321,0.00421
1028.82899,0.00390
1027.86476,0.00322
1026.90054,0.00246
1025.93631,0.00194
1024.97209,0.00196
1024.00786,0.00268
1023.04363,0.00393
1022.07941,0.00515
1021.11518,0.00568
1020.15096,0.00525
1019.18673,0.00421
1018.22250,0.00327
1017.25828,0.00281
1016.29405,0.00255
1015.32983,0.00187
1014.36560,0.00066
1013.40137,-0.00048
1012.43715,-0.00082
1011.47292,-0.00044
1010.50870,-0.00012
1009.54447,-0.00035
1008.58025,-0.00066
1007.61602,-0.00020
1006.65179,0.00106
1005.68757,0.00203
1004.72334,0.00175
1003.75912,0.00052
1002.79489,-0.00035
1001.83066,-0.00007
1000.86644,0.00080
999.90221,0.00107
998.93799,0.00034
997.97376,-0.00077
997.00954,-0.00144
996.04531,-0.00149
995.08108,-0.00104
994.11686,-0.00012
993.15263,0.00122
992.18841,0.00241
991.22418,0.00253
990.25995,0.00129
989.29573,-0.00039
988.33150,-0.00119
987.36728,-0.00071
986.40305,0.00019
985.43882,0.00046
984.47460,-0.00006
983.51037,-0.00071
982.54615,-0.00093
981.58192,-0.00072
980.61770,-0.00045
979.65347,-0.00027
978.68924,-0.00004
977.72502,0.00039
976.76079,0.00092
975.79657,0.00121
974.83234,0.00089
973.86811,0.00001
972.90389,-0.00064
971.93966,0.00001
970.97544,0.00224
970.01121,0.00481
969.04699,0.00576
968.08276,0.00415
967.11853,0.00111
966.15431,-0.00110
965.19008,-0.00118
964.22586,0.00019
963.26163,0.00141
962.29740,0.00150
961.33318,0.00065
960.36895,-0.00029
959.40473,-0.00062
958.44050,-0.00005
957.47628,0.00109
956.51205,0.00183
955.54782,0.00108
954.58360,-0.00129
953.61937,-0.00392
952.65515,-0.00497
951.69092,-0.00359
950.72669,-0.00058
949.76247,0.00265
948.79824,0.00517
947.83402,0.00662
946.86979,0.00674
945.90556,0.00548
944.94134,0.00343
943.97711,0.00172
943.01289,0.00102
942.04866,0.00092
941.08444,0.00063
940.12021,0.00008
939.15598,-0.00023
938.19176,-0.00040
937.22753,-0.00138
936.26331,-0.00367
935.29908,-0.00600
934.33485,-0.00618
933.37063,-0.00352
932.40640,0.00004
931.44218,0.00173
930.47795,0.00059
929.51373,-0.00184
928.54950,-0.00338
927.58527,-0.00301
926.62105,-0.00123
925.65682,0.00093
924.69260,0.00254
923.72837,0.00283
922.76414,0.00134
921.79992,-0.00145
920.83569,-0.00410
919.87147,-0.00508
918.90724,-0.00387
917.94302,-0.00124
916.97879,0.00145
916.01456,0.00294
915.05034,0.00250
914.08611,0.00023
913.12189,-0.00279
912.15766,-0.00494
911.19343,-0.00515
910.22921,-0.00382
909.26498,-0.00220
908.30076,-0.00094
907.33653,0.00052
906.37230,0.00284
905.40808,0.00551
904.44385,0.00710
903.47963,0.00683
902.51540,0.00550
901.55118,0.00456
900.58695,0.00447
899.62272,0.00428
898.65850,0.00291
897.69427,0.00051
896.73005,-0.00143
895.76582,-0.00148
894.80159,0.00048
893.83737,0.00331
892.87314,0.00556
891.90892,0.00644
890.94469,0.00582
889.98047,0.00378
889.01624,0.00027
888.05201,-0.00441
887.08779,-0.00915
886.12356,-0.01241
885.15934,-0.01329
884.19511,-0.01215
883.23088,-0.00983
882.26666,-0.00659
881.30243,-0.00213
880.33821,0.00312
879.37398,0.00738
878.40975,0.00872
877.44553,0.00689
876.48130,0.00357
875.51708,0.00064
874.55285,-0.00134
873.58863,-0.00282
872.62440,-0.00395
871.66017,-0.00439
870.69595,-0.00413
869.73172,-0.00375
868.76750,-0.00350
867.80327,-0.00268
866.83904,-0.00064
865.87482,0.00154
864.91059,0.00153
863.94637,-0.00173
862.98214,-0.00626
862.01792,-0.00860
861.05369,-0.00712
860.08946,-0.00354
859.12524,-0.00093
858.16101,-0.00061
857.19679,-0.00151
856.23256,-0.00199
855.26833,-0.00151
854.30411,-0.00059
853.33988,0.00017
852.37566,0.00045
851.41143,-0.00012
850.44721,-0.00192
849.48298,-0.00470
848.51875,-0.00730
847.55453,-0.00828
846.59030,-0.00707
845.62608,-0.00440
844.66185,-0.00141
843.69762,0.00148
842.73340,0.00459
841.76917,0.00803
840.80495,0.01076
839.84072,0.01091
838.87649,0.00737
837.91227,0.00117
836.94804,-0.00486
835.98382,-0.00800
835.01959,-0.00758
834.05537,-0.00493
833.09114,-0.00178
832.12691,0.00094
831.16269,0.00286
830.19846,0.00344
829.23424,0.00221
828.27001,-0.00007
827.30578,-0.00142
826.34156,-0.00048
825.37733,0.00179
824.41311,0.00288
823.44888,0.00126
822.48466,-0.00203
821.52043,-0.00466
820.55620,-0.00538
819.59198,-0.00491
818.62775,-0.00466
817.66353,-0.00523
816.69930,-0.00617
815.73507,-0.00650
814.77085,-0.00534
813.80662,-0.00248
812.84240,0.00111
811.87817,0.00351
810.91395,0.00328
809.94972,0.00081
808.98549,-0.00191
808.02127,-0.00316
807.05704,-0.00300
806.09282,-0.00266
805.12859,-0.00268
804.16436,-0.00226
803.20014,-0.00049
802.23591,0.00241
801.27169,0.00545
800.30746,0.00790
799.34323,0.00936
798.37901,0.00911
797.41478,0.00626
796.45056,0.00127
795.48633,-0.00332
794.52211,-0.00457
793.55788,-0.00179
792.59365,0.00286
791.62943,0.00641
790.66520,0.00744
789.70098,0.00654
788.73675,0.00496
787.77252,0.00339
786.80830,0.00180
785.84407,0.00001
784.87985,-0.00209
783.91562,-0.00452
782.95140,-0.00700
781.98717,-0.00881
781.02294,-0.00918
780.05872,-0.00802
779.09449,-0.00588
778.13027,-0.00331
777.16604,-0.00034
776.20181,0.00303
775.23759,0.00615
774.27336,0.00782
773.30914,0.00716
772.34491,0.00433
771.38068,0.00045
770.41646,-0.00298
769.45223,-0.00479
768.48801,-0.00475
767.52378,-0.00371
766.55956,-0.00292
765.59533,-0.00304
764.63110,-0.00343
763.66688,-0.00281
762.70265,-0.00061
761.73843,0.00229
760.77420,0.00413
759.80997,0.00351
758.84575,0.00025
757.88152,-0.00447
756.91730,-0.00837
755.95307,-0.00909
754.98885,-0.00581
754.02462,-0.00041
753.06039,0.00358
752.09617,0.00400
751.13194,0.00203
750.16772,0.00080
749.20349,0.00204
748.23926,0.00451
747.27504,0.00570
746.31081,0.00465
745.34659,0.00260
744.38236,0.00114
743.41814,0.00066
742.45391,0.00068
741.48968,0.00096
740.52546,0.00164
739.56123,0.00249
738.59701,0.00276
737.63278,0.00209
736.66855,0.00096
735.70433,-0.00003
734.74010,-0.00084
733.77588,-0.00166
732.81165,-0.00228
731.84742,-0.00220
730.88320,-0.00153
729.91897,-0.00081
728.95475,0.00002
727.99052,0.00196
727.02630,0.00546
726.06207,0.00892
725.09784,0.00960
724.13362,0.00629
723.16939,0.00091
722.20517,-0.00317
721.24094,-0.00411
720.27671,-0.00258
719.31249,-0.00008
718.34826,0.00274
717.38404,0.00576
716.41981,0.00827
715.45559,0.00905
714.49136,0.00751
713.52713,0.00443
712.56291,0.00124
711.59868,-0.00102
710.63446,-0.00199
709.67023,-0.00179
708.70600,-0.00083
707.74178,0.00028
706.77755,0.00114
705.81333,0.00181
704.84910,0.00246
703.88487,0.00268
702.92065,0.00167
701.95642,-0.00073
700.99220,-0.00332
700.02797,-0.00435
699.06375,-0.00302
698.09952,-0.00012
697.13529,0.00294
696.17107,0.00534
695.20684,0.00707
694.24262,0.00804
693.27839,0.00768
692.31416,0.00571
691.34994,0.00271
690.38571,-0.00029
689.42149,-0.00280
688.45726,-0.00503
687.49304,-0.00707
686.52881,-0.00831
685.56458,-0.00816
684.60036,-0.00680
683.63613,-0.00505
682.67191,-0.00343
681.70768,-0.00188
680.74345,-0.00025
679.77923,0.00118
678.81500,0.00205
677.85078,0.00258
676.88655,0.00349
675.92233,0.00510
674.95810,0.00663
673.99387,0.00685
673.02965,0.00525
672.06542,0.00272
671.10120,0.00093
670.13697,0.00107
669.17274,0.00297
668.20852,0.00481
667.24429,0.00402
666.28007,-0.00059
665.31584,-0.00739
664.35161,-0.01309
663.38739,-0.01480
662.42316,-0.01169
661.45894,-0.00553
660.49471,0.00051
659.53049,0.00422
658.56626,0.00563
657.60203,0.00622
656.63781,0.00710
655.67358,0.00798
654.70936,0.00762
653.74513,0.00532
652.78090,0.00174
651.81668,-0.00160
650.85245,-0.00345
649.88823,-0.00340
648.92400,-0.00152
647.95978,0.00188
646.99555,0.00591
646.03132,0.00893
645.06710,0.00930
644.10287,0.00672
643.13865,0.00271
642.17442,-0.00064
641.21019,-0.00204
640.24597,-0.00117
639.28174,0.00203
638.31752,0.00727
637.35329,0.01297
636.38907,0.01612
635.42484,0.01423
634.46061,0.00837
633.49639,0.00341
632.53216,0.00411
631.56794,0.01079
630.60371,0.01923
629.63948,0.02416
628.67526,0.02281
627.71103,0.01596
626.74681,0.00677
625.78258,-0.00098
624.81835,-0.00415
623.85413,-0.00172
622.88990,0.00428
621.92568,0.01007
620.96145,0.01297
619.99723,0.01306
619.03300,0.01195
618.06877,0.01039
617.10455,0.00791
616.14032,0.00471
615.17610,0.00224
614.21187,0.00121
613.24764,0.00012
612.28342,-0.00317
611.31919,-0.00821
610.35497,-0.01147
609.39074,-0.00964
608.42652,-0.00299
607.46229,0.00522
606.49806,0.01187
605.53384,0.01554
604.56961,0.01605
603.60539,0.01388
602.64116,0.01091
601.67693,0.01010
600.71271,0.01274
599.74848,0.01621
598.78426,0.01658
597.82003,0.01285
596.85580,0.00788
595.89158,0.00464
594.92735,0.00243
593.96313,-0.00139
592.99890,-0.00650
592.03468,-0.00863
591.07045,-0.00445
590.10622,0.00380
589.14200,0.01074
588.17777,0.01428
587.21355,0.01720
586.24932,0.02247
585.28509,0.02840
584.32087,0.02968
583.35664,0.02348
582.39242,0.01276
581.42819,0.00317
580.46397,-0.00207
579.49974,-0.00434
578.53551,-0.00677
577.57129,-0.01040
576.60706,-0.01280
575.64284,-0.01025
574.67861,-0.00066
573.71438,0.01451
572.75016,0.03026
571.78593,0.04129
570.82171,0.04573
569.85748,0.04558
568.89326,0.04249
567.92903,0.03458
566.96480,0.01955
566.00058,0.00143
565.03635,-0.00825
564.07213,0.00123
563.10790,0.02875
562.14367,0.05987
561.17945,0.07684
560.21522,0.07284
559.25100,0.05631
558.28677,0.03991
557.32254,0.02970
556.35832,0.02399
555.39409,0.01887
554.42987,0.01412
553.46564,0.01188
552.50142,0.01361
551.53719,0.01821
550.57296,0.02390
549.60874,0.03125
548.64451,0.04320
547.68029,0.05725
546.71606,0.06276
545.75183,0.05093
544.78761,0.02382
543.82338,-0.00244
542.85916,-0.00665
541.89493,0.01416
540.93071,0.03584
539.96648,0.04122
539.00225,0.03047
538.03803,0.02547
537.07380,0.03618
536.10958,0.04680
535.14535,0.04700
534.18112,0.04492
533.21690,0.06095
532.25267,0.10742
531.28845,0.16677
530.32422,0.17891
529.36000,0.09955
528.39577,-0.03244
527.43154,-0.14963
526.46732,-0.22492
525.50309,-0.23520
524.53887,-0.16809
523.57464,-0.04156
522.61041,0.09821
521.64619,0.22691
520.68196,0.33475
519.71774,0.39356
518.75351,0.36930
517.78928,0.26799
516.82506,0.16662
515.86083,0.16042
514.89661,0.24495
513.93238,0.36373
512.96816,0.46526
512.00393,0.51695
511.03970,0.47781
510.07548,0.36542
509.11125,0.24258
508.14703,0.15228
507.18280,0.11395
506.21857,0.10054
505.25435,0.07786
504.29012,0.03511
503.32590,0.00105
502.36167,0.00225
501.39745,0.05338
500.43322,0.13859
499.46899,0.19103
498.50477,0.15661
497.54054,0.07347
496.57632,-0.00318
495.61209,-0.03945
494.64786,-0.05607
493.68364,-0.08810
492.71941,-0.13095
491.75519,-0.13174
490.79096,-0.07655
489.82673,0.01497
488.86251,0.12149
487.89828,0.22180
486.93406,0.27206
485.96983,0.25575
485.00561,0.23481
484.04138,0.25807
483.07715,0.30997
482.11293,0.32523
481.14870,0.27147
480.18448,0.20815
479.22025,0.19127
478.25602,0.21374
477.29180,0.24306
476.32757,0.26877
475.36335,0.28490
474.39912,0.28695
473.43490,0.29841
472.47067,0.26143
471.50644,0.15844
470.54222,0.04498
469.57799,-0.02864
468.61377,-0.05234
467.64954,-0.03044
466.68531,0.01808
465.72109,0.06077
464.75686,0.10104
463.79264,0.16610
462.82841,0.30436
461.86419,0.56922
460.89996,0.95952
459.93573,0.84866
458.97151,0.35452
458.00728,0.09052
457.04306,0.03707
456.07883,0.09745
455.11460,0.16666
454.15038,0.14231
453.18615,-0.00517
452.22193,-0.15522
451.25770,-0.16252
450.29347,-0.02816
449.32925,0.15103
448.36502,0.27437
447.40080,0.26694
446.43657,0.13387
445.47235,-0.00003
444.50812,0.00043
443.54389,0.13406
442.57967,0.25286
441.61544,0.30608
440.65122,0.32952
439.68699,0.37230
438.72276,0.39087
437.75854,0.25958
436.79431,0.25968
435.83009,0.44577
434.86586,0.73082
433.90164,0.89849
432.93741,0.82737
431.97318,0.67821
431.00896,0.61917
430.04473,0.65133
429.08051,0.76164
428.11628,0.41146
427.15205,-0.14598
426.18783,-0.24409
425.22360,-0.15553
424.25938,-0.06291
423.29515,-0.00205
422.33092,0.03531
421.36670,0.05781
420.40247,0.10252
419.43825,0.18918
418.47402,0.34387
417.50980,0.56313
416.54557,0.72011
415.58134,0.57608
414.61712,0.52410
413.65289,0.94558
412.68867,6.00000
411.72444,6.00000
410.76021,6.00000
409.79599,0.74448
408.83176,0.10974
407.86754,-0.13693
406.90331,-0.26285
405.93909,-0.32102
404.97486,-0.32050
404.01063,-0.29403
403.04641,-0.25054
402.08218,-0.19455
401.11796,-0.11851
400.15373,-0.01740
399.18950,0.07523
398.22528,0.09274
397.26105,0.05559
396.29683,0.00966
395.33260,-0.01295
394.36838,0.03018
393.40415,0.16818
392.43992,0.33237
391.47570,0.35313
390.51147,0.19790
389.54725,0.03192
388.58302,-0.05557
387.61879,-0.07387
386.65457,-0.05368
385.69034,-0.02758
384.72612,0.08614
383.76189,0.38814
382.79766,0.72536
381.83344,0.69517
380.86921,0.36709
379.90499,0.15969
378.94076,0.12638
377.97654,0.24082
377.01231,0.40917
376.04808,0.83891
375.08386,0.78986
374.11963,0.32138
373.15541,0.11971
372.19118,-0.01358
371.22695,0.02780
370.26273,0.24594
369.29850,0.52285
368.33428,0.74372
367.37005,0.95086
366.40583,1.29392
365.44160,6.00000
364.47737,0.68964
363.51315,-0.05596
362.54892,-0.28340
361.58470,-0.45091
360.62047,-0.47039
359.65624,-0.40098
358.69202,-0.33173
357.72779,-0.27627
356.76357,-0.20904
355.79934,-0.14149
354.83512,-0.09521
353.87089,-0.09517
352.90666,-0.09541
351.94244,-0.03928
350.97821,0.05944
350.01399,0.15643
349.04976,0.22207
