3946.57643,0.00372
3945.61220,0.00336
3944.64798,0.00299
3943.68375,0.00287
3942.71953,0.00271
3941.75530,0.00200
3940.79107,0.00072
3939.82685,-0.00050
3938.86262,-0.00092
3937.89840,-0.00039
3936.93417,0.00062
3935.96994,0.00150
3935.00572,0.00201
3934.04149,0.00221
3933.07727,0.00225
3932.11304,0.00219
3931.14882,0.00208
3930.18459,0.00192
3929.22036,0.00173
3928.25614,0.00148
3927.29191,0.00125
3926.32769,0.00110
3925.36346,0.00101
3924.39923,0.00083
3923.43501,0.00044
3922.47078,-0.00004
3921.50656,-0.00027
3920.54233,-0.00006
3919.57811,0.00051
3918.61388,0.00120
3917.64965,0.00189
3916.68543,0.00253
3915.72120,0.00289
3914.75698,0.00262
3913.79275,0.00153
3912.82852,-0.00001
3911.86430,-0.00129
3910.90007,-0.00176
3909.93585,-0.00139
3908.97162,-0.00052
3908.00739,0.00044
3907.04317,0.00122
3906.07894,0.00167
3905.11472,0.00170
3904.15049,0.00141
3903.18627,0.00106
3902.22204,0.00086
3901.25781,0.00075
3900.29359,0.00050
3899.32936,0.00002
3898.36514,-0.00047
3897.40091,-0.00067
3896.43668,-0.00052
3895.47246,-0.00021
3894.50823,0.00006
3893.54401,0.00021
3892.57978,0.00023
3891.61556,0.00003
3890.65133,-0.00048
3889.68710,-0.00116
3888.72288,-0.00159
3887.75865,-0.00136
3886.79443,-0.00040
3885.83020,0.00093
3884.86597,0.00205
3883.90175,0.00256
3882.93752,0.00240
3881.97330,0.00176
3881.00907,0.00092
3880.04485,0.00012
3879.08062,-0.00050
3878.11639,-0.00088
3877.15217,-0.00109
3876.18794,-0.00122
3875.22372,-0.00132
3874.25949,-0.00141
3873.29526,-0.00143
3872.33104,-0.00134
3871.36681,-0.00109
3870.40259,-0.00066
3869.43836,-0.00011
3868.47413,0.00034
3867.50991,0.00048
3866.54568,0.00025
3865.58146,-0.00007
3864.61723,-0.00009
3863.65301,0.00036
3862.68878,0.00094
3861.72455,0.00106
3860.76033,0.00040
3859.79610,-0.00076
3858.83188,-0.00169
3857.86765,-0.00191
3856.90342,-0.00149
3855.93920,-0.00084
3854.97497,-0.00028
3854.01075,0.00021
3853.04652,0.00071
3852.08230,0.00111
3851.11807,0.00112
3850.15384,0.00063
3849.18962,-0.00013
3848.22539,-0.00070
3847.26117,-0.00075
3846.29694,-0.00026
3845.33271,0.00050
3844.36849,0.00117
3843.40426,0.00147
3842.44004,0.00140
3841.47581,0.00123
3840.51159,0.00127
3839.54736,0.00160
3838.58313,0.00185
3837.61891,0.00151
3836.65468,0.00039
3835.69046,-0.00109
3834.72623,-0.00219
3833.76200,-0.00239
3832.79778,-0.00170
3831.83355,-0.00049
3830.86933,0.00071
3829.90510,0.00150
3828.94087,0.00165
3827.97665,0.00115
3827.01242,0.00023
3826.04820,-0.00069
3825.08397,-0.00121
3824.11975,-0.00118
3823.15552,-0.00073
3822.19129,-0.00019
3821.22707,0.00017
3820.26284,0.00023
3819.29862,0.00007
3818.33439,-0.00019
3817.37016,-0.00039
3816.40594,-0.00042
3815.44171,-0.00025
3814.47749,0.00007
3813.51326,0.00034
3812.54904,0.00036
3811.58481,0.00002
3810.62058,-0.00057
3809.65636,-0.00113
3808.69213,-0.00137
3807.72791,-0.00116
3806.76368,-0.00059
3805.79945,0.00010
3804.83523,0.00066
3803.87100,0.00093
3802.90678,0.00093
3801.94255,0.00074
3800.97832,0.00052
3800.01410,0.00033
3799.04987,0.00018
3798.08565,0.00004
3797.12142,-0.00001
3796.15720,0.00017
3795.19297,0.00063
3794.22874,0.00122
3793.26452,0.00169
3792.30029,0.00193
3791.33607,0.00200
3790.37184,0.00208
3789.40761,0.00219
3788.44339,0.00218
3787.47916,0.00187
3786.51494,0.00127
3785.55071,0.00062
3784.58649,0.00018
3783.62226,0.00007
3782.65803,0.00025
3781.69381,0.00053
3780.72958,0.00077
3779.76536,0.00089
3778.80113,0.00091
3777.83690,0.00091
3776.87268,0.00092
3775.90845,0.00094
3774.94423,0.00094
3773.98000,0.00096
3773.01578,0.00098
3772.05155,0.00093
3771.08732,0.00065
3770.12310,0.00006
3769.15887,-0.00069
3768.19465,-0.00125
3767.23042,-0.00137
3766.26619,-0.00101
3765.30197,-0.00035
3764.33774,0.00034
3763.37352,0.00084
3762.40929,0.00105
3761.44506,0.00094
3760.48084,0.00060
3759.51661,0.00022
3758.55239,-0.00004
3757.58816,-0.00013
3756.62394,-0.00014
3755.65971,-0.00013
3754.69548,-0.00006
3753.73126,0.00017
3752.76703,0.00056
3751.80281,0.00091
3750.83858,0.00099
3749.87435,0.00075
3748.91013,0.00045
3747.94590,0.00042
3746.98168,0.00073
3746.01745,0.00114
3745.05323,0.00124
3744.08900,0.00086
3743.12477,0.00027
3742.16055,-0.00001
3741.19632,0.00032
3740.23210,0.00111
3739.26787,0.00185
3738.30364,0.00209
3737.33942,0.00171
3736.37519,0.00098
3735.41097,0.00033
3734.44674,0.00009
3733.48251,0.00027
3732.51829,0.00070
3731.55406,0.00109
3730.58984,0.00130
3729.62561,0.00139
3728.66139,0.00151
3727.69716,0.00174
3726.73293,0.00197
3725.76871,0.00199
3724.80448,0.00172
3723.84026,0.00130
3722.87603,0.00098
3721.91180,0.00088
3720.94758,0.00093
3719.98335,0.00099
3719.01913,0.00096
3718.05490,0.00080
3717.09068,0.00051
3716.12645,0.00016
3715.16222,-0.00011
3714.19800,-0.00012
3713.23377,0.00017
3712.26955,0.00064
3711.30532,0.00108
3710.34109,0.00130
3709.37687,0.00118
3708.41264,0.00075
3707.44842,0.00014
3706.48419,-0.00036
3705.51997,-0.00039
3704.55574,0.00020
3703.59151,0.00114
3702.62729,0.00191
3701.66306,0.00212
3700.69884,0.00180
3699.73461,0.00127
3698.77038,0.00083
3697.80616,0.00051
3696.84193,0.00023
3695.87771,0.00001
3694.91348,0.00000
3693.94925,0.00021
3692.98503,0.00042
3692.02080,0.00035
3691.05658,0.00005
3690.09235,-0.00009
3689.12813,0.00032
3688.16390,0.00121
3687.19967,0.00207
3686.23545,0.00236
3685.27122,0.00205
3684.30700,0.00151
3683.34277,0.00117
3682.37854,0.00112
3681.41432,0.00117
3680.45009,0.00121
3679.48587,0.00128
3678.52164,0.00148
3677.55742,0.00172
3676.59319,0.00186
3675.62896,0.00182
3674.66474,0.00179
3673.70051,0.00195
3672.73629,0.00227
3671.77206,0.00255
3670.80783,0.00262
3669.84361,0.00254
3668.87938,0.00243
3667.91516,0.00236
3666.95093,0.00226
3665.98671,0.00208
3665.02248,0.00189
3664.05825,0.00183
3663.09403,0.00190
3662.12980,0.00199
3661.16558,0.00198
3660.20135,0.00195
3659.23712,0.00206
3658.27290,0.00237
3657.30867,0.00278
3656.34445,0.00305
3655.38022,0.00300
3654.41599,0.00268
3653.45177,0.00232
3652.48754,0.00213
3651.52332,0.00222
3650.55909,0.00250
3649.59487,0.00283
3648.63064,0.00303
3647.66641,0.00303
3646.70219,0.00283
3645.73796,0.00253
3644.77374,0.00231
3643.80951,0.00234
3642.84528,0.00269
3641.88106,0.00326
3640.91683,0.00378
3639.95261,0.00398
3638.98838,0.00377
3638.02416,0.00331
3637.05993,0.00293
3636.09570,0.00284
3635.13148,0.00300
3634.16725,0.00312
3633.20303,0.00292
3632.23880,0.00243
3631.27457,0.00205
3630.31035,0.00220
3629.34612,0.00297
3628.38190,0.00398
3627.41767,0.00467
3626.45344,0.00473
3625.48922,0.00434
3624.52499,0.00390
3623.56077,0.00372
3622.59654,0.00382
3621.63232,0.00402
3620.66809,0.00414
3619.70386,0.00408
3618.73964,0.00387
3617.77541,0.00360
3616.81119,0.00339
3615.84696,0.00327
3614.88273,0.00322
3613.91851,0.00323
3612.95428,0.00333
3611.99006,0.00356
3611.02583,0.00390
3610.06161,0.00417
3609.09738,0.00413
3608.13315,0.00373
3607.16893,0.00312
3606.20470,0.00260
3605.24048,0.00246
3604.27625,0.00279
3603.31202,0.00345
3602.34780,0.00410
3601.38357,0.00446
3600.41935,0.00448
3599.45512,0.00435
3598.49090,0.00429
3597.52667,0.00433
3596.56244,0.00434
3595.59822,0.00429
3594.63399,0.00431
3593.66977,0.00458
3592.70554,0.00499
3591.74131,0.00515
3590.77709,0.00483
3589.81286,0.00422
3588.84864,0.00375
3587.88441,0.00366
3586.92018,0.00381
3585.95596,0.00390
3584.99173,0.00389
3584.02751,0.00396
3583.06328,0.00424
3582.09906,0.00463
3581.13483,0.00492
3580.17060,0.00506
3579.20638,0.00509
3578.24215,0.00495
3577.27793,0.00454
3576.31370,0.00388
3575.34947,0.00327
3574.38525,0.00310
3573.42102,0.00348
3572.45680,0.00415
3571.49257,0.00477
3570.52835,0.00513
3569.56412,0.00524
3568.59989,0.00508
3567.63567,0.00463
3566.67144,0.00399
3565.70722,0.00344
3564.74299,0.00327
3563.77876,0.00353
3562.81454,0.00399
3561.85031,0.00442
3560.88609,0.00477
3559.92186,0.00507
3558.95764,0.00530
3557.99341,0.00530
3557.02918,0.00497
3556.06496,0.00440
3555.10073,0.00382
3554.13651,0.00342
3553.17228,0.00321
3552.20805,0.00313
3551.24383,0.00321
3550.27960,0.00352
3549.31538,0.00402
3548.35115,0.00454
3547.38692,0.00481
3546.42270,0.00478
3545.45847,0.00457
3544.49425,0.00443
3543.53002,0.00449
3542.56580,0.00470
3541.60157,0.00492
3540.63734,0.00498
3539.67312,0.00484
3538.70889,0.00457
3537.74467,0.00446
3536.78044,0.00480
3535.81621,0.00564
3534.85199,0.00661
3533.88776,0.00705
3532.92354,0.00650
3531.95931,0.00510
3530.99509,0.00354
3530.03086,0.00257
3529.06663,0.00251
3528.10241,0.00314
3527.13818,0.00399
3526.17396,0.00469
3525.20973,0.00512
3524.24550,0.00532
3523.28128,0.00538
3522.31705,0.00537
3521.35283,0.00535
3520.38860,0.00536
3519.42437,0.00538
3518.46015,0.00535
3517.49592,0.00515
3516.53170,0.00473
3515.56747,0.00415
3514.60325,0.00365
3513.63902,0.00346
3512.67479,0.00368
3511.71057,0.00417
3510.74634,0.00466
3509.78212,0.00495
3508.81789,0.00495
3507.85366,0.00470
3506.88944,0.00433
3505.92521,0.00402
3504.96099,0.00398
3503.99676,0.00430
3503.03254,0.00476
3502.06831,0.00498
3501.10408,0.00469
3500.13986,0.00403
3499.17563,0.00347
3498.21141,0.00339
3497.24718,0.00378
3496.28295,0.00422
3495.31873,0.00427
3494.35450,0.00384
3493.39028,0.00325
3492.42605,0.00298
3491.46183,0.00334
3490.49760,0.00419
3489.53337,0.00506
3488.56915,0.00548
3487.60492,0.00530
3486.64070,0.00477
3485.67647,0.00429
3484.71224,0.00410
3483.74802,0.00415
3482.78379,0.00427
3481.81957,0.00432
3480.85534,0.00430
3479.89111,0.00425
3478.92689,0.00419
3477.96266,0.00417
3476.99844,0.00423
3476.03421,0.00445
3475.06999,0.00481
3474.10576,0.00519
3473.14153,0.00542
3472.17731,0.00548
3471.21308,0.00553
3470.24886,0.00582
3469.28463,0.00641
3468.32040,0.00703
3467.35618,0.00728
3466.39195,0.00702
3465.42773,0.00653
3464.46350,0.00624
3463.49928,0.00633
3462.53505,0.00659
3461.57082,0.00670
3460.60660,0.00665
3459.64237,0.00674
3458.67815,0.00717
3457.71392,0.00777
3456.74969,0.00815
3455.78547,0.00810
3454.82124,0.00776
3453.85702,0.00732
3452.89279,0.00682
3451.92856,0.00624
3450.96434,0.00573
3450.00011,0.00554
3449.03589,0.00575
3448.07166,0.00604
3447.10744,0.00599
3446.14321,0.00547
3445.17898,0.00476
3444.21476,0.00431
3443.25053,0.00437
3442.28631,0.00488
3441.32208,0.00549
3440.35785,0.00582
3439.39363,0.00557
3438.42940,0.00481
3437.46518,0.00391
3436.50095,0.00336
3435.53673,0.00340
3434.57250,0.00389
3433.60827,0.00458
3432.64405,0.00533
3431.67982,0.00609
3430.71560,0.00663
3429.75137,0.00663
3428.78714,0.00597
3427.82292,0.00501
3426.85869,0.00434
3425.89447,0.00430
3424.93024,0.00468
3423.96602,0.00504
3423.00179,0.00511
3422.03756,0.00491
3421.07334,0.00463
3420.10911,0.00443
3419.14489,0.00443
3418.18066,0.00467
3417.21643,0.00503
3416.25221,0.00519
3415.28798,0.00492
3414.32376,0.00431
3413.35953,0.00370
3412.39530,0.00339
3411.43108,0.00339
3410.46685,0.00361
3409.50263,0.00404
3408.53840,0.00472
3407.57418,0.00549
3406.60995,0.00604
3405.64572,0.00621
3404.68150,0.00620
3403.71727,0.00636
3402.75305,0.00672
3401.78882,0.00692
3400.82459,0.00666
3399.86037,0.00605
3398.89614,0.00553
3397.93192,0.00543
3396.96769,0.00569
3396.00347,0.00607
3395.03924,0.00643
3394.07501,0.00674
3393.11079,0.00690
3392.14656,0.00679
3391.18234,0.00642
3390.21811,0.00605
3389.25388,0.00591
3388.28966,0.00598
3387.32543,0.00597
3386.36121,0.00574
3385.39698,0.00540
3384.43276,0.00519
3383.46853,0.00516
3382.50430,0.00515
3381.54008,0.00508
3380.57585,0.00509
3379.61163,0.00532
3378.64740,0.00571
3377.68317,0.00596
3376.71895,0.00587
3375.75472,0.00549
3374.79050,0.00504
3373.82627,0.00472
3372.86204,0.00459
3371.89782,0.00460
3370.93359,0.00461
3369.96937,0.00450
3369.00514,0.00414
3368.04092,0.00364
3367.07669,0.00328
3366.11246,0.00334
3365.14824,0.00384
3364.18401,0.00449
3363.21979,0.00498
3362.25556,0.00529
3361.29133,0.00561
3360.32711,0.00606
3359.36288,0.00648
3358.39866,0.00656
3357.43443,0.00618
3356.47021,0.00553
3355.50598,0.00499
3354.54175,0.00482
3353.57753,0.00507
3352.61330,0.00560
3351.64908,0.00624
3350.68485,0.00679
3349.72062,0.00707
3348.75640,0.00695
3347.79217,0.00648
3346.82795,0.00584
3345.86372,0.00526
3344.89949,0.00491
3343.93527,0.00486
3342.97104,0.00507
3342.00682,0.00549
3341.04259,0.00600
3340.07837,0.00647
3339.11414,0.00672
3338.14991,0.00658
3337.18569,0.00602
3336.22146,0.00524
3335.25724,0.00460
3334.29301,0.00444
3333.32878,0.00484
3332.36456,0.00555
3331.40033,0.00617
3330.43611,0.00646
3329.47188,0.00644
3328.50766,0.00631
3327.54343,0.00626
3326.57920,0.00631
3325.61498,0.00641
3324.65075,0.00652
3323.68653,0.00662
3322.72230,0.00670
3321.75807,0.00671
3320.79385,0.00661
3319.82962,0.00641
3318.86540,0.00617
3317.90117,0.00600
3316.93695,0.00593
3315.97272,0.00599
3315.00849,0.00613
3314.04427,0.00630
3313.08004,0.00644
3312.11582,0.00647
3311.15159,0.00634
3310.18736,0.00604
3309.22314,0.00565
3308.25891,0.00531
3307.29469,0.00523
3306.33046,0.00551
3305.36623,0.00604
3304.40201,0.00653
3303.43778,0.00674
3302.47356,0.00662
3301.50933,0.00633
3300.54511,0.00599
3299.58088,0.00559
3298.61665,0.00505
3297.65243,0.00446
3296.68820,0.00417
3295.72398,0.00451
3294.75975,0.00542
3293.79552,0.00647
3292.83130,0.00709
3291.86707,0.00707
3290.90285,0.00656
3289.93862,0.00593
3288.97440,0.00546
3288.01017,0.00520
3287.04594,0.00506
3286.08172,0.00492
3285.11749,0.00472
3284.15327,0.00445
3283.18904,0.00417
3282.22481,0.00397
3281.26059,0.00393
3280.29636,0.00409
3279.33214,0.00438
3278.36791,0.00472
3277.40369,0.00502
3276.43946,0.00518
3275.47523,0.00521
3274.51101,0.00514
3273.54678,0.00507
3272.58256,0.00499
3271.61833,0.00489
3270.65410,0.00474
3269.68988,0.00464
3268.72565,0.00473
3267.76143,0.00506
3266.79720,0.00548
3265.83297,0.00575
3264.86875,0.00576
3263.90452,0.00561
3262.94030,0.00549
3261.97607,0.00548
3261.01185,0.00552
3260.04762,0.00549
3259.08339,0.00531
3258.11917,0.00500
3257.15494,0.00465
3256.19072,0.00435
3255.22649,0.00420
3254.26226,0.00424
3253.29804,0.00441
3252.33381,0.00456
3251.36959,0.00452
3250.40536,0.00423
3249.44114,0.00380
3248.47691,0.00346
3247.51268,0.00345
3246.54846,0.00380
3245.58423,0.00433
3244.62001,0.00476
3243.65578,0.00492
3242.69155,0.00490
3241.72733,0.00484
3240.76310,0.00480
3239.79888,0.00460
3238.83465,0.00410
3237.87042,0.00346
3236.90620,0.00309
3235.94197,0.00331
3234.97775,0.00404
3234.01352,0.00481
3233.04930,0.00519
3232.08507,0.00511
3231.12084,0.00488
3230.15662,0.00484
3229.19239,0.00501
3228.22817,0.00513
3227.26394,0.00493
3226.29971,0.00441
3225.33549,0.00383
3224.37126,0.00347
3223.40704,0.00345
3222.44281,0.00367
3221.47859,0.00395
3220.51436,0.00419
3219.55013,0.00442
3218.58591,0.00467
3217.62168,0.00494
3216.65746,0.00520
3215.69323,0.00545
3214.72900,0.00567
3213.76478,0.00575
3212.80055,0.00555
3211.83633,0.00505
3210.87210,0.00443
3209.90788,0.00396
3208.94365,0.00381
3207.97942,0.00398
3207.01520,0.00433
3206.05097,0.00472
3205.08675,0.00500
3204.12252,0.00499
3203.15829,0.00461
3202.19407,0.00396
3201.22984,0.00334
3200.26562,0.00303
3199.30139,0.00305
3198.33716,0.00324
3197.37294,0.00347
3196.40871,0.00373
3195.44449,0.00406
3194.48026,0.00439
3193.51604,0.00465
3192.55181,0.00483
3191.58758,0.00501
3190.62336,0.00518
3189.65913,0.00523
3188.69491,0.00509
3187.73068,0.00489
3186.76645,0.00487
3185.80223,0.00505
3184.83800,0.00519
3183.87378,0.00497
3182.90955,0.00436
3181.94533,0.00364
3180.98110,0.00318
3180.01687,0.00317
3179.05265,0.00349
3178.08842,0.00392
3177.12420,0.00422
3176.15997,0.00424
3175.19574,0.00402
3174.23152,0.00375
3173.26729,0.00364
3172.30307,0.00377
3171.33884,0.00401
3170.37461,0.00419
3169.41039,0.00419
3168.44616,0.00404
3167.48194,0.00383
3166.51771,0.00360
3165.55349,0.00343
3164.58926,0.00341
3163.62503,0.00358
3162.66081,0.00389
3161.69658,0.00422
3160.73236,0.00449
3159.76813,0.00468
3158.80390,0.00483
3157.83968,0.00493
3156.87545,0.00499
3155.91123,0.00499
3154.94700,0.00498
3153.98278,0.00500
3153.01855,0.00506
3152.05432,0.00510
3151.09010,0.00507
3150.12587,0.00485
3149.16165,0.00441
3148.19742,0.00384
3147.23319,0.00336
3146.26897,0.00319
3145.30474,0.00329
3144.34052,0.00341
3143.37629,0.00334
3142.41207,0.00315
3141.44784,0.00309
3140.48361,0.00333
3139.51939,0.00380
3138.55516,0.00428
3137.59094,0.00460
3136.62671,0.00473
3135.66248,0.00469
3134.69826,0.00454
3133.73403,0.00439
3132.76981,0.00433
3131.80558,0.00434
3130.84135,0.00427
3129.87713,0.00396
3128.91290,0.00344
3127.94868,0.00292
3126.98445,0.00260
3126.02023,0.00253
3125.05600,0.00263
3124.09177,0.00283
3123.12755,0.00311
3122.16332,0.00347
3121.19910,0.00384
3120.23487,0.00412
3119.27064,0.00428
3118.30642,0.00429
3117.34219,0.00411
3116.37797,0.00375
3115.41374,0.00333
3114.44952,0.00307
3113.48529,0.00308
3112.52106,0.00328
3111.55684,0.00349
3110.59261,0.00361
3109.62839,0.00366
3108.66416,0.00361
3107.69993,0.00336
3106.73571,0.00288
3105.77148,0.00236
3104.80726,0.00211
3103.84303,0.00223
3102.87881,0.00246
3101.91458,0.00248
3100.95035,0.00225
3099.98613,0.00210
3099.02190,0.00230
3098.05768,0.00279
3097.09345,0.00318
3096.12922,0.00321
3095.16500,0.00294
3094.20077,0.00273
3093.23655,0.00282
3092.27232,0.00319
3091.30809,0.00363
3090.34387,0.00396
3089.37964,0.00414
3088.41542,0.00424
3087.45119,0.00430
3086.48697,0.00435
3085.52274,0.00435
3084.55851,0.00420
3083.59429,0.00380
3082.63006,0.00317
3081.66584,0.00246
3080.70161,0.00194
3079.73738,0.00176
3078.77316,0.00188
3077.80893,0.00211
3076.84471,0.00227
3075.88048,0.00233
3074.91626,0.00239
3073.95203,0.00250
3072.98780,0.00269
3072.02358,0.00292
3071.05935,0.00317
3070.09513,0.00339
3069.13090,0.00352
3068.16667,0.00347
3067.20245,0.00324
3066.23822,0.00297
3065.27400,0.00278
3064.30977,0.00273
3063.34554,0.00273
3062.38132,0.00269
3061.41709,0.00263
3060.45287,0.00265
3059.48864,0.00281
3058.52442,0.00304
3057.56019,0.00315
3056.59596,0.00299
3055.63174,0.00261
3054.66751,0.00219
3053.70329,0.00191
3052.73906,0.00187
3051.77483,0.00205
3050.81061,0.00238
3049.84638,0.00279
3048.88216,0.00317
3047.91793,0.00340
3046.95371,0.00334
3045.98948,0.00301
3045.02525,0.00254
3044.06103,0.00220
3043.09680,0.00215
3042.13258,0.00236
3041.16835,0.00257
3040.20412,0.00251
3039.23990,0.00211
3038.27567,0.00159
3037.31145,0.00128
3036.34722,0.00139
3035.38300,0.00183
3034.41877,0.00229
3033.45454,0.00252
3032.49032,0.00248
3031.52609,0.00236
3030.56187,0.00235
3029.59764,0.00246
3028.63341,0.00254
3027.66919,0.00248
3026.70496,0.00234
3025.74074,0.00233
3024.77651,0.00252
3023.81228,0.00276
3022.84806,0.00282
3021.88383,0.00266
3020.91961,0.00246
3019.95538,0.00246
3018.99116,0.00265
3018.02693,0.00278
3017.06270,0.00263
3016.09848,0.00216
3015.13425,0.00154
3014.17003,0.00095
3013.20580,0.00053
3012.24157,0.00035
3011.27735,0.00050
3010.31312,0.00093
3009.34890,0.00146
3008.38467,0.00181
3007.42045,0.00187
3006.45622,0.00177
3005.49199,0.00179
3004.52777,0.00204
3003.56354,0.00241
3002.59932,0.00267
3001.63509,0.00272
3000.67086,0.00261
2999.70664,0.00250
2998.74241,0.00243
2997.77819,0.00234
2996.81396,0.00212
2995.84974,0.00178
2994.88551,0.00142
2993.92128,0.00117
2992.95706,0.00111
2991.99283,0.00125
2991.02861,0.00158
2990.06438,0.00203
2989.10015,0.00249
2988.13593,0.00281
2987.17170,0.00291
2986.20748,0.00281
2985.24325,0.00261
2984.27902,0.00239
2983.31480,0.00214
2982.35057,0.00184
2981.38635,0.00156
2980.42212,0.00142
2979.45790,0.00149
2978.49367,0.00169
2977.52944,0.00178
2976.56522,0.00166
2975.60099,0.00147
2974.63677,0.00148
2973.67254,0.00180
2972.70831,0.00227
2971.74409,0.00257
2970.77986,0.00249
2969.81564,0.00213
2968.85141,0.00174
2967.88719,0.00150
2966.92296,0.00142
2965.95873,0.00144
2964.99451,0.00150
2964.03028,0.00160
2963.06606,0.00169
2962.10183,0.00165
2961.13760,0.00144
2960.17338,0.00117
2959.20915,0.00109
2958.24493,0.00137
2957.28070,0.00194
2956.31647,0.00248
2955.35225,0.00267
2954.38802,0.00241
2953.42380,0.00196
2952.45957,0.00166
2951.49535,0.00172
2950.53112,0.00210
2949.56689,0.00252
2948.60267,0.00268
2947.63844,0.00245
2946.67422,0.00191
2945.70999,0.00132
2944.74576,0.00092
2943.78154,0.00084
2942.81731,0.00104
2941.85309,0.00139
2940.88886,0.00177
2939.92464,0.00214
2938.96041,0.00245
2937.99618,0.00262
2937.03196,0.00259
2936.06773,0.00237
2935.10351,0.00206
2934.13928,0.00185
2933.17505,0.00185
2932.21083,0.00203
2931.24660,0.00224
2930.28238,0.00234
2929.31815,0.00220
2928.35393,0.00188
2927.38970,0.00149
2926.42547,0.00117
2925.46125,0.00097
2924.49702,0.00088
2923.53280,0.00089
2922.56857,0.00107
2921.60434,0.00145
2920.64012,0.00197
2919.67589,0.00241
2918.71167,0.00259
2917.74744,0.00247
2916.78321,0.00217
2915.81899,0.00182
2914.85476,0.00147
2913.89054,0.00116
2912.92631,0.00095
2911.96209,0.00091
2910.99786,0.00103
2910.03363,0.00122
2909.06941,0.00139
2908.10518,0.00154
2907.14096,0.00174
2906.17673,0.00193
2905.21250,0.00197
2904.24828,0.00176
2903.28405,0.00134
2902.31983,0.00092
2901.35560,0.00067
2900.39138,0.00061
2899.42715,0.00069
2898.46292,0.00085
2897.49870,0.00110
2896.53447,0.00143
2895.57025,0.00181
2894.60602,0.00217
2893.64179,0.00246
2892.67757,0.00263
2891.71334,0.00262
2890.74912,0.00240
2889.78489,0.00200
2888.82066,0.00157
2887.85644,0.00128
2886.89221,0.00125
2885.92799,0.00146
2884.96376,0.00177
2883.99954,0.00203
2883.03531,0.00219
2882.07108,0.00225
2881.10686,0.00225
2880.14263,0.00216
2879.17841,0.00193
2878.21418,0.00162
2877.24995,0.00141
2876.28573,0.00154
2875.32150,0.00205
2874.35728,0.00270
2873.39305,0.00311
2872.42883,0.00301
2871.46460,0.00245
2870.50037,0.00172
2869.53615,0.00110
2868.57192,0.00075
2867.60770,0.00064
2866.64347,0.00074
2865.67924,0.00100
2864.71502,0.00137
2863.75079,0.00177
2862.78657,0.00202
2861.82234,0.00201
2860.85812,0.00172
2859.89389,0.00125
2858.92966,0.00080
2857.96544,0.00055
2857.00121,0.00060
2856.03699,0.00089
2855.07276,0.00127
2854.10853,0.00161
2853.14431,0.00180
2852.18008,0.00184
2851.21586,0.00179
2850.25163,0.00172
2849.28740,0.00167
2848.32318,0.00166
2847.35895,0.00168
2846.39473,0.00172
2845.43050,0.00173
2844.46628,0.00165
2843.50205,0.00141
2842.53782,0.00105
2841.57360,0.00069
2840.60937,0.00050
2839.64515,0.00054
2838.68092,0.00074
2837.71669,0.00099
2836.75247,0.00117
2835.78824,0.00124
2834.82402,0.00117
2833.85979,0.00094
2832.89557,0.00064
2831.93134,0.00046
2830.96711,0.00050
2830.00289,0.00068
2829.03866,0.00079
2828.07444,0.00079
2827.11021,0.00087
2826.14598,0.00131
2825.18176,0.00205
2824.21753,0.00275
2823.25331,0.00304
2822.28908,0.00287
2821.32486,0.00245
2820.36063,0.00205
2819.39640,0.00177
2818.43218,0.00158
2817.46795,0.00152
2816.50373,0.00157
2815.53950,0.00164
2814.57527,0.00153
2813.61105,0.00117
2812.64682,0.00070
2811.68260,0.00036
2810.71837,0.00033
2809.75414,0.00056
2808.78992,0.00092
2807.82569,0.00128
2806.86147,0.00151
2805.89724,0.00155
2804.93302,0.00138
2803.96879,0.00109
2803.00456,0.00086
2802.04034,0.00078
2801.07611,0.00084
2800.11189,0.00097
2799.14766,0.00114
2798.18343,0.00131
2797.21921,0.00144
2796.25498,0.00143
2795.29076,0.00124
2794.32653,0.00096
2793.36231,0.00072
2792.39808,0.00067
2791.43385,0.00083
2790.46963,0.00113
2789.50540,0.00145
2788.54118,0.00167
2787.57695,0.00172
2786.61272,0.00158
2785.64850,0.00127
2784.68427,0.00085
2783.72005,0.00044
2782.75582,0.00024
2781.79159,0.00038
2780.82737,0.00082
2779.86314,0.00128
2778.89892,0.00142
2777.93469,0.00110
2776.97047,0.00053
2776.00624,0.00005
2775.04201,-0.00016
2774.07779,-0.00009
2773.11356,0.00013
2772.14934,0.00041
2771.18511,0.00070
2770.22088,0.00088
2769.25666,0.00086
2768.29243,0.00071
2767.32821,0.00069
2766.36398,0.00101
2765.39976,0.00157
2764.43553,0.00198
2763.47130,0.00188
2762.50708,0.00125
2761.54285,0.00046
2760.57863,-0.00006
2759.61440,-0.00009
2758.65017,0.00025
2757.68595,0.00061
2756.72172,0.00075
2755.75750,0.00064
2754.79327,0.00049
2753.82905,0.00046
2752.86482,0.00061
2751.90059,0.00086
2750.93637,0.00114
2749.97214,0.00144
2749.00792,0.00170
2748.04369,0.00177
2747.07946,0.00153
2746.11524,0.00103
2745.15101,0.00055
2744.18679,0.00034
2743.22256,0.00039
2742.25833,0.00046
2741.29411,0.00041
2740.32988,0.00036
2739.36566,0.00051
2738.40143,0.00092
2737.43721,0.00140
2736.47298,0.00170
2735.50875,0.00179
2734.54453,0.00177
2733.58030,0.00178
2732.61608,0.00181
2731.65185,0.00181
2730.68762,0.00172
2729.72340,0.00156
2728.75917,0.00132
2727.79495,0.00108
2726.83072,0.00089
2725.86650,0.00084
2724.90227,0.00088
2723.93804,0.00088
2722.97382,0.00074
2722.00959,0.00044
2721.04537,0.00013
2720.08114,-0.00000
2719.11691,0.00011
2718.15269,0.00042
2717.18846,0.00080
2716.22424,0.00107
2715.26001,0.00117
2714.29579,0.00116
2713.33156,0.00119
2712.36733,0.00139
2711.40311,0.00169
2710.43888,0.00187
2709.47466,0.00175
2708.51043,0.00135
2707.54620,0.00091
2706.58198,0.00066
2705.61775,0.00069
2704.65353,0.00089
2703.68930,0.00114
2702.72507,0.00134
2701.76085,0.00147
2700.79662,0.00149
2699.83240,0.00140
2698.86817,0.00118
2697.90395,0.00090
2696.93972,0.00068
2695.97549,0.00064
2695.01127,0.00077
2694.04704,0.00102
2693.08282,0.00125
2692.11859,0.00141
2691.15436,0.00149
2690.19014,0.00152
2689.22591,0.00153
2688.26169,0.00150
2687.29746,0.00140
2686.33324,0.00120
2685.36901,0.00091
2684.40478,0.00057
2683.44056,0.00028
2682.47633,0.00015
2681.51211,0.00025
2680.54788,0.00048
2679.58365,0.00070
2678.61943,0.00078
2677.65520,0.00072
2676.69098,0.00062
2675.72675,0.00059
2674.76252,0.00065
2673.79830,0.00074
2672.83407,0.00084
2671.86985,0.00095
2670.90562,0.00107
2669.94140,0.00115
2668.97717,0.00116
2668.01294,0.00110
2667.04872,0.00100
2666.08449,0.00089
2665.12027,0.00080
2664.15604,0.00073
2663.19181,0.00073
2662.22759,0.00087
2661.26336,0.00114
2660.29914,0.00147
2659.33491,0.00170
2658.37069,0.00177
2657.40646,0.00172
2656.44223,0.00160
2655.47801,0.00147
2654.51378,0.00130
2653.54956,0.00106
2652.58533,0.00080
2651.62110,0.00061
2650.65688,0.00057
2649.69265,0.00068
2648.72843,0.00084
2647.76420,0.00094
2646.79998,0.00096
2645.83575,0.00097
2644.87152,0.00106
2643.90730,0.00126
2642.94307,0.00150
2641.97885,0.00162
2641.01462,0.00152
2640.05039,0.00122
2639.08617,0.00095
2638.12194,0.00088
2637.15772,0.00102
2636.19349,0.00117
2635.22926,0.00113
2634.26504,0.00090
2633.30081,0.00066
2632.33659,0.00057
2631.37236,0.00059
2630.40814,0.00057
2629.44391,0.00042
2628.47968,0.00024
2627.51546,0.00017
2626.55123,0.00025
2625.58701,0.00042
2624.62278,0.00061
2623.65855,0.00088
2622.69433,0.00126
2621.73010,0.00165
2620.76588,0.00185
2619.80165,0.00171
2618.83743,0.00129
2617.87320,0.00081
2616.90897,0.00047
2615.94475,0.00039
2614.98052,0.00054
2614.01630,0.00078
2613.05207,0.00098
2612.08784,0.00107
2611.12362,0.00107
2610.15939,0.00107
2609.19517,0.00113
2608.23094,0.00124
2607.26672,0.00138
2606.30249,0.00155
2605.33826,0.00177
2604.37404,0.00197
2603.40981,0.00200
2602.44559,0.00177
2601.48136,0.00136
2600.51713,0.00099
2599.55291,0.00082
2598.58868,0.00083
2597.62446,0.00090
2596.66023,0.00096
2595.69600,0.00106
2594.73178,0.00123
2593.76755,0.00141
2592.80333,0.00148
2591.83910,0.00134
2590.87488,0.00105
2589.91065,0.00074
2588.94642,0.00054
2587.98220,0.00051
2587.01797,0.00064
2586.05375,0.00085
2585.08952,0.00101
2584.12529,0.00104
2583.16107,0.00096
2582.19684,0.00084
2581.23262,0.00080
2580.26839,0.00084
2579.30417,0.00090
2578.33994,0.00089
2577.37571,0.00077
2576.41149,0.00056
2575.44726,0.00036
2574.48304,0.00028
2573.51881,0.00046
2572.55458,0.00093
2571.59036,0.00155
2570.62613,0.00207
2569.66191,0.00227
2568.69768,0.00211
2567.73345,0.00175
2566.76923,0.00141
2565.80500,0.00120
2564.84078,0.00114
2563.87655,0.00114
2562.91233,0.00110
2561.94810,0.00102
2560.98387,0.00092
2560.01965,0.00086
2559.05542,0.00088
2558.09120,0.00103
2557.12697,0.00131
2556.16274,0.00161
2555.19852,0.00179
2554.23429,0.00174
2553.27007,0.00149
2552.30584,0.00115
2551.34162,0.00083
2550.37739,0.00060
2549.41316,0.00054
2548.44894,0.00070
2547.48471,0.00107
2546.52049,0.00149
2545.55626,0.00172
2544.59203,0.00166
2543.62781,0.00146
2542.66358,0.00135
2541.69936,0.00141
2540.73513,0.00146
2539.77091,0.00132
2538.80668,0.00104
2537.84245,0.00086
2536.87823,0.00096
2535.91400,0.00122
2534.94978,0.00144
2533.98555,0.00148
2533.02132,0.00136
2532.05710,0.00116
2531.09287,0.00087
2530.12865,0.00050
2529.16442,0.00017
2528.20019,0.00006
2527.23597,0.00023
2526.27174,0.00052
2525.30752,0.00070
2524.34329,0.00066
2523.37907,0.00050
2522.41484,0.00041
2521.45061,0.00049
2520.48639,0.00074
2519.52216,0.00106
2518.55794,0.00131
2517.59371,0.00140
2516.62948,0.00132
2515.66526,0.00115
2514.70103,0.00100
2513.73681,0.00091
2512.77258,0.00085
2511.80836,0.00077
2510.84413,0.00067
2509.87990,0.00058
2508.91568,0.00055
2507.95145,0.00060
2506.98723,0.00076
2506.02300,0.00103
2505.05877,0.00127
2504.09455,0.00134
2503.13032,0.00119
2502.16610,0.00099
2501.20187,0.00093
2500.23764,0.00108
2499.27342,0.00125
2498.30919,0.00127
2497.34497,0.00114
2496.38074,0.00104
2495.41652,0.00104
2494.45229,0.00108
2493.48806,0.00103
2492.52384,0.00097
2491.55961,0.00106
2490.59539,0.00135
2489.63116,0.00171
2488.66693,0.00199
2487.70271,0.00211
2486.73848,0.00213
2485.77426,0.00203
2484.81003,0.00173
2483.84581,0.00121
2482.88158,0.00062
2481.91735,0.00023
2480.95313,0.00018
2479.98890,0.00042
2479.02468,0.00073
2478.06045,0.00094
2477.09622,0.00096
2476.13200,0.00083
2475.16777,0.00065
2474.20355,0.00056
2473.23932,0.00062
2472.27510,0.00082
2471.31087,0.00103
2470.34664,0.00117
2469.38242,0.00125
2468.41819,0.00130
2467.45397,0.00137
2466.48974,0.00143
2465.52551,0.00145
2464.56129,0.00145
2463.59706,0.00142
2462.63284,0.00131
2461.66861,0.00109
2460.70438,0.00079
2459.74016,0.00056
2458.77593,0.00051
2457.81171,0.00065
2456.84748,0.00084
2455.88326,0.00098
2454.91903,0.00104
2453.95480,0.00108
2452.99058,0.00112
2452.02635,0.00118
2451.06213,0.00131
2450.09790,0.00155
2449.13367,0.00183
2448.16945,0.00198
2447.20522,0.00186
2446.24100,0.00151
2445.27677,0.00118
2444.31255,0.00106
2443.34832,0.00114
2442.38409,0.00119
2441.41987,0.00100
2440.45564,0.00063
2439.49142,0.00031
2438.52719,0.00025
2437.56296,0.00046
2436.59874,0.00076
2435.63451,0.00101
2434.67029,0.00114
2433.70606,0.00115
2432.74184,0.00105
2431.77761,0.00089
2430.81338,0.00078
2429.84916,0.00081
2428.88493,0.00098
2427.92071,0.00117
2426.95648,0.00124
2425.99225,0.00116
2425.02803,0.00100
2424.06380,0.00082
2423.09958,0.00065
2422.13535,0.00052
2421.17112,0.00054
2420.20690,0.00077
2419.24267,0.00110
2418.27845,0.00130
2417.31422,0.00124
2416.35000,0.00101
2415.38577,0.00088
2414.42154,0.00094
2413.45732,0.00106
2412.49309,0.00102
2411.52887,0.00082
2410.56464,0.00062
2409.60041,0.00063
2408.63619,0.00085
2407.67196,0.00114
2406.70774,0.00137
2405.74351,0.00154
2404.77929,0.00171
2403.81506,0.00187
2402.85083,0.00194
2401.88661,0.00188
2400.92238,0.00174
2399.95816,0.00162
2398.99393,0.00161
2398.02970,0.00172
2397.06548,0.00187
2396.10125,0.00193
2395.13703,0.00183
2394.17280,0.00164
2393.20857,0.00149
2392.24435,0.00145
2391.28012,0.00142
2390.31590,0.00126
2389.35167,0.00096
2388.38745,0.00069
2387.42322,0.00063
2386.45899,0.00075
2385.49477,0.00088
2384.53054,0.00091
2383.56632,0.00087
2382.60209,0.00087
2381.63786,0.00093
2380.67364,0.00098
2379.70941,0.00100
2378.74519,0.00105
2377.78096,0.00120
2376.81674,0.00137
2375.85251,0.00143
2374.88828,0.00135
2373.92406,0.00124
2372.95983,0.00123
2371.99561,0.00134
2371.03138,0.00148
2370.06715,0.00161
2369.10293,0.00179
2368.13870,0.00205
2367.17448,0.00231
2366.21025,0.00239
2365.24603,0.00221
2364.28180,0.00185
2363.31757,0.00148
2362.35335,0.00119
2361.38912,0.00101
2360.42490,0.00093
2359.46067,0.00093
2358.49644,0.00100
2357.53222,0.00109
2356.56799,0.00122
2355.60377,0.00141
2354.63954,0.00165
2353.67531,0.00187
2352.71109,0.00199
2351.74686,0.00198
2350.78264,0.00184
2349.81841,0.00161
2348.85419,0.00134
2347.88996,0.00110
2346.92573,0.00101
2345.96151,0.00109
2344.99728,0.00124
2344.03306,0.00129
2343.06883,0.00118
2342.10460,0.00104
2341.14038,0.00105
2340.17615,0.00118
2339.21193,0.00129
2338.24770,0.00124
2337.28348,0.00110
2336.31925,0.00102
2335.35502,0.00110
2334.39080,0.00133
2333.42657,0.00162
2332.46235,0.00191
2331.49812,0.00218
2330.53389,0.00234
2329.56967,0.00236
2328.60544,0.00223
2327.64122,0.00202
2326.67699,0.00178
2325.71277,0.00157
2324.74854,0.00145
2323.78431,0.00151
2322.82009,0.00174
2321.85586,0.00203
2320.89164,0.00222
2319.92741,0.00223
2318.96318,0.00208
2317.99896,0.00184
2317.03473,0.00152
2316.07051,0.00119
2315.10628,0.00097
2314.14205,0.00101
2313.17783,0.00127
2312.21360,0.00149
2311.24938,0.00141
2310.28515,0.00105
2309.32093,0.00070
2308.35670,0.00060
2307.39247,0.00074
2306.42825,0.00091
2305.46402,0.00098
2304.49980,0.00101
2303.53557,0.00109
2302.57134,0.00118
2301.60712,0.00116
2300.64289,0.00101
2299.67867,0.00088
2298.71444,0.00096
2297.75022,0.00130
2296.78599,0.00172
2295.82176,0.00202
2294.85754,0.00213
2293.89331,0.00207
2292.92909,0.00195
2291.96486,0.00185
2291.00063,0.00178
2290.03641,0.00173
2289.07218,0.00159
2288.10796,0.00127
2287.14373,0.00078
2286.17950,0.00027
2285.21528,-0.00005
2284.25105,-0.00009
2283.28683,0.00010
2282.32260,0.00036
2281.35838,0.00055
2280.39415,0.00065
2279.42992,0.00070
2278.46570,0.00077
2277.50147,0.00088
2276.53725,0.00102
2275.57302,0.00117
2274.60879,0.00135
2273.64457,0.00157
2272.68034,0.00180
2271.71612,0.00188
2270.75189,0.00170
2269.78767,0.00124
2268.82344,0.00074
2267.85921,0.00043
2266.89499,0.00043
2265.93076,0.00063
2264.96654,0.00085
2264.00231,0.00096
2263.03808,0.00097
2262.07386,0.00093
2261.10963,0.00089
2260.14541,0.00091
2259.18118,0.00100
2258.21696,0.00115
2257.25273,0.00123
2256.28850,0.00118
2255.32428,0.00108
2254.36005,0.00109
2253.39583,0.00125
2252.43160,0.00147
2251.46737,0.00168
2250.50315,0.00196
2249.53892,0.00247
2248.57470,0.00313
2247.61047,0.00356
2246.64624,0.00339
2245.68202,0.00266
2244.71779,0.00181
2243.75357,0.00130
2242.78934,0.00121
2241.82512,0.00129
2240.86089,0.00130
2239.89666,0.00123
2238.93244,0.00115
2237.96821,0.00107
2237.00399,0.00090
2236.03976,0.00062
2235.07553,0.00039
2234.11131,0.00034
2233.14708,0.00049
2232.18286,0.00067
2231.21863,0.00079
2230.25441,0.00086
2229.29018,0.00099
2228.32595,0.00125
2227.36173,0.00154
2226.39750,0.00175
2225.43328,0.00177
2224.46905,0.00159
2223.50482,0.00130
2222.54060,0.00102
2221.57637,0.00087
2220.61215,0.00089
2219.64792,0.00101
2218.68369,0.00114
2217.71947,0.00119
2216.75524,0.00105
2215.79102,0.00071
2214.82679,0.00028
2213.86257,0.00002
2212.89834,0.00014
2211.93411,0.00061
2210.96989,0.00115
2210.00566,0.00150
2209.04144,0.00163
2208.07721,0.00168
2207.11298,0.00173
2206.14876,0.00168
2205.18453,0.00141
2204.22031,0.00102
2203.25608,0.00077
2202.29186,0.00084
2201.32763,0.00115
2200.36340,0.00143
2199.39918,0.00149
2198.43495,0.00132
2197.47073,0.00110
2196.50650,0.00097
2195.54227,0.00100
2194.57805,0.00118
2193.61382,0.00138
2192.64960,0.00149
2191.68537,0.00148
2190.72115,0.00141
2189.75692,0.00136
2188.79269,0.00136
2187.82847,0.00135
2186.86424,0.00131
2185.90002,0.00131
2184.93579,0.00139
2183.97156,0.00146
2183.00734,0.00140
2182.04311,0.00123
2181.07889,0.00111
2180.11466,0.00114
2179.15043,0.00123
2178.18621,0.00125
2177.22198,0.00118
2176.25776,0.00115
2175.29353,0.00128
2174.32931,0.00148
2173.36508,0.00161
2172.40085,0.00164
2171.43663,0.00167
2170.47240,0.00173
2169.50818,0.00171
2168.54395,0.00151
2167.57972,0.00126
2166.61550,0.00119
2165.65127,0.00137
2164.68705,0.00161
2163.72282,0.00171
2162.75860,0.00168
2161.79437,0.00169
2160.83014,0.00180
2159.86592,0.00189
2158.90169,0.00182
2157.93747,0.00161
2156.97324,0.00139
2156.00901,0.00122
2155.04479,0.00104
2154.08056,0.00087
2153.11634,0.00086
2152.15211,0.00114
2151.18789,0.00161
2150.22366,0.00203
2149.25943,0.00218
2148.29521,0.00213
2147.33098,0.00208
2146.36676,0.00216
2145.40253,0.00238
2144.43830,0.00267
2143.47408,0.00298
2142.50985,0.00328
2141.54563,0.00353
2140.58140,0.00368
2139.61717,0.00373
2138.65295,0.00371
2137.68872,0.00366
2136.72450,0.00360
2135.76027,0.00357
2134.79605,0.00362
2133.83182,0.00375
2132.86759,0.00393
2131.90337,0.00411
2130.93914,0.00428
2129.97492,0.00445
2129.01069,0.00460
2128.04646,0.00460
2127.08224,0.00438
2126.11801,0.00398
2125.15379,0.00355
2124.18956,0.00325
2123.22534,0.00315
2122.26111,0.00320
2121.29688,0.00331
2120.33266,0.00332
2119.36843,0.00314
2118.40421,0.00274
2117.43998,0.00226
2116.47575,0.00191
2115.51153,0.00181
2114.54730,0.00193
2113.58308,0.00214
2112.61885,0.00233
2111.65462,0.00246
2110.69040,0.00250
2109.72617,0.00239
2108.76195,0.00211
2107.79772,0.00174
2106.83350,0.00142
2105.86927,0.00122
2104.90504,0.00111
2103.94082,0.00100
2102.97659,0.00083
2102.01237,0.00067
2101.04814,0.00064
2100.08391,0.00077
2099.11969,0.00097
2098.15546,0.00110
2097.19124,0.00110
2096.22701,0.00101
2095.26279,0.00095
2094.29856,0.00099
2093.33433,0.00112
2092.37011,0.00120
2091.40588,0.00113
2090.44166,0.00090
2089.47743,0.00062
2088.51320,0.00042
2087.54898,0.00039
2086.58475,0.00053
2085.62053,0.00080
2084.65630,0.00105
2083.69208,0.00117
2082.72785,0.00109
2081.76362,0.00088
2080.79940,0.00070
2079.83517,0.00068
2078.87095,0.00079
2077.90672,0.00090
2076.94249,0.00090
2075.97827,0.00084
2075.01404,0.00084
2074.04982,0.00096
2073.08559,0.00110
2072.12136,0.00110
2071.15714,0.00088
2070.19291,0.00051
2069.22869,0.00017
2068.26446,0.00004
2067.30024,0.00017
2066.33601,0.00049
2065.37178,0.00088
2064.40756,0.00124
2063.44333,0.00150
2062.47911,0.00162
2061.51488,0.00157
2060.55065,0.00145
2059.58643,0.00136
2058.62220,0.00139
2057.65798,0.00149
2056.69375,0.00149
2055.72953,0.00128
2054.76530,0.00092
2053.80107,0.00064
2052.83685,0.00060
2051.87262,0.00083
2050.90840,0.00118
2049.94417,0.00147
2048.97994,0.00162
2048.01572,0.00158
2047.05149,0.00135
2046.08727,0.00098
2045.12304,0.00065
2044.15882,0.00059
2043.19459,0.00085
2042.23036,0.00128
2041.26614,0.00159
2040.30191,0.00164
2039.33769,0.00151
2038.37346,0.00137
2037.40923,0.00131
2036.44501,0.00124
2035.48078,0.00108
2034.51656,0.00085
2033.55233,0.00067
2032.58810,0.00063
2031.62388,0.00073
2030.65965,0.00089
2029.69543,0.00100
2028.73120,0.00098
2027.76698,0.00078
2026.80275,0.00039
2025.83852,-0.00005
2024.87430,-0.00037
2023.91007,-0.00043
2022.94585,-0.00023
2021.98162,0.00010
2021.01739,0.00042
2020.05317,0.00066
2019.08894,0.00080
2018.12472,0.00085
2017.16049,0.00085
2016.19627,0.00085
2015.23204,0.00090
2014.26781,0.00099
2013.30359,0.00106
2012.33936,0.00106
2011.37514,0.00096
2010.41091,0.00082
2009.44668,0.00067
2008.48246,0.00053
2007.51823,0.00041
2006.55401,0.00034
2005.58978,0.00036
2004.62555,0.00051
2003.66133,0.00075
2002.69710,0.00100
2001.73288,0.00118
2000.76865,0.00126
1999.80443,0.00126
1998.84020,0.00121
1997.87597,0.00113
1996.91175,0.00106
1995.94752,0.00104
1994.98330,0.00108
1994.01907,0.00108
1993.05484,0.00093
1992.09062,0.00062
1991.12639,0.00031
1990.16217,0.00018
1989.19794,0.00032
1988.23372,0.00062
1987.26949,0.00089
1986.30526,0.00104
1985.34104,0.00112
1984.37681,0.00123
1983.41259,0.00136
1982.44836,0.00147
1981.48413,0.00154
1980.51991,0.00163
1979.55568,0.00178
1978.59146,0.00188
1977.62723,0.00182
1976.66301,0.00158
1975.69878,0.00130
1974.73455,0.00113
1973.77033,0.00104
1972.80610,0.00090
1971.84188,0.00060
1970.87765,0.00026
1969.91342,0.00010
1968.94920,0.00019
1967.98497,0.00042
1967.02075,0.00056
1966.05652,0.00049
1965.09229,0.00030
1964.12807,0.00018
1963.16384,0.00027
1962.19962,0.00053
1961.23539,0.00077
1960.27117,0.00085
1959.30694,0.00072
1958.34271,0.00052
1957.37849,0.00040
1956.41426,0.00048
1955.45004,0.00072
1954.48581,0.00100
1953.52158,0.00121
1952.55736,0.00125
1951.59313,0.00108
1950.62891,0.00076
1949.66468,0.00045
1948.70046,0.00028
1947.73623,0.00027
1946.77200,0.00027
1945.80778,0.00015
1944.84355,-0.00010
1943.87933,-0.00033
1942.91510,-0.00038
1941.95087,-0.00021
1940.98665,0.00006
1940.02242,0.00030
1939.05820,0.00043
1938.09397,0.00047
1937.12974,0.00051
1936.16552,0.00065
1935.20129,0.00092
1934.23707,0.00124
1933.27284,0.00144
1932.30862,0.00141
1931.34439,0.00121
1930.38016,0.00106
1929.41594,0.00112
1928.45171,0.00138
1927.48749,0.00165
1926.52326,0.00173
1925.55903,0.00154
1924.59481,0.00111
1923.63058,0.00060
1922.66636,0.00020
1921.70213,0.00006
1920.73791,0.00019
1919.77368,0.00043
1918.80945,0.00062
1917.84523,0.00071
1916.88100,0.00081
1915.91678,0.00098
1914.95255,0.00114
1913.98832,0.00115
1913.02410,0.00097
1912.05987,0.00075
1911.09565,0.00061
1910.13142,0.00058
1909.16720,0.00054
1908.20297,0.00046
1907.23874,0.00039
1906.27452,0.00036
1905.31029,0.00037
1904.34607,0.00038
1903.38184,0.00038
1902.41761,0.00042
1901.45339,0.00047
1900.48916,0.00050
1899.52494,0.00050
1898.56071,0.00052
1897.59648,0.00057
1896.63226,0.00060
1895.66803,0.00058
1894.70381,0.00059
1893.73958,0.00081
1892.77536,0.00125
1891.81113,0.00168
1890.84690,0.00180
1889.88268,0.00152
1888.91845,0.00108
1887.95423,0.00080
1886.99000,0.00082
1886.02577,0.00104
1885.06155,0.00125
1884.09732,0.00132
1883.13310,0.00123
1882.16887,0.00106
1881.20465,0.00092
1880.24042,0.00088
1879.27619,0.00090
1878.31197,0.00091
1877.34774,0.00085
1876.38352,0.00078
1875.41929,0.00079
1874.45506,0.00090
1873.49084,0.00102
1872.52661,0.00109
1871.56239,0.00112
1870.59816,0.00115
1869.63394,0.00112
1868.66971,0.00094
1867.70548,0.00061
1866.74126,0.00032
1865.77703,0.00024
1864.81281,0.00040
1863.84858,0.00066
1862.88435,0.00090
1861.92013,0.00110
1860.95590,0.00126
1859.99168,0.00136
1859.02745,0.00137
1858.06322,0.00133
1857.09900,0.00128
1856.13477,0.00119
1855.17055,0.00099
1854.20632,0.00066
1853.24210,0.00034
1852.27787,0.00019
1851.31364,0.00028
1850.34942,0.00048
1849.38519,0.00070
1848.42097,0.00089
1847.45674,0.00108
1846.49251,0.00122
1845.52829,0.00122
1844.56406,0.00108
1843.59984,0.00094
1842.63561,0.00095
1841.67139,0.00114
1840.70716,0.00137
1839.74293,0.00152
1838.77871,0.00155
1837.81448,0.00150
1836.85026,0.00142
1835.88603,0.00137
1834.92180,0.00138
1833.95758,0.00148
1832.99335,0.00163
1832.02913,0.00175
1831.06490,0.00177
1830.10067,0.00168
1829.13645,0.00146
1828.17222,0.00113
1827.20800,0.00082
1826.24377,0.00068
1825.27955,0.00082
1824.31532,0.00112
1823.35109,0.00137
1822.38687,0.00142
1821.42264,0.00135
1820.45842,0.00134
1819.49419,0.00144
1818.52996,0.00153
1817.56574,0.00150
1816.60151,0.00140
1815.63729,0.00138
1814.67306,0.00149
1813.70884,0.00163
1812.74461,0.00166
1811.78038,0.00157
1810.81616,0.00141
1809.85193,0.00128
1808.88771,0.00123
1807.92348,0.00124
1806.95925,0.00132
1805.99503,0.00139
1805.03080,0.00137
1804.06658,0.00127
1803.10235,0.00116
1802.13813,0.00117
1801.17390,0.00130
1800.20967,0.00147
1799.24545,0.00155
1798.28122,0.00150
1797.31700,0.00139
1796.35277,0.00127
1795.38854,0.00119
1794.42432,0.00119
1793.46009,0.00130
1792.49587,0.00147
1791.53164,0.00161
1790.56741,0.00163
1789.60319,0.00157
1788.63896,0.00151
1787.67474,0.00151
1786.71051,0.00156
1785.74629,0.00157
1784.78206,0.00153
1783.81783,0.00145
1782.85361,0.00136
1781.88938,0.00128
1780.92516,0.00127
1779.96093,0.00136
1778.99670,0.00154
1778.03248,0.00171
1777.06825,0.00177
1776.10403,0.00171
1775.13980,0.00160
1774.17558,0.00154
1773.21135,0.00154
1772.24712,0.00158
1771.28290,0.00167
1770.31867,0.00179
1769.35445,0.00189
1768.39022,0.00190
1767.42599,0.00176
1766.46177,0.00156
1765.49754,0.00142
1764.53332,0.00138
1763.56909,0.00136
1762.60487,0.00128
1761.64064,0.00114
1760.67641,0.00105
1759.71219,0.00108
1758.74796,0.00118
1757.78374,0.00124
1756.81951,0.00118
1755.85528,0.00104
1754.89106,0.00093
1753.92683,0.00095
1752.96261,0.00111
1751.99838,0.00133
1751.03415,0.00150
1750.06993,0.00156
1749.10570,0.00155
1748.14148,0.00153
1747.17725,0.00156
1746.21303,0.00162
1745.24880,0.00166
1744.28457,0.00165
1743.32035,0.00158
1742.35612,0.00142
1741.39190,0.00119
1740.42767,0.00095
1739.46344,0.00080
1738.49922,0.00082
1737.53499,0.00099
1736.57077,0.00123
1735.60654,0.00144
1734.64232,0.00161
1733.67809,0.00177
1732.71386,0.00191
1731.74964,0.00200
1730.78541,0.00202
1729.82119,0.00200
1728.85696,0.00201
1727.89273,0.00208
1726.92851,0.00220
1725.96428,0.00227
1725.00006,0.00222
1724.03583,0.00202
1723.07160,0.00172
1722.10738,0.00144
1721.14315,0.00134
1720.17893,0.00146
1719.21470,0.00171
1718.25048,0.00194
1717.28625,0.00208
1716.32202,0.00212
1715.35780,0.00212
1714.39357,0.00210
1713.42935,0.00208
1712.46512,0.00207
1711.50089,0.00207
1710.53667,0.00211
1709.57244,0.00216
1708.60822,0.00219
1707.64399,0.00221
1706.67977,0.00222
1705.71554,0.00220
1704.75131,0.00212
1703.78709,0.00200
1702.82286,0.00190
1701.85864,0.00187
1700.89441,0.00187
1699.93018,0.00186
1698.96596,0.00190
1698.00173,0.00209
1697.03751,0.00247
1696.07328,0.00288
1695.10906,0.00306
1694.14483,0.00292
1693.18060,0.00262
1692.21638,0.00245
1691.25215,0.00254
1690.28793,0.00280
1689.32370,0.00304
1688.35947,0.00315
1687.39525,0.00316
1686.43102,0.00314
1685.46680,0.00317
1684.50257,0.00327
1683.53834,0.00345
1682.57412,0.00365
1681.60989,0.00377
1680.64567,0.00370
1679.68144,0.00346
1678.71722,0.00321
1677.75299,0.00314
1676.78876,0.00326
1675.82454,0.00344
1674.86031,0.00346
1673.89609,0.00325
1672.93186,0.00288
1671.96763,0.00254
1671.00341,0.00240
1670.03918,0.00252
1669.07496,0.00282
1668.11073,0.00318
1667.14651,0.00345
1666.18228,0.00358
1665.21805,0.00361
1664.25383,0.00361
1663.28960,0.00365
1662.32538,0.00375
1661.36115,0.00391
1660.39692,0.00407
1659.43270,0.00415
1658.46847,0.00411
1657.50425,0.00394
1656.54002,0.00371
1655.57579,0.00352
1654.61157,0.00341
1653.64734,0.00334
1652.68312,0.00328
1651.71889,0.00319
1650.75467,0.00311
1649.79044,0.00305
1648.82621,0.00305
1647.86199,0.00313
1646.89776,0.00329
1645.93354,0.00350
1644.96931,0.00368
1644.00508,0.00376
1643.04086,0.00373
1642.07663,0.00364
1641.11241,0.00352
1640.14818,0.00337
1639.18396,0.00316
1638.21973,0.00291
1637.25550,0.00270
1636.29128,0.00258
1635.32705,0.00254
1634.36283,0.00249
1633.39860,0.00245
1632.43437,0.00253
1631.47015,0.00280
1630.50592,0.00319
1629.54170,0.00343
1628.57747,0.00330
1627.61325,0.00282
1626.64902,0.00225
1625.68479,0.00192
1624.72057,0.00195
1623.75634,0.00223
1622.79212,0.00249
1621.82789,0.00257
1620.86366,0.00245
1619.89944,0.00228
1618.93521,0.00219
1617.97099,0.00225
1617.00676,0.00242
1616.04253,0.00257
1615.07831,0.00263
1614.11408,0.00260
1613.14986,0.00249
1612.18563,0.00235
1611.22141,0.00219
1610.25718,0.00206
1609.29295,0.00201
1608.32873,0.00205
1607.36450,0.00213
1606.40028,0.00219
1605.43605,0.00216
1604.47182,0.00206
1603.50760,0.00193
1602.54337,0.00182
1601.57915,0.00179
1600.61492,0.00189
1599.65070,0.00211
1598.68647,0.00233
1597.72224,0.00243
1596.75802,0.00234
1595.79379,0.00218
1594.82957,0.00210
1593.86534,0.00220
1592.90111,0.00242
1591.93689,0.00261
1590.97266,0.00268
1590.00844,0.00261
1589.04421,0.00243
1588.07999,0.00219
1587.11576,0.00198
1586.15153,0.00186
1585.18731,0.00187
1584.22308,0.00193
1583.25886,0.00196
1582.29463,0.00192
1581.33040,0.00189
1580.36618,0.00193
1579.40195,0.00200
1578.43773,0.00199
1577.47350,0.00182
1576.50927,0.00150
1575.54505,0.00113
1574.58082,0.00089
1573.61660,0.00091
1572.65237,0.00120
1571.68815,0.00166
1570.72392,0.00206
1569.75969,0.00219
1568.79547,0.00201
1567.83124,0.00164
1566.86702,0.00127
1565.90279,0.00104
1564.93856,0.00095
1563.97434,0.00100
1563.01011,0.00118
1562.04589,0.00146
1561.08166,0.00176
1560.11744,0.00199
1559.15321,0.00204
1558.18898,0.00187
1557.22476,0.00149
1556.26053,0.00101
1555.29631,0.00062
1554.33208,0.00056
1553.36785,0.00092
1552.40363,0.00154
1551.43940,0.00206
1550.47518,0.00217
1549.51095,0.00187
1548.54672,0.00145
1547.58250,0.00124
1546.61827,0.00134
1545.65405,0.00164
1544.68982,0.00187
1543.72560,0.00187
1542.76137,0.00167
1541.79714,0.00141
1540.83292,0.00126
1539.86869,0.00124
1538.90447,0.00128
1537.94024,0.00126
1536.97601,0.00118
1536.01179,0.00113
1535.04756,0.00126
1534.08334,0.00155
1533.11911,0.00188
1532.15489,0.00209
1531.19066,0.00211
1530.22643,0.00201
1529.26221,0.00188
1528.29798,0.00178
1527.33376,0.00170
1526.36953,0.00160
1525.40530,0.00145
1524.44108,0.00132
1523.47685,0.00127
1522.51263,0.00130
1521.54840,0.00133
1520.58418,0.00124
1519.61995,0.00102
1518.65572,0.00079
1517.69150,0.00070
1516.72727,0.00084
1515.76305,0.00112
1514.79882,0.00141
1513.83459,0.00161
1512.87037,0.00169
1511.90614,0.00170
1510.94192,0.00165
1509.97769,0.00161
1509.01346,0.00163
1508.04924,0.00179
1507.08501,0.00206
1506.12079,0.00231
1505.15656,0.00238
1504.19234,0.00223
1503.22811,0.00194
1502.26388,0.00164
1501.29966,0.00142
1500.33543,0.00130
1499.37121,0.00126
1498.40698,0.00125
1497.44275,0.00122
1496.47853,0.00114
1495.51430,0.00101
1494.55008,0.00092
1493.58585,0.00088
1492.62163,0.00086
1491.65740,0.00082
1490.69317,0.00084
1489.72895,0.00105
1488.76472,0.00148
1487.80050,0.00198
1486.83627,0.00227
1485.87204,0.00218
1484.90782,0.00179
1483.94359,0.00134
1482.97937,0.00104
1482.01514,0.00093
1481.05092,0.00099
1480.08669,0.00117
1479.12246,0.00141
1478.15824,0.00163
1477.19401,0.00181
1476.22979,0.00202
1475.26556,0.00234
1474.30133,0.00271
1473.33711,0.00284
1472.37288,0.00256
1471.40866,0.00202
1470.44443,0.00162
1469.48020,0.00164
1468.51598,0.00195
1467.55175,0.00222
1466.58753,0.00226
1465.62330,0.00213
1464.65908,0.00195
1463.69485,0.00168
1462.73062,0.00128
1461.76640,0.00091
1460.80217,0.00084
1459.83795,0.00113
1458.87372,0.00141
1457.90949,0.00126
1456.94527,0.00062
1455.98104,-0.00006
1455.01682,-0.00038
1454.05259,-0.00034
1453.08837,-0.00025
1452.12414,-0.00026
1451.15991,-0.00024
1450.19569,-0.00000
1449.23146,0.00039
1448.26724,0.00064
1447.30301,0.00060
1446.33878,0.00043
1445.37456,0.00048
1444.41033,0.00091
1443.44611,0.00156
1442.48188,0.00208
1441.51765,0.00221
1440.55343,0.00200
1439.58920,0.00169
1438.62498,0.00150
1437.66075,0.00146
1436.69653,0.00148
1435.73230,0.00153
1434.76807,0.00171
1433.80385,0.00209
1432.83962,0.00256
1431.87540,0.00283
1430.91117,0.00269
1429.94694,0.00215
1428.98272,0.00148
1428.01849,0.00093
1427.05427,0.00069
1426.09004,0.00083
1425.12582,0.00135
1424.16159,0.00211
1423.19736,0.00289
1422.23314,0.00343
1421.26891,0.00359
1420.30469,0.00336
1419.34046,0.00280
1418.37623,0.00201
1417.41201,0.00119
1416.44778,0.00057
1415.48356,0.00030
1414.51933,0.00034
1413.55511,0.00049
1412.59088,0.00067
1411.62665,0.00091
1410.66243,0.00129
1409.69820,0.00175
1408.73398,0.00206
1407.76975,0.00210
1406.80552,0.00195
1405.84130,0.00181
1404.87707,0.00174
1403.91285,0.00168
1402.94862,0.00154
1401.98439,0.00138
1401.02017,0.00136
1400.05594,0.00148
1399.09172,0.00163
1398.12749,0.00166
1397.16327,0.00157
1396.19904,0.00149
1395.23481,0.00150
1394.27059,0.00160
1393.30636,0.00168
1392.34214,0.00168
1391.37791,0.00163
1390.41368,0.00157
1389.44946,0.00150
1388.48523,0.00135
1387.52101,0.00111
1386.55678,0.00087
1385.59256,0.00073
1384.62833,0.00068
1383.66410,0.00061
1382.69988,0.00045
1381.73565,0.00031
1380.77143,0.00042
1379.80720,0.00085
1378.84297,0.00144
1377.87875,0.00191
1376.91452,0.00217
1375.95030,0.00239
1374.98607,0.00278
1374.02184,0.00334
1373.05762,0.00383
1372.09339,0.00397
1371.12917,0.00365
1370.16494,0.00296
1369.20072,0.00215
1368.23649,0.00154
1367.27226,0.00141
1366.30804,0.00182
1365.34381,0.00249
1364.37959,0.00298
1363.41536,0.00297
1362.45113,0.00254
1361.48691,0.00205
1360.52268,0.00180
1359.55846,0.00179
1358.59423,0.00180
1357.63001,0.00163
1356.66578,0.00129
1355.70155,0.00096
1354.73733,0.00083
1353.77310,0.00098
1352.80888,0.00123
1351.84465,0.00134
1350.88042,0.00117
1349.91620,0.00083
1348.95197,0.00061
1347.98775,0.00070
1347.02352,0.00104
1346.05930,0.00147
1345.09507,0.00185
1344.13084,0.00214
1343.16662,0.00225
1342.20239,0.00204
1341.23817,0.00147
1340.27394,0.00077
1339.30971,0.00029
1338.34549,0.00017
1337.38126,0.00027
1336.41704,0.00034
1335.45281,0.00034
1334.48858,0.00042
1333.52436,0.00070
1332.56013,0.00106
1331.59591,0.00128
1330.63168,0.00124
1329.66746,0.00099
1328.70323,0.00059
1327.73900,0.00009
1326.77478,-0.00041
1325.81055,-0.00072
1324.84633,-0.00058
1323.88210,0.00006
1322.91787,0.00099
1321.95365,0.00184
1320.98942,0.00228
1320.02520,0.00216
1319.06097,0.00161
1318.09675,0.00097
1317.13252,0.00064
1316.16829,0.00082
1315.20407,0.00141
1314.23984,0.00208
1313.27562,0.00249
1312.31139,0.00252
1311.34716,0.00220
1310.38294,0.00170
1309.41871,0.00127
1308.45449,0.00118
1307.49026,0.00156
1306.52604,0.00232
1305.56181,0.00313
1304.59758,0.00367
1303.63336,0.00378
1302.66913,0.00343
1301.70491,0.00273
1300.74068,0.00188
1299.77645,0.00112
1298.81223,0.00058
1297.84800,0.00022
1296.88378,-0.00014
1295.91955,-0.00050
1294.95532,-0.00069
1293.99110,-0.00050
1293.02687,0.00000
1292.06265,0.00051
1291.09842,0.00084
1290.13420,0.00105
1289.16997,0.00131
1288.20574,0.00162
1287.24152,0.00182
1286.27729,0.00191
1285.31307,0.00208
1284.34884,0.00249
1283.38461,0.00308
1282.42039,0.00356
1281.45616,0.00375
1280.49194,0.00367
1279.52771,0.00342
1278.56349,0.00304
1277.59926,0.00250
1276.63503,0.00192
1275.67081,0.00151
1274.70658,0.00138
1273.74236,0.00145
1272.77813,0.00147
1271.81390,0.00129
1270.84968,0.00097
1269.88545,0.00076
1268.92123,0.00094
1267.95700,0.00158
1266.99277,0.00245
1266.02855,0.00305
1265.06432,0.00299
1264.10010,0.00238
1263.13587,0.00174
1262.17165,0.00153
1261.20742,0.00170
1260.24319,0.00180
1259.27897,0.00158
1258.31474,0.00124
1257.35052,0.00116
1256.38629,0.00138
1255.42206,0.00162
1254.45784,0.00166
1253.49361,0.00162
1252.52939,0.00179
1251.56516,0.00217
1250.60094,0.00247
1249.63671,0.00237
1248.67248,0.00186
1247.70826,0.00118
1246.74403,0.00060
1245.77981,0.00025
1244.81558,0.00019
1243.85135,0.00045
1242.88713,0.00091
1241.92290,0.00134
1240.95868,0.00154
1239.99445,0.00152
1239.03023,0.00139
1238.06600,0.00125
1237.10177,0.00111
1236.13755,0.00102
1235.17332,0.00115
1234.20910,0.00157
1233.24487,0.00210
1232.28064,0.00241
1231.31642,0.00235
1230.35219,0.00203
1229.38797,0.00167
1228.42374,0.00134
1227.45951,0.00096
1226.49529,0.00054
1225.53106,0.00023
1224.56684,0.00016
1223.60261,0.00026
1222.63839,0.00041
1221.67416,0.00061
1220.70993,0.00104
1219.74571,0.00181
1218.78148,0.00289
1217.81726,0.00398
1216.85303,0.00476
1215.88880,0.00492
1214.92458,0.00436
1213.96035,0.00328
1212.99613,0.00220
1212.03190,0.00164
1211.06768,0.00167
1210.10345,0.00188
1209.13922,0.00176
1208.17500,0.00112
1207.21077,0.00023
1206.24655,-0.00056
1205.28232,-0.00107
1204.31809,-0.00127
1203.35387,-0.00109
1202.38964,-0.00050
1201.42542,0.00033
1200.46119,0.00095
1199.49697,0.00104
1198.53274,0.00071
1197.56851,0.00038
1196.60429,0.00035
1195.64006,0.00051
1194.67584,0.00053
1193.71161,0.00028
1192.74738,-0.00009
1191.78316,-0.00036
1190.81893,-0.00049
1189.85471,-0.00055
1188.89048,-0.00052
1187.92625,-0.00031
1186.96203,0.00010
1185.99780,0.00053
1185.03358,0.00083
1184.06935,0.00101
1183.10513,0.00126
1182.14090,0.00166
1181.17667,0.00198
1180.21245,0.00196
1179.24822,0.00151
1178.28400,0.00085
1177.31977,0.00019
1176.35554,-0.00049
1175.39132,-0.00131
1174.42709,-0.00218
1173.46287,-0.00270
1172.49864,-0.00249
1171.53442,-0.00165
1170.57019,-0.00075
1169.60596,-0.00026
1168.64174,-0.00001
1167.67751,0.00061
1166.71329,0.00194
1165.74906,0.00348
1164.78483,0.00431
1163.82061,0.00392
1162.85638,0.00272
1161.89216,0.00164
1160.92793,0.00131
1159.96370,0.00161
1158.99948,0.00193
1158.03525,0.00179
1157.07103,0.00122
1156.10680,0.00066
1155.14258,0.00047
1154.17835,0.00062
1153.21412,0.00080
1152.24990,0.00074
1151.28567,0.00053
1150.32145,0.00057
1149.35722,0.00103
1148.39299,0.00156
1147.42877,0.00153
1146.46454,0.00062
1145.50032,-0.00080
1144.53609,-0.00209
1143.57187,-0.00292
1142.60764,-0.00340
1141.64341,-0.00365
1140.67919,-0.00350
1139.71496,-0.00266
1138.75074,-0.00125
1137.78651,0.00024
1136.82228,0.00143
1135.85806,0.00237
1134.89383,0.00321
1133.92961,0.00381
1132.96538,0.00389
1132.00116,0.00350
1131.03693,0.00305
1130.07270,0.00276
1129.10848,0.00232
1128.14425,0.00119
1127.18003,-0.00069
1126.21580,-0.00284
1125.25157,-0.00466
1124.28735,-0.00581
1123.32312,-0.00612
1122.35890,-0.00540
1121.39467,-0.00378
1120.43044,-0.00191
1119.46622,-0.00053
1118.50199,0.00036
1117.53777,0.00148
1116.57354,0.00314
1115.60932,0.00437
1114.64509,0.00366
1113.68086,0.00074
1112.71664,-0.00273
1111.75241,-0.00451
1110.78819,-0.00377
1109.82396,-0.00154
1108.85973,0.00065
1107.89551,0.00218
1106.93128,0.00320
1105.96706,0.00371
1105.00283,0.00326
1104.03861,0.00175
1103.07438,0.00005
1102.11015,-0.00062
1101.14593,0.00011
1100.18170,0.00146
1099.21748,0.00227
1098.25325,0.00201
1097.28902,0.00093
1096.32480,-0.00041
1095.36057,-0.00156
1094.39635,-0.00214
1093.43212,-0.00183
1092.46790,-0.00057
1091.50367,0.00112
1090.53944,0.00237
1089.57522,0.00261
1088.61099,0.00202
1087.64677,0.00135
1086.68254,0.00128
1085.71831,0.00187
1084.75409,0.00267
1083.78986,0.00322
1082.82564,0.00358
1081.86141,0.00411
1080.89718,0.00491
1079.93296,0.00555
1078.96873,0.00545
1078.00451,0.00455
1077.04028,0.00360
1076.07606,0.00350
1075.11183,0.00442
1074.14760,0.00569
1073.18338,0.00640
1072.21915,0.00607
1071.25493,0.00481
1070.29070,0.00296
1069.32647,0.00089
1068.36225,-0.00098
1067.39802,-0.00215
1066.43380,-0.00226
1065.46957,-0.00138
1064.50535,0.00006
1063.54112,0.00160
1062.57689,0.00284
1061.61267,0.00339
1060.64844,0.00285
1059.68422,0.00118
1058.71999,-0.00100
1057.75576,-0.00270
1056.79154,-0.00320
1055.82731,-0.00258
1054.86309,-0.00152
1053.89886,-0.00065
1052.93463,-0.00018
1051.97041,0.00003
1051.00618,0.00023
1050.04196,0.00060
1049.07773,0.00127
1048.11351,0.00218
1047.14928,0.00308
1046.18505,0.00372
1045.22083,0.00416
1044.25660,0.00467
1043.29238,0.00539
1042.32815,0.00602
1041.36392,0.00610
1040.39970,0.00554
1039.43547,0.00470
1038.47125,0.00395
1037.50702,0.00323
1036.54280,0.00219
1035.57857,0.00080
1034.61434,-0.00048
1033.65012,-0.00109
1032.68589,-0.00091
1031.72167,-0.00033
1030.75744,0.00015
1029.79321,0.00036
1028.82899,0.00041
1027.86476,0.00047
1026.90054,0.00060
1025.93631,0.00084
1024.97209,0.00126
1024.00786,0.00181
1023.04363,0.00235
1022.07941,0.00278
1021.11518,0.00320
1020.15096,0.00370
1019.18673,0.00417
1018.22250,0.00420
1017.25828,0.00348
1016.29405,0.00204
1015.32983,0.00025
1014.36560,-0.00146
1013.40137,-0.00277
1012.43715,-0.00335
1011.47292,-0.00297
1010.50870,-0.00158
1009.54447,0.00047
1008.58025,0.00258
1007.61602,0.00425
1006.65179,0.00526
1005.68757,0.00559
1004.72334,0.00523
1003.75912,0.00424
1002.79489,0.00287
1001.83066,0.00156
1000.86644,0.00058
999.90221,-0.00016
998.93799,-0.00090
997.97376,-0.00157
997.00954,-0.00160
996.04531,-0.00042
995.08108,0.00191
994.11686,0.00433
993.15263,0.00543
992.18841,0.00435
991.22418,0.00145
990.25995,-0.00189
989.29573,-0.00411
988.33150,-0.00440
987.36728,-0.00309
986.40305,-0.00128
985.43882,-0.00005
984.47460,0.00028
983.51037,0.00017
982.54615,0.00025
981.58192,0.00065
980.61770,0.00102
979.65347,0.00113
978.68924,0.00140
977.72502,0.00252
976.76079,0.00445
975.79657,0.00609
974.83234,0.00614
973.86811,0.00452
972.90389,0.00270
971.93966,0.00219
970.97544,0.00291
970.01121,0.00330
969.04699,0.00209
968.08276,-0.00020
967.11853,-0.00173
966.15431,-0.00109
965.19008,0.00156
964.22586,0.00506
963.26163,0.00830
962.29740,0.01057
961.33318,0.01118
960.36895,0.00971
959.40473,0.00679
958.44050,0.00415
957.47628,0.00322
956.51205,0.00356
955.54782,0.00317
954.58360,0.00054
953.61937,-0.00361
952.65515,-0.00694
951.69092,-0.00761
950.72669,-0.00574
949.76247,-0.00275
948.79824,0.00008
947.83402,0.00228
946.86979,0.00374
945.90556,0.00432
944.94134,0.00399
943.97711,0.00326
943.01289,0.00303
942.04866,0.00395
941.08444,0.00580
940.12021,0.00758
939.15598,0.00804
938.19176,0.00648
937.22753,0.00313
936.26331,-0.00082
935.29908,-0.00385
934.33485,-0.00480
933.37063,-0.00343
932.40640,-0.00044
931.44218,0.00281
930.47795,0.00486
929.51373,0.00474
928.54950,0.00271
927.58527,0.00033
926.62105,-0.00050
925.65682,0.00096
924.69260,0.00371
923.72837,0.00594
922.76414,0.00652
921.79992,0.00544
920.83569,0.00318
919.87147,0.00018
918.90724,-0.00280
917.94302,-0.00430
916.97879,-0.00309
916.01456,0.00044
915.05034,0.00393
914.08611,0.00494
913.12189,0.00300
912.15766,-0.00007
911.19343,-0.00200
910.22921,-0.00197
909.26498,-0.00069
908.30076,0.00077
907.33653,0.00182
906.37230,0.00234
905.40808,0.00234
904.44385,0.00199
903.47963,0.00169
902.51540,0.00169
901.55118,0.00163
900.58695,0.00074
899.62272,-0.00140
898.65850,-0.00419
897.69427,-0.00628
896.73005,-0.00632
895.76582,-0.00382
894.80159,0.00056
893.83737,0.00541
892.87314,0.00937
891.90892,0.01181
890.94469,0.01276
889.98047,0.01222
889.01624,0.00979
888.05201,0.00545
887.08779,0.00045
886.12356,-0.00301
885.15934,-0.00354
884.19511,-0.00196
883.23088,-0.00038
882.26666,-0.00003
881.30243,-0.00053
880.33821,-0.00102
879.37398,-0.00151
878.40975,-0.00231
877.44553,-0.00280
876.48130,-0.00171
875.51708,0.00110
874.55285,0.00399
873.58863,0.00512
872.62440,0.00450
871.66017,0.00366
870.69595,0.00347
869.73172,0.00314
868.76750,0.00171
867.80327,-0.00013
866.83904,-0.00080
865.87482,-0.00021
864.91059,-0.00036
863.94637,-0.00312
862.98214,-0.00791
862.01792,-0.01194
861.05369,-0.01302
860.08946,-0.01130
859.12524,-0.00841
858.16101,-0.00553
857.19679,-0.00286
856.23256,-0.00033
855.26833,0.00194
854.30411,0.00400
853.33988,0.00615
852.37566,0.00833
851.41143,0.00957
850.44721,0.00888
849.48298,0.00650
848.51875,0.00416
847.55453,0.00359
846.59030,0.00506
845.62608,0.00729
844.66185,0.00896
843.69762,0.00985
842.73340,0.01073
841.76917,0.01207
840.80495,0.01324
839.84072,0.01279
838.87649,0.00973
837.91227,0.00468
836.94804,-0.00030
835.98382,-0.00315
835.01959,-0.00329
834.05537,-0.00183
833.09114,-0.00026
832.12691,0.00080
831.16269,0.00152
830.19846,0.00199
829.23424,0.00204
828.27001,0.00191
827.30578,0.00240
826.34156,0.00388
825.37733,0.00522
824.41311,0.00475
823.44888,0.00239
822.48466,0.00052
821.52043,0.00192
820.55620,0.00674
819.59198,0.01184
818.62775,0.01345
817.66353,0.01041
816.69930,0.00484
815.73507,0.00038
814.77085,-0.00039
813.80662,0.00271
812.84240,0.00768
811.87817,0.01180
810.91395,0.01324
809.94972,0.01193
808.98549,0.00899
808.02127,0.00554
807.05704,0.00187
806.09282,-0.00191
805.12859,-0.00487
804.16436,-0.00543
803.20014,-0.00286
802.23591,0.00160
801.27169,0.00549
800.30746,0.00703
799.34323,0.00612
798.37901,0.00391
797.41478,0.00177
796.45056,0.00068
795.48633,0.00110
794.52211,0.00271
793.55788,0.00436
792.59365,0.00484
791.62943,0.00391
790.66520,0.00258
789.70098,0.00204
788.73675,0.00249
787.77252,0.00294
786.80830,0.00233
785.84407,0.00058
784.87985,-0.00145
783.91562,-0.00276
782.95140,-0.00295
781.98717,-0.00222
781.02294,-0.00098
780.05872,0.00036
779.09449,0.00148
778.13027,0.00220
777.16604,0.00244
776.20181,0.00229
775.23759,0.00201
774.27336,0.00186
773.30914,0.00178
772.34491,0.00147
771.38068,0.00079
770.41646,0.00029
769.45223,0.00088
768.48801,0.00270
767.52378,0.00437
766.55956,0.00392
765.59533,0.00073
764.63110,-0.00359
763.66688,-0.00634
762.70265,-0.00592
761.73843,-0.00284
760.77420,0.00113
759.80997,0.00422
758.84575,0.00523
757.88152,0.00362
756.91730,-0.00003
755.95307,-0.00374
754.98885,-0.00515
754.02462,-0.00348
753.06039,-0.00024
752.09617,0.00219
751.13194,0.00279
750.16772,0.00242
749.20349,0.00229
748.23926,0.00243
747.27504,0.00193
746.31081,0.00033
745.34659,-0.00178
744.38236,-0.00341
743.41814,-0.00400
742.45391,-0.00345
741.48968,-0.00179
740.52546,0.00080
739.56123,0.00383
738.59701,0.00658
737.63278,0.00848
736.66855,0.00902
735.70433,0.00757
734.74010,0.00391
733.77588,-0.00095
732.81165,-0.00491
731.84742,-0.00639
730.88320,-0.00579
729.91897,-0.00483
728.95475,-0.00446
727.99052,-0.00390
727.02630,-0.00215
726.06207,0.00008
725.09784,0.00076
724.13362,-0.00097
723.16939,-0.00336
722.20517,-0.00349
721.24094,-0.00047
720.27671,0.00366
719.31249,0.00600
718.34826,0.00550
717.38404,0.00352
716.41981,0.00216
715.45559,0.00239
714.49136,0.00362
713.52713,0.00456
712.56291,0.00426
711.59868,0.00274
710.63446,0.00076
709.67023,-0.00069
708.70600,-0.00093
707.74178,0.00010
706.77755,0.00190
705.81333,0.00364
704.84910,0.00447
703.88487,0.00393
702.92065,0.00241
701.95642,0.00112
700.99220,0.00118
700.02797,0.00267
699.06375,0.00451
698.09952,0.00540
697.13529,0.00505
696.17107,0.00425
695.20684,0.00385
694.24262,0.00391
693.27839,0.00390
692.31416,0.00342
691.34994,0.00240
690.38571,0.00074
689.42149,-0.00152
688.45726,-0.00372
687.49304,-0.00454
686.52881,-0.00317
685.56458,-0.00046
684.60036,0.00178
683.63613,0.00252
682.67191,0.00247
681.70768,0.00299
680.74345,0.00446
679.77923,0.00593
678.81500,0.00648
677.85078,0.00631
676.88655,0.00627
675.92233,0.00653
674.95810,0.00618
673.99387,0.00416
673.02965,0.00045
672.06542,-0.00372
671.10120,-0.00668
670.13697,-0.00730
669.17274,-0.00544
668.20852,-0.00233
667.24429,-0.00041
666.28007,-0.00181
665.31584,-0.00635
664.35161,-0.01145
663.38739,-0.01394
662.42316,-0.01200
661.45894,-0.00645
660.49471,-0.00030
659.53049,0.00348
658.56626,0.00388
657.60203,0.00210
656.63781,0.00009
655.67358,-0.00121
654.70936,-0.00227
653.74513,-0.00391
652.78090,-0.00608
651.81668,-0.00788
650.85245,-0.00852
649.88823,-0.00792
648.92400,-0.00635
647.95978,-0.00408
646.99555,-0.00157
646.03132,0.00026
645.06710,0.00077
644.10287,0.00058
643.13865,0.00134
642.17442,0.00413
641.21019,0.00800
640.24597,0.01077
639.28174,0.01127
638.31752,0.01010
637.35329,0.00813
636.38907,0.00500
635.42484,0.00023
634.46061,-0.00458
633.49639,-0.00598
632.53216,-0.00215
631.56794,0.00464
630.60371,0.00985
629.63948,0.01106
628.67526,0.00973
627.71103,0.00879
626.74681,0.00919
625.78258,0.00969
624.81835,0.00902
623.85413,0.00711
622.88990,0.00410
621.92568,-0.00012
620.96145,-0.00511
619.99723,-0.00936
619.03300,-0.01148
618.06877,-0.01161
617.10455,-0.01084
616.14032,-0.00948
615.17610,-0.00722
614.21187,-0.00509
613.24764,-0.00557
612.28342,-0.00962
611.31919,-0.01443
610.35497,-0.01536
609.39074,-0.01103
608.42652,-0.00530
607.46229,-0.00304
606.49806,-0.00472
605.53384,-0.00689
604.56961,-0.00697
603.60539,-0.00569
602.64116,-0.00458
601.67693,-0.00336
600.71271,-0.00107
599.74848,0.00093
598.78426,-0.00063
597.82003,-0.00720
596.85580,-0.01630
595.89158,-0.02356
594.92735,-0.02681
593.96313,-0.02679
592.99890,-0.02445
592.03468,-0.01946
591.07045,-0.01195
590.10622,-0.00409
589.14200,0.00163
588.17777,0.00471
587.21355,0.00630
586.24932,0.00668
585.28509,0.00436
584.32087,-0.00174
583.35664,-0.00983
582.39242,-0.01552
581.42819,-0.01474
580.46397,-0.00689
579.49974,0.00419
578.53551,0.01246
577.57129,0.01384
576.60706,0.00967
575.64284,0.00498
574.67861,0.00395
573.71438,0.00633
572.75016,0.00860
571.78593,0.00901
570.82171,0.00944
569.85748,0.01135
568.89326,0.01175
567.92903,0.00582
566.96480,-0.00524
566.00058,-0.01205
565.03635,-0.00583
564.07213,0.01137
563.10790,0.02732
562.14367,0.03397
561.17945,0.03611
560.21522,0.04114
559.25100,0.04591
558.28677,0.03824
557.32254,0.01246
556.35832,-0.02105
555.39409,-0.04788
554.42987,-0.06090
553.46564,-0.06246
552.50142,-0.05530
551.53719,-0.03932
550.57296,-0.01602
549.60874,0.01004
548.64451,0.03248
547.68029,0.04870
546.71606,0.05524
545.75183,0.04447
544.78761,0.01741
543.82338,-0.00414
542.85916,0.00897
541.89493,0.04757
540.93071,0.05200
539.96648,-0.00705
539.00225,-0.09846
538.03803,-0.15534
537.07380,-0.13918
536.10958,-0.07153
535.14535,0.00103
534.18112,0.06595
533.21690,0.13288
532.25267,0.19370
531.28845,0.19644
530.32422,0.11577
529.36000,0.00546
528.39577,-0.08601
527.43154,-0.14982
526.46732,-0.20421
525.50309,-0.25305
524.53887,-0.26222
523.57464,-0.19022
522.61041,-0.02963
521.64619,0.14561
520.68196,0.26046
519.71774,0.30830
518.75351,0.30371
517.78928,0.25408
516.82506,0.18025
515.86083,0.13946
514.89661,0.13581
513.93238,0.12440
512.96816,0.07367
512.00393,-0.00384
511.03970,-0.06721
510.07548,-0.09952
509.11125,-0.10506
508.14703,-0.08669
507.18280,-0.03395
506.21857,0.06090
505.25435,0.18286
504.29012,0.28542
503.32590,0.29803
502.36167,0.20353
501.39745,0.06838
500.43322,-0.04583
499.46899,-0.11845
498.50477,-0.15038
497.54054,-0.14016
496.57632,-0.09831
495.61209,-0.04531
494.64786,-0.02662
493.68364,-0.03706
492.71941,-0.04121
491.75519,0.05472
490.79096,0.23313
489.82673,0.37176
488.86251,0.36648
487.89828,0.31520
486.93406,0.34601
485.96983,0.48581
485.00561,0.53615
484.04138,0.35515
483.07715,0.15252
482.11293,0.03011
481.14870,-0.02320
480.18448,0.00150
479.22025,0.08155
478.25602,0.18021
477.29180,0.28311
476.32757,0.33989
475.36335,0.32295
474.39912,0.23530
473.43490,0.15025
472.47067,0.06544
471.50644,-0.01837
470.54222,-0.10638
469.57799,-0.18526
468.61377,-0.23157
467.64954,-0.24319
466.68531,-0.21281
465.72109,-0.14610
464.75686,-0.05044
463.79264,0.06986
462.82841,0.19996
461.86419,0.30660
460.89996,0.34594
459.93573,0.29567
458.97151,0.21015
458.00728,0.18036
457.04306,0.25793
456.07883,0.36477
455.11460,0.38405
454.15038,0.26580
453.18615,0.09257
452.22193,-0.03510
451.25770,-0.03790
450.29347,0.06801
449.32925,0.22010
448.36502,0.35687
447.40080,0.40520
446.43657,0.32931
445.47235,0.19343
444.50812,0.15300
443.54389,0.26089
442.57967,0.37884
441.61544,0.40641
440.65122,0.29314
439.68699,0.08337
438.72276,-0.09668
437.75854,-0.14079
436.79431,-0.06104
435.83009,0.08775
434.86586,0.30738
433.90164,0.57199
432.93741,0.77585
431.97318,0.73367
431.00896,0.48483
430.04473,0.20443
429.08051,-0.08583
428.11628,-0.40449
427.15205,-0.61883
426.18783,-0.53236
425.22360,-0.35360
424.25938,-0.19433
423.29515,-0.03932
422.33092,0.17101
421.36670,0.43185
420.40247,0.62332
419.43825,0.56167
418.47402,0.35256
417.50980,0.13516
416.54557,-0.02536
415.58134,-0.06955
414.61712,0.01123
413.65289,0.14082
412.68867,0.23438
411.72444,0.23272
410.76021,0.08082
409.79599,-0.11619
408.83176,-0.19357
407.86754,-0.16869
406.90331,-0.09969
405.93909,-0.01296
404.97486,0.06407
404.01063,0.08987
403.04641,0.04811
402.08218,-0.02303
401.11796,-0.08561
400.15373,-0.07315
399.18950,0.09058
398.22528,0.29439
397.26105,0.27783
396.29683,0.17191
395.33260,0.05789
394.36838,0.00763
393.40415,0.05736
392.43992,0.17294
391.47570,0.29096
390.51147,0.32296
389.54725,0.26095
388.58302,0.13603
387.61879,-0.00288
386.65457,-0.13866
385.69034,-0.24300
384.72612,-0.23852
383.76189,-0.09682
382.79766,0.08156
381.83344,0.20374
380.86921,0.25396
379.90499,0.25672
378.94076,0.24328
377.97654,0.24303
377.01231,0.28047
376.04808,0.29647
375.08386,0.26327
374.11963,0.19784
373.15541,0.14479
372.19118,0.10358
371.22695,0.15421
370.26273,0.32641
369.29850,0.54957
368.33428,0.62859
367.37005,0.45538
366.40583,0.15028
365.44160,-0.18319
364.47737,-0.49510
363.51315,-0.65393
362.54892,-0.60289
361.58470,-0.56810
360.62047,-0.38412
359.65624,-0.10800
358.69202,0.04268
357.72779,0.01899
356.76357,-0.03496
355.79934,-0.06084
354.83512,-0.07178
353.87089,-0.09028
352.90666,-0.08473
351.94244,0.02108
350.97821,0.22711
350.01399,0.47264
349.04976,0.59563
